BLE,1670727600341068248,42:82:F6:CB:7B:27,-98
BLE,1670727600549612693,EB:CE:A9:85:53:E6,-79
BLE,1670727600610951371,42:82:F6:CB:7B:27,-92
BLE,1670727601268541447,65:6D:E9:9C:99:EE,-88
BLE,1670727601715121273,61:77:15:FE:A4:6A,-90
BLE,1670727601785938587,65:6D:E9:9C:99:EE,-91
BLE,1670727602345599218,61:77:15:FE:A4:6A,-101
BLE,1670727602526855242,61:77:15:FE:A4:6A,-101
BLE,1670727602554881571,EB:CE:A9:85:53:E6,-80
BLE,1670727602623305371,63:DD:A1:67:56:A8,-95
BLE,1670727603091753310,61:77:15:FE:A4:6A,-100
BLE,1670727603340410105,65:6D:E9:9C:99:EE,-87
BLE,1670727603597331842,42:82:F6:CB:7B:27,-99
BLE,1670727603867223590,42:82:F6:CB:7B:27,-99
BLE,1670727604104965267,65:6D:E9:9C:99:EE,-99
BLE,1670727604289336462,63:DD:A1:67:56:A8,-97
BLE,1670727604408411443,42:82:F6:CB:7B:27,-100
BLE,1670727604558831964,EB:CE:A9:85:53:E6,-81
BLE,1670727604619501650,65:6D:E9:9C:99:EE,-102
BLE,1670727605223515871,42:82:F6:CB:7B:27,-89
BLE,1670727605385210464,65:6D:E9:9C:99:EE,-86
BLE,1670727605492416922,42:82:F6:CB:7B:27,-100
BLE,1670727605664440516,63:DD:A1:67:56:A8,-85
BLE,1670727605762340003,42:82:F6:CB:7B:27,-88
BLE,1670727606562658401,EB:CE:A9:85:53:E6,-81
BLE,1670727606763060069,63:DD:A1:67:56:A8,-86
BLE,1670727607750646210,61:77:15:FE:A4:6A,-89
BLE,1670727607814561690,EC:53:06:D9:76:BD,-101
BLE,1670727607871184049,63:DD:A1:67:56:A8,-98
BLE,1670727607956763810,42:82:F6:CB:7B:27,-88
BLE,1670727608210986121,42:82:F6:CB:7B:27,-89
BLE,1670727608487471831,42:82:F6:CB:7B:27,-101
BLE,1670727608494236458,61:77:15:FE:A4:6A,-103
BLE,1670727608513129022,65:6D:E9:9C:99:EE,-88
BLE,1670727608563829786,EB:CE:A9:85:53:E6,-82
BLE,1670727608752240474,42:82:F6:CB:7B:27,-88
BLE,1670727609293521826,42:82:F6:CB:7B:27,-87
BLE,1670727609559170583,63:DD:A1:67:56:A8,-84
BLE,1670727609570026078,42:82:F6:CB:7B:27,-90
BLE,1670727609834768721,42:82:F6:CB:7B:27,-89
BLE,1670727610369836898,63:DD:A1:67:56:A8,-85
BLE,1670727611470627925,63:DD:A1:67:56:A8,-98
BLE,1670727612288854398,42:82:F6:CB:7B:27,-88
BLE,1670727612567962285,EB:CE:A9:85:53:E6,-68
BLE,1670727612651415279,65:6D:E9:9C:99:EE,-88
BLE,1670727613098629515,42:82:F6:CB:7B:27,-99
BLE,1670727613327212969,61:77:15:FE:A4:6A,-102
BLE,1670727613892130662,61:77:15:FE:A4:6A,-94
BLE,1670727613967491378,14:BB:6E:11:32:18,-91
BLE,1670727614630509889,61:77:15:FE:A4:6A,-90
BLE,1670727614737621640,42:82:F6:CB:7B:27,-86
BLE,1670727615007414347,42:82:F6:CB:7B:27,-88
BLE,1670727615240669911,65:6D:E9:9C:99:EE,-101
BLE,1670727615277417927,42:82:F6:CB:7B:27,-88
BLE,1670727615547384590,42:82:F6:CB:7B:27,-100
BLE,1670727615757754513,61:77:15:FE:A4:6A,-100
BLE,1670727615879486047,63:DD:A1:67:56:A8,-96
BLE,1670727616087362917,42:82:F6:CB:7B:27,-99
BLE,1670727616149471376,63:DD:A1:67:56:A8,-97
BLE,1670727616278152284,65:6D:E9:9C:99:EE,-100
BLE,1670727616357368705,42:82:F6:CB:7B:27,-99
BLE,1670727616513395991,61:77:15:FE:A4:6A,-101
BLE,1670727616572957482,EB:CE:A9:85:53:E6,-81
BLE,1670727616897815359,42:82:F6:CB:7B:27,-98
BLE,1670727617441461683,42:82:F6:CB:7B:27,-89
BLE,1670727617444391189,61:77:15:FE:A4:6A,-89
BLE,1670727617560350250,65:6D:E9:9C:99:EE,-88
BLE,1670727618078734545,65:6D:E9:9C:99:EE,-88
BLE,1670727618572640218,EB:CE:A9:85:53:E6,-68
BLE,1670727619380473734,65:6D:E9:9C:99:EE,-96
BLE,1670727619704375872,63:DD:A1:67:56:A8,-96
BLE,1670727619895210156,65:6D:E9:9C:99:EE,-100
BLE,1670727620054706400,61:77:15:FE:A4:6A,-102
BLE,1670727620427504741,42:82:F6:CB:7B:27,-98
BLE,1670727620575166545,EB:CE:A9:85:53:E6,-79
BLE,1670727620666519903,65:6D:E9:9C:99:EE,-98
BLE,1670727620698664807,42:82:F6:CB:7B:27,-100
BLE,1670727620805599060,63:DD:A1:67:56:A8,-97
BLE,1670727621239998784,42:82:F6:CB:7B:27,-98
BLE,1670727621512651623,42:82:F6:CB:7B:27,-99
BLE,1670727621721682771,61:77:15:FE:A4:6A,-101
BLE,1670727622178291061,63:DD:A1:67:56:A8,-87
BLE,1670727622575344276,EB:CE:A9:85:53:E6,-79
BLE,1670727622664351703,61:77:15:FE:A4:6A,-99
BLE,1670727623279310585,63:DD:A1:67:56:A8,-97
BLE,1670727623409410475,61:77:15:FE:A4:6A,-103
BLE,1670727623419966556,42:82:F6:CB:7B:27,-100
BLE,1670727623550553066,63:DD:A1:67:56:A8,-97
BLE,1670727623690231841,42:82:F6:CB:7B:27,-102
BLE,1670727623822114127,63:DD:A1:67:56:A8,-86
BLE,1670727623961279700,42:82:F6:CB:7B:27,-97
BLE,1670727624235139442,42:82:F6:CB:7B:27,-99
BLE,1670727624532265153,65:6D:E9:9C:99:EE,-100
BLE,1670727624577889145,EB:CE:A9:85:53:E6,-65
BLE,1670727625190537845,63:DD:A1:67:56:A8,-86
BLE,1670727625274684623,61:77:15:FE:A4:6A,-92
BLE,1670727625566379858,65:6D:E9:9C:99:EE,-90
BLE,1670727625837290593,61:77:15:FE:A4:6A,-90
BLE,1670727625861903880,EC:53:06:D9:76:BD,-99
BLE,1670727626009357228,63:DD:A1:67:56:A8,-90
BLE,1670727626142607039,42:82:F6:CB:7B:27,-88
BLE,1670727626401151132,61:77:15:FE:A4:6A,-88
BLE,1670727626577872586,EB:CE:A9:85:53:E6,-80
BLE,1670727626957557510,42:82:F6:CB:7B:27,-98
BLE,1670727627120918875,65:6D:E9:9C:99:EE,-97
BLE,1670727627865283280,EC:53:06:D9:76:BD,-100
BLE,1670727628498245903,63:DD:A1:67:56:A8,-96
BLE,1670727628580462704,EB:CE:A9:85:53:E6,-80
BLE,1670727628675800305,65:6D:E9:9C:99:EE,-97
BLE,1670727629601815730,63:DD:A1:67:56:A8,-96
BLE,1670727629867888398,EC:53:06:D9:76:BD,-100
BLE,1670727629874209197,63:DD:A1:67:56:A8,-96
BLE,1670727629930799182,61:77:15:FE:A4:6A,-100
BLE,1670727630217651684,42:82:F6:CB:7B:27,-100
BLE,1670727630487814553,42:82:F6:CB:7B:27,-98
BLE,1670727630580015484,EB:CE:A9:85:53:E6,-80
BLE,1670727630702941586,63:DD:A1:67:56:A8,-96
BLE,1670727630744710207,65:6D:E9:9C:99:EE,-99
BLE,1670727631247962310,63:DD:A1:67:56:A8,-97
BLE,1670727631261209942,65:6D:E9:9C:99:EE,-98
BLE,1670727631610675022,61:77:15:FE:A4:6A,-103
BLE,1670727631777266640,65:6D:E9:9C:99:EE,-101
BLE,1670727631802248547,61:77:15:FE:A4:6A,-102
BLE,1670727632580189089,EB:CE:A9:85:53:E6,-80
BLE,1670727632814739513,65:6D:E9:9C:99:EE,-98
BLE,1670727632887994130,63:DD:A1:67:56:A8,-98
BLE,1670727632917141029,61:77:15:FE:A4:6A,-105
BLE,1670727632940160752,42:82:F6:CB:7B:27,-99
BLE,1670727633989249818,63:DD:A1:67:56:A8,-96
BLE,1670727634580397361,EB:CE:A9:85:53:E6,-79
BLE,1670727634882698385,65:6D:E9:9C:99:EE,-99
BLE,1670727635385731948,63:DD:A1:67:56:A8,-97
BLE,1670727636474253540,42:82:F6:CB:7B:27,-99
BLE,1670727636659507266,61:77:15:FE:A4:6A,-103
BLE,1670727636755211571,63:DD:A1:67:56:A8,-97
BLE,1670727636950597008,65:6D:E9:9C:99:EE,-98
BLE,1670727637030269173,63:DD:A1:67:56:A8,-96
BLE,1670727637225623985,61:77:15:FE:A4:6A,-98
BLE,1670727637301630153,63:DD:A1:67:56:A8,-95
BLE,1670727637784414002,61:77:15:FE:A4:6A,-103
BLE,1670727637964380458,61:77:15:FE:A4:6A,-105
BLE,1670727638237063755,65:6D:E9:9C:99:EE,-98
BLE,1670727638586678167,EB:CE:A9:85:53:E6,-79
BLE,1670727638667678900,63:DD:A1:67:56:A8,-85
BLE,1670727638938943048,63:DD:A1:67:56:A8,-96
BLE,1670727639211432722,63:DD:A1:67:56:A8,-96
BLE,1670727639273346810,61:77:15:FE:A4:6A,-97
BLE,1670727639733196435,42:82:F6:CB:7B:27,-99
BLE,1670727639826813348,61:77:15:FE:A4:6A,-105
BLE,1670727640004233085,42:82:F6:CB:7B:27,-89
BLE,1670727640015168579,61:77:15:FE:A4:6A,-91
BLE,1670727640274447538,42:82:F6:CB:7B:27,-100
BLE,1670727640544252495,42:82:F6:CB:7B:27,-87
BLE,1670727640578728746,61:77:15:FE:A4:6A,-102
BLE,1670727640589211578,EB:CE:A9:85:53:E6,-79
BLE,1670727640814256408,42:82:F6:CB:7B:27,-100
BLE,1670727640821861983,65:6D:E9:9C:99:EE,-88
BLE,1670727641073125330,65:6D:E9:9C:99:EE,-87
BLE,1670727641145163962,63:DD:A1:67:56:A8,-85
BLE,1670727641700542019,61:77:15:FE:A4:6A,-101
BLE,1670727641837566326,65:6D:E9:9C:99:EE,-100
BLE,1670727641901847594,EC:53:06:D9:76:BD,-100
BLE,1670727642350727559,65:6D:E9:9C:99:EE,-98
BLE,1670727642520218850,63:DD:A1:67:56:A8,-96
BLE,1670727642594272291,EB:CE:A9:85:53:E6,-80
BLE,1670727643624136006,63:DD:A1:67:56:A8,-97
BLE,1670727643637424679,65:6D:E9:9C:99:EE,-88
BLE,1670727643903478931,EC:53:06:D9:76:BD,-89
BLE,1670727644454154421,63:DD:A1:67:56:A8,-83
BLE,1670727644559737357,C8:B2:1E:C1:4C:16,-101
BLE,1670727644596813243,EB:CE:A9:85:53:E6,-65
BLE,1670727645001322785,63:DD:A1:67:56:A8,-92
BLE,1670727645189807264,65:6D:E9:9C:99:EE,-98
BLE,1670727645770324144,61:77:15:FE:A4:6A,-100
BLE,1670727645968100677,42:82:F6:CB:7B:27,-99
BLE,1670727646238384295,42:82:F6:CB:7B:27,-100
BLE,1670727646510542974,42:82:F6:CB:7B:27,-99
BLE,1670727646598182043,EB:CE:A9:85:53:E6,-80
BLE,1670727646660064130,63:DD:A1:67:56:A8,-95
BLE,1670727646715628544,61:77:15:FE:A4:6A,-101
BLE,1670727646930103001,63:DD:A1:67:56:A8,-96
BLE,1670727647233524803,65:6D:E9:9C:99:EE,-100
BLE,1670727647458410927,61:77:15:FE:A4:6A,-101
BLE,1670727648029497420,63:DD:A1:67:56:A8,-97
BLE,1670727648585256890,61:77:15:FE:A4:6A,-91
BLE,1670727648599448260,EB:CE:A9:85:53:E6,-71
BLE,1670727648786694879,65:6D:E9:9C:99:EE,-98
BLE,1670727649403962191,63:DD:A1:67:56:A8,-97
BLE,1670727649499403041,42:82:F6:CB:7B:27,-88
BLE,1670727649770631397,42:82:F6:CB:7B:27,-100
BLE,1670727649824121919,65:6D:E9:9C:99:EE,-88
BLE,1670727649871363850,61:77:15:FE:A4:6A,-89
BLE,1670727650040603144,42:82:F6:CB:7B:27,-89
BLE,1670727650310681014,42:82:F6:CB:7B:27,-87
BLE,1670727650338608595,65:6D:E9:9C:99:EE,-91
BLE,1670727650507516267,63:DD:A1:67:56:A8,-97
BLE,1670727650789345955,61:77:15:FE:A4:6A,-101
BLE,1670727651136543687,14:BB:6E:11:32:18,-100
BLE,1670727652143966131,65:6D:E9:9C:99:EE,-99
BLE,1670727652170096566,63:DD:A1:67:56:A8,-97
BLE,1670727652441267257,63:DD:A1:67:56:A8,-95
BLE,1670727652490647245,42:82:F6:CB:7B:27,-89
BLE,1670727652604461957,EB:CE:A9:85:53:E6,-79
BLE,1670727652660755112,61:77:15:FE:A4:6A,-101
BLE,1670727652763142503,42:82:F6:CB:7B:27,-98
BLE,1670727653274084513,63:DD:A1:67:56:A8,-94
BLE,1670727653304490563,42:82:F6:CB:7B:27,-100
BLE,1670727653545032581,63:DD:A1:67:56:A8,-96
BLE,1670727653777943816,61:77:15:FE:A4:6A,-103
BLE,1670727653917476343,EC:53:06:D9:76:BD,-100
BLE,1670727654213666899,65:6D:E9:9C:99:EE,-99
BLE,1670727654373730428,63:DD:A1:67:56:A8,-96
BLE,1670727654524068617,61:77:15:FE:A4:6A,-104
BLE,1670727654647529337,63:DD:A1:67:56:A8,-84
BLE,1670727655746528136,63:DD:A1:67:56:A8,-86
BLE,1670727655762630275,65:6D:E9:9C:99:EE,-89
BLE,1670727655833196341,61:77:15:FE:A4:6A,-91
BLE,1670727656605113331,EB:CE:A9:85:53:E6,-81
BLE,1670727656849859465,14:BB:6E:11:32:18,-100
BLE,1670727656853765085,63:DD:A1:67:56:A8,-95
BLE,1670727658244103372,63:DD:A1:67:56:A8,-98
BLE,1670727658352005905,65:6D:E9:9C:99:EE,-100
BLE,1670727658438408114,61:77:15:FE:A4:6A,-104
BLE,1670727658515073899,63:DD:A1:67:56:A8,-95
BLE,1670727658747031270,42:82:F6:CB:7B:27,-99
BLE,1670727658786325213,63:DD:A1:67:56:A8,-96
BLE,1670727658869620585,65:6D:E9:9C:99:EE,-98
BLE,1670727659017031683,42:82:F6:CB:7B:27,-101
BLE,1670727659290754760,42:82:F6:CB:7B:27,-100
BLE,1670727659383576808,65:6D:E9:9C:99:EE,-99
BLE,1670727659560727923,42:82:F6:CB:7B:27,-101
BLE,1670727659830916542,42:82:F6:CB:7B:27,-99
BLE,1670727660100818832,42:82:F6:CB:7B:27,-99
BLE,1670727660156497536,63:DD:A1:67:56:A8,-96
BLE,1670727660614962261,EB:CE:A9:85:53:E6,-79
BLE,1670727660706287119,63:DD:A1:67:56:A8,-101
BLE,1670727660870215352,61:77:15:FE:A4:6A,-101
BLE,1670727661530082900,63:DD:A1:67:56:A8,-98
BLE,1670727661615043293,61:77:15:FE:A4:6A,-100
BLE,1670727661803990099,63:DD:A1:67:56:A8,-96
BLE,1670727662223070549,65:6D:E9:9C:99:EE,-99
BLE,1670727662548416545,42:82:F6:CB:7B:27,-99
BLE,1670727662740865935,65:6D:E9:9C:99:EE,-100
BLE,1670727662783849833,EB:36:96:6E:E3:65,-79
BLE,1670727662818325501,42:82:F6:CB:7B:27,-100
BLE,1670727663090840092,42:82:F6:CB:7B:27,-101
BLE,1670727663171252915,63:DD:A1:67:56:A8,-96
BLE,1670727663362149156,42:82:F6:CB:7B:27,-98
BLE,1670727663480814351,61:77:15:FE:A4:6A,-105
BLE,1670727664008980612,63:DD:A1:67:56:A8,-97
BLE,1670727664787911226,EB:36:96:6E:E3:65,-79
BLE,1670727664805623054,61:77:15:FE:A4:6A,-99
BLE,1670727664912298268,4D:9C:74:9B:42:A7,-100
BLE,1670727665107555624,63:DD:A1:67:56:A8,-96
BLE,1670727665576363474,65:6D:E9:9C:99:EE,-97
BLE,1670727666213686628,63:DD:A1:67:56:A8,-99
BLE,1670727666490342919,63:DD:A1:67:56:A8,-103
BLE,1670727666608998698,65:6D:E9:9C:99:EE,-98
BLE,1670727666787615420,EB:36:96:6E:E3:65,-79
BLE,1670727666856408050,61:77:15:FE:A4:6A,-101
BLE,1670727666892264867,42:82:F6:CB:7B:27,-99
BLE,1670727667037700948,61:77:15:FE:A4:6A,-94
BLE,1670727667375919289,65:6D:E9:9C:99:EE,-98
BLE,1670727667888854608,65:6D:E9:9C:99:EE,-99
BLE,1670727668520369998,61:77:15:FE:A4:6A,-103
BLE,1670727668686523829,63:DD:A1:67:56:A8,-96
BLE,1670727668788885513,EB:36:96:6E:E3:65,-80
BLE,1670727669441046154,61:77:15:FE:A4:6A,-100
BLE,1670727669519991411,63:DD:A1:67:56:A8,-96
BLE,1670727669613481659,42:82:F6:CB:7B:27,-87
BLE,1670727669623450581,61:77:15:FE:A4:6A,-89
BLE,1670727669887209986,42:82:F6:CB:7B:27,-99
BLE,1670727670158548216,42:82:F6:CB:7B:27,-93
BLE,1670727670208610321,65:6D:E9:9C:99:EE,-99
BLE,1670727670428486297,42:82:F6:CB:7B:27,-101
BLE,1670727670619987031,63:DD:A1:67:56:A8,-84
BLE,1670727670727714732,65:6D:E9:9C:99:EE,-100
BLE,1670727670792648117,EB:36:96:6E:E3:65,-79
BLE,1670727670892893950,63:DD:A1:67:56:A8,-84
BLE,1670727671492861012,61:77:15:FE:A4:6A,-90
BLE,1670727671722504245,63:DD:A1:67:56:A8,-98
BLE,1670727671992458117,63:DD:A1:67:56:A8,-95
BLE,1670727672012290545,65:6D:E9:9C:99:EE,-99
BLE,1670727672266251776,63:DD:A1:67:56:A8,-96
BLE,1670727672877290329,42:82:F6:CB:7B:27,-100
BLE,1670727673148997930,42:82:F6:CB:7B:27,-101
BLE,1670727673360522048,61:77:15:FE:A4:6A,-101
BLE,1670727673363683510,63:DD:A1:67:56:A8,-97
BLE,1670727673634929033,63:DD:A1:67:56:A8,-96
BLE,1670727673739204276,61:77:15:FE:A4:6A,-100
BLE,1670727673907508998,63:DD:A1:67:56:A8,-85
BLE,1670727674120675013,61:77:15:FE:A4:6A,-89
BLE,1670727674736295886,63:DD:A1:67:56:A8,-85
BLE,1670727674792790413,EB:36:96:6E:E3:65,-70
BLE,1670727674940359760,14:BB:6E:11:32:18,-90
BLE,1670727676138824818,42:82:F6:CB:7B:27,-100
BLE,1670727676172549620,61:77:15:FE:A4:6A,-102
BLE,1670727676664127613,65:6D:E9:9C:99:EE,-99
BLE,1670727676674849734,63:DD:A1:67:56:A8,-96
BLE,1670727676682304519,42:82:F6:CB:7B:27,-99
BLE,1670727676953498543,42:82:F6:CB:7B:27,-98
BLE,1670727677432736518,65:6D:E9:9C:99:EE,-98
BLE,1670727677488440763,61:77:15:FE:A4:6A,-102
BLE,1670727677504828066,63:DD:A1:67:56:A8,-97
BLE,1670727677946283413,65:6D:E9:9C:99:EE,-99
BLE,1670727677964672775,EC:53:06:D9:76:BD,-105
BLE,1670727678801666814,EB:36:96:6E:E3:65,-79
BLE,1670727679229282869,65:6D:E9:9C:99:EE,-98
BLE,1670727679941384121,42:82:F6:CB:7B:27,-99
BLE,1670727680211200328,42:82:F6:CB:7B:27,-99
BLE,1670727680483764752,42:82:F6:CB:7B:27,-99
BLE,1670727680511897580,65:6D:E9:9C:99:EE,-99
BLE,1670727680522340287,63:DD:A1:67:56:A8,-97
BLE,1670727680756016180,42:82:F6:CB:7B:27,-103
BLE,1670727681006347288,61:77:15:FE:A4:6A,-101
BLE,1670727681026059801,42:82:F6:CB:7B:27,-100
BLE,1670727682170145264,63:DD:A1:67:56:A8,-103
BLE,1670727682997496752,63:DD:A1:67:56:A8,-98
BLE,1670727683474949499,42:82:F6:CB:7B:27,-99
BLE,1670727683748580910,42:82:F6:CB:7B:27,-99
BLE,1670727684367925030,63:DD:A1:67:56:A8,-95
BLE,1670727684805646464,EB:36:96:6E:E3:65,-80
BLE,1670727685151402256,65:6D:E9:9C:99:EE,-87
BLE,1670727686011025980,63:DD:A1:67:56:A8,-97
BLE,1670727686196209457,42:82:F6:CB:7B:27,-88
BLE,1670727686282152588,63:DD:A1:67:56:A8,-86
BLE,1670727686466191370,42:82:F6:CB:7B:27,-89
BLE,1670727686553353112,63:DD:A1:67:56:A8,-96
BLE,1670727686809318402,EB:36:96:6E:E3:65,-79
BLE,1670727687006308737,42:82:F6:CB:7B:27,-100
BLE,1670727687276251692,42:82:F6:CB:7B:27,-101
BLE,1670727687384600720,63:DD:A1:67:56:A8,-95
BLE,1670727687546314188,42:82:F6:CB:7B:27,-98
BLE,1670727687940559520,61:77:15:FE:A4:6A,-100
BLE,1670727688088684819,42:82:F6:CB:7B:27,-101
BLE,1670727688219837322,63:DD:A1:67:56:A8,-98
BLE,1670727688358794397,42:82:F6:CB:7B:27,-99
BLE,1670727688631154032,42:82:F6:CB:7B:27,-97
BLE,1670727688809283177,EB:36:96:6E:E3:65,-80
BLE,1670727688901504649,42:82:F6:CB:7B:27,-101
BLE,1670727689171403772,42:82:F6:CB:7B:27,-98
BLE,1670727689322202746,63:DD:A1:67:56:A8,-96
BLE,1670727689441181687,42:82:F6:CB:7B:27,-99
BLE,1670727689711182684,42:82:F6:CB:7B:27,-98
BLE,1670727689981150139,42:82:F6:CB:7B:27,-100
BLE,1670727690153310856,63:DD:A1:67:56:A8,-96
BLE,1670727690546649699,61:77:15:FE:A4:6A,-103
BLE,1670727690809389617,EB:36:96:6E:E3:65,-80
BLE,1670727691544843546,63:DD:A1:67:56:A8,-97
BLE,1670727691605116486,65:6D:E9:9C:99:EE,-99
BLE,1670727691815894780,63:DD:A1:67:56:A8,-85
BLE,1670727692123840610,65:6D:E9:9C:99:EE,-89
BLE,1670727692430186044,61:77:15:FE:A4:6A,-92
BLE,1670727692645062413,65:6D:E9:9C:99:EE,-99
BLE,1670727693752282820,63:DD:A1:67:56:A8,-97
BLE,1670727693947288929,65:6D:E9:9C:99:EE,-98
BLE,1670727694320269476,42:82:F6:CB:7B:27,-99
BLE,1670727694590158765,42:82:F6:CB:7B:27,-100
BLE,1670727694810092490,EB:36:96:6E:E3:65,-81
BLE,1670727694855745357,63:DD:A1:67:56:A8,-96
BLE,1670727695224443372,61:77:15:FE:A4:6A,-102
BLE,1670727695733458613,14:BB:6E:11:32:18,-104
BLE,1670727696015126927,65:6D:E9:9C:99:EE,-100
BLE,1670727696227030707,63:DD:A1:67:56:A8,-97
BLE,1670727696352893566,61:77:15:FE:A4:6A,-101
BLE,1670727696498217439,63:DD:A1:67:56:A8,-96
BLE,1670727696531607829,65:6D:E9:9C:99:EE,-89
BLE,1670727696768213019,63:DD:A1:67:56:A8,-97
BLE,1670727696811304917,EB:36:96:6E:E3:65,-81
BLE,1670727697599494710,63:DD:A1:67:56:A8,-95
BLE,1670727698336556620,65:6D:E9:9C:99:EE,-98
BLE,1670727698399769608,61:77:15:FE:A4:6A,-101
BLE,1670727698584814504,61:77:15:FE:A4:6A,-101
BLE,1670727698661513663,42:82:F6:CB:7B:27,-98
BLE,1670727698813915993,EB:36:96:6E:E3:65,-82
BLE,1670727698933927588,42:82:F6:CB:7B:27,-99
BLE,1670727699141349505,61:77:15:FE:A4:6A,-102
BLE,1670727699323844640,61:77:15:FE:A4:6A,-101
BLE,1670727699533164742,63:DD:A1:67:56:A8,-98
BLE,1670727699878219126,61:77:15:FE:A4:6A,-91
BLE,1670727699884265178,65:6D:E9:9C:99:EE,-87
BLE,1670727700091563513,C8:B2:1E:C1:4C:16,-92
BLE,1670727700367121818,63:DD:A1:67:56:A8,-85
BLE,1670727700628053757,61:77:15:FE:A4:6A,-88
BLE,1670727700639476869,63:DD:A1:67:56:A8,-97
BLE,1670727700817706721,EB:36:96:6E:E3:65,-66
BLE,1670727701114082067,42:82:F6:CB:7B:27,-88
BLE,1670727701196924068,63:DD:A1:67:56:A8,-84
BLE,1670727701383935107,42:82:F6:CB:7B:27,-88
BLE,1670727701654214793,42:82:F6:CB:7B:27,-90
BLE,1670727701934041298,65:6D:E9:9C:99:EE,-88
BLE,1670727702111989639,61:77:15:FE:A4:6A,-91
BLE,1670727702197693745,42:82:F6:CB:7B:27,-89
BLE,1670727702295772453,61:77:15:FE:A4:6A,-102
BLE,1670727702467904364,42:82:F6:CB:7B:27,-88
BLE,1670727702573133029,63:DD:A1:67:56:A8,-95
BLE,1670727702738904891,42:82:F6:CB:7B:27,-99
BLE,1670727702821370410,EB:36:96:6E:E3:65,-66
BLE,1670727703776431425,61:77:15:FE:A4:6A,-101
BLE,1670727703946976855,63:DD:A1:67:56:A8,-95
BLE,1670727704880838455,61:77:15:FE:A4:6A,-91
BLE,1670727705187857720,42:82:F6:CB:7B:27,-88
BLE,1670727705311341834,65:6D:E9:9C:99:EE,-89
BLE,1670727705461468924,42:82:F6:CB:7B:27,-88
BLE,1670727705588262457,63:DD:A1:67:56:A8,-84
BLE,1670727705731434421,42:82:F6:CB:7B:27,-86
BLE,1670727705859812019,63:DD:A1:67:56:A8,-97
BLE,1670727706001396835,42:82:F6:CB:7B:27,-100
BLE,1670727706129722058,63:DD:A1:67:56:A8,-96
BLE,1670727706271446998,42:82:F6:CB:7B:27,-100
BLE,1670727706541462578,42:82:F6:CB:7B:27,-99
BLE,1670727706826552103,EB:36:96:6E:E3:65,-81
BLE,1670727707629334971,65:6D:E9:9C:99:EE,-100
BLE,1670727708603305803,63:DD:A1:67:56:A8,-96
BLE,1670727708877002089,63:DD:A1:67:56:A8,-103
BLE,1670727708989126089,42:82:F6:CB:7B:27,-97
BLE,1670727709169680524,61:77:15:FE:A4:6A,-102
BLE,1670727709179059121,65:6D:E9:9C:99:EE,-99
BLE,1670727709260346529,42:82:F6:CB:7B:27,-100
BLE,1670727709354387827,61:77:15:FE:A4:6A,-102
BLE,1670727709531603844,42:82:F6:CB:7B:27,-88
BLE,1670727709704535454,63:DD:A1:67:56:A8,-97
BLE,1670727709802841160,42:82:F6:CB:7B:27,-98
BLE,1670727710484180306,61:77:15:FE:A4:6A,-103
BLE,1670727710534459208,63:DD:A1:67:56:A8,-96
BLE,1670727710808204493,63:DD:A1:67:56:A8,-96
BLE,1670727710830528894,EB:36:96:6E:E3:65,-81
BLE,1670727711764549201,65:6D:E9:9C:99:EE,-98
BLE,1670727711783730556,61:77:15:FE:A4:6A,-102
BLE,1670727711910749754,63:DD:A1:67:56:A8,-96
BLE,1670727712150946647,61:77:15:FE:A4:6A,-101
BLE,1670727712521673987,42:82:F6:CB:7B:27,-100
BLE,1670727712791649193,42:82:F6:CB:7B:27,-102
BLE,1670727712799559224,65:6D:E9:9C:99:EE,-101
BLE,1670727712831819965,EB:36:96:6E:E3:65,-81
BLE,1670727713009438019,63:DD:A1:67:56:A8,-97
BLE,1670727713066516340,42:82:F6:CB:7B:27,-98
BLE,1670727714622261293,65:6D:E9:9C:99:EE,-98
BLE,1670727714654906655,63:DD:A1:67:56:A8,-84
BLE,1670727714835714713,EB:36:96:6E:E3:65,-66
BLE,1670727715489512811,63:DD:A1:67:56:A8,-97
BLE,1670727715500662262,61:77:15:FE:A4:6A,-94
BLE,1670727716032312771,EC:53:06:D9:76:BD,-92
BLE,1670727716178354367,65:6D:E9:9C:99:EE,-89
BLE,1670727716438548314,61:77:15:FE:A4:6A,-93
BLE,1670727716589569768,63:DD:A1:67:56:A8,-84
BLE,1670727716692883456,65:6D:E9:9C:99:EE,-89
BLE,1670727716809649900,61:77:15:FE:A4:6A,-99
BLE,1670727716838179894,EB:36:96:6E:E3:65,-82
BLE,1670727717188267522,61:77:15:FE:A4:6A,-99
BLE,1670727717406747923,42:82:F6:CB:7B:27,-99
BLE,1670727717729644707,65:6D:E9:9C:99:EE,-97
BLE,1670727717959598014,63:DD:A1:67:56:A8,-96
BLE,1670727718135169384,61:77:15:FE:A4:6A,-90
BLE,1670727718764143069,65:6D:E9:9C:99:EE,-100
BLE,1670727718795759109,63:DD:A1:67:56:A8,-97
BLE,1670727718838389769,EB:36:96:6E:E3:65,-80
BLE,1670727719619926973,61:77:15:FE:A4:6A,-102
BLE,1670727719626940515,63:DD:A1:67:56:A8,-96
BLE,1670727720129262581,42:82:F6:CB:7B:27,-100
BLE,1670727720319990896,65:6D:E9:9C:99:EE,-98
BLE,1670727720402085836,42:82:F6:CB:7B:27,-99
BLE,1670727720727215636,63:DD:A1:67:56:A8,-97
BLE,1670727721560788387,63:DD:A1:67:56:A8,-98
BLE,1670727721866456626,65:6D:E9:9C:99:EE,-99
BLE,1670727722386312276,65:6D:E9:9C:99:EE,-99
BLE,1670727722410672195,61:77:15:FE:A4:6A,-100
BLE,1670727722838312192,EB:36:96:6E:E3:65,-79
BLE,1670727722904854775,65:6D:E9:9C:99:EE,-100
BLE,1670727723149641780,61:77:15:FE:A4:6A,-89
BLE,1670727723419843066,65:6D:E9:9C:99:EE,-97
BLE,1670727724459316952,65:6D:E9:9C:99:EE,-98
BLE,1670727724574743704,63:DD:A1:67:56:A8,-98
BLE,1670727724839274766,EB:36:96:6E:E3:65,-79
BLE,1670727724846843968,63:DD:A1:67:56:A8,-98
BLE,1670727725491310385,65:6D:E9:9C:99:EE,-101
BLE,1670727726758186608,63:DD:A1:67:56:A8,-95
BLE,1670727726839374934,EB:36:96:6E:E3:65,-79
BLE,1670727728329191088,65:6D:E9:9C:99:EE,-99
BLE,1670727728695590772,63:DD:A1:67:56:A8,-97
BLE,1670727728839050357,EB:36:96:6E:E3:65,-79
BLE,1670727728847059553,65:6D:E9:9C:99:EE,-97
BLE,1670727729084507937,42:82:F6:CB:7B:27,-100
BLE,1670727729356265830,42:82:F6:CB:7B:27,-100
BLE,1670727729627005526,42:82:F6:CB:7B:27,-88
BLE,1670727729796848839,63:DD:A1:67:56:A8,-83
BLE,1670727730068085196,63:DD:A1:67:56:A8,-97
BLE,1670727730147275796,65:6D:E9:9C:99:EE,-88
BLE,1670727730423036224,61:77:15:FE:A4:6A,-91
BLE,1670727730613571833,61:77:15:FE:A4:6A,-93
BLE,1670727730914868832,65:6D:E9:9C:99:EE,-86
BLE,1670727731166779294,63:DD:A1:67:56:A8,-96
BLE,1670727731437139579,63:DD:A1:67:56:A8,-86
BLE,1670727731710796240,63:DD:A1:67:56:A8,-96
BLE,1670727731805850401,42:82:F6:CB:7B:27,-101
BLE,1670727731951840748,65:6D:E9:9C:99:EE,-88
BLE,1670727732078347535,42:82:F6:CB:7B:27,-90
BLE,1670727732105887749,61:77:15:FE:A4:6A,-90
BLE,1670727732349388061,42:82:F6:CB:7B:27,-97
BLE,1670727732847109766,EB:36:96:6E:E3:65,-65
BLE,1670727732868016226,61:77:15:FE:A4:6A,-91
BLE,1670727733373112009,63:DD:A1:67:56:A8,-85
BLE,1670727733499753211,65:6D:E9:9C:99:EE,-97
BLE,1670727733646696922,63:DD:A1:67:56:A8,-97
BLE,1670727733792748560,61:77:15:FE:A4:6A,-99
BLE,1670727733975178140,61:77:15:FE:A4:6A,-89
BLE,1670727734019525904,65:6D:E9:9C:99:EE,-98
BLE,1670727734474325953,63:DD:A1:67:56:A8,-98
BLE,1670727734528351102,42:82:F6:CB:7B:27,-89
BLE,1670727734537564784,61:77:15:FE:A4:6A,-89
BLE,1670727734801919848,42:82:F6:CB:7B:27,-98
BLE,1670727735024069872,63:DD:A1:67:56:A8,-104
BLE,1670727735342031465,42:82:F6:CB:7B:27,-101
BLE,1670727735572575223,65:6D:E9:9C:99:EE,-99
BLE,1670727735576555009,63:DD:A1:67:56:A8,-99
BLE,1670727736087492765,65:6D:E9:9C:99:EE,-99
BLE,1670727736146053026,63:DD:A1:67:56:A8,-95
BLE,1670727736587494234,61:77:15:FE:A4:6A,-101
BLE,1670727736681628906,63:DD:A1:67:56:A8,-96
BLE,1670727736710771768,4D:9C:74:9B:42:A7,-99
BLE,1670727736848194425,EB:36:96:6E:E3:65,-79
BLE,1670727737507310835,61:77:15:FE:A4:6A,-99
BLE,1670727737511535951,63:DD:A1:67:56:A8,-98
BLE,1670727737522395530,42:82:F6:CB:7B:27,-100
BLE,1670727737786585888,63:DD:A1:67:56:A8,-100
BLE,1670727737885253256,61:77:15:FE:A4:6A,-100
BLE,1670727738158748128,65:6D:E9:9C:99:EE,-100
BLE,1670727738617202341,63:DD:A1:67:56:A8,-94
BLE,1670727738849466787,EB:36:96:6E:E3:65,-79
BLE,1670727739374159713,61:77:15:FE:A4:6A,-100
BLE,1670727739446516602,63:DD:A1:67:56:A8,-97
BLE,1670727740493803395,61:77:15:FE:A4:6A,-102
BLE,1670727740850841023,EB:36:96:6E:E3:65,-79
BLE,1670727741094066839,63:DD:A1:67:56:A8,-97
BLE,1670727741262546126,65:6D:E9:9C:99:EE,-98
BLE,1670727741363920754,63:DD:A1:67:56:A8,-95
BLE,1670727741635272609,63:DD:A1:67:56:A8,-96
BLE,1670727742028272851,65:6D:E9:9C:99:EE,-100
BLE,1670727742157335483,42:82:F6:CB:7B:27,-99
BLE,1670727742427261481,42:82:F6:CB:7B:27,-99
BLE,1670727742698628295,42:82:F6:CB:7B:27,-99
BLE,1670727742743914381,63:DD:A1:67:56:A8,-101
BLE,1670727742853592618,EB:36:96:6E:E3:65,-80
BLE,1670727743675288469,61:77:15:FE:A4:6A,-99
BLE,1670727743829520593,65:6D:E9:9C:99:EE,-100
BLE,1670727744053810050,61:77:15:FE:A4:6A,-100
BLE,1670727744102210891,EC:53:06:D9:76:BD,-100
BLE,1670727744106382092,63:DD:A1:67:56:A8,-97
BLE,1670727744235693470,61:77:15:FE:A4:6A,-104
BLE,1670727744378866434,63:DD:A1:67:56:A8,-96
BLE,1670727744614488090,61:77:15:FE:A4:6A,-101
BLE,1670727744857059663,EB:36:96:6E:E3:65,-65
BLE,1670727745421238869,42:82:F6:CB:7B:27,-99
BLE,1670727745691135075,42:82:F6:CB:7B:27,-89
BLE,1670727745747636319,63:DD:A1:67:56:A8,-84
BLE,1670727746414474179,65:6D:E9:9C:99:EE,-87
BLE,1670727746861943274,EB:36:96:6E:E3:65,-80
BLE,1670727746932467268,65:6D:E9:9C:99:EE,-98
BLE,1670727747669057590,63:DD:A1:67:56:A8,-105
BLE,1670727747992053498,61:77:15:FE:A4:6A,-102
BLE,1670727748174584660,61:77:15:FE:A4:6A,-100
BLE,1670727748238374527,65:6D:E9:9C:99:EE,-88
BLE,1670727748413593526,42:82:F6:CB:7B:27,-98
BLE,1670727748862228564,EB:36:96:6E:E3:65,-80
BLE,1670727749006443307,65:6D:E9:9C:99:EE,-99
BLE,1670727749307639766,63:DD:A1:67:56:A8,-96
BLE,1670727750409525827,63:DD:A1:67:56:A8,-99
BLE,1670727750864769703,EB:36:96:6E:E3:65,-79
BLE,1670727750956300406,63:DD:A1:67:56:A8,-102
BLE,1670727751507983261,63:DD:A1:67:56:A8,-96
BLE,1670727751674935483,42:82:F6:CB:7B:27,-98
BLE,1670727751946445254,42:82:F6:CB:7B:27,-100
BLE,1670727752341441931,63:DD:A1:67:56:A8,-96
BLE,1670727752613884106,63:DD:A1:67:56:A8,-99
BLE,1670727752864799747,EB:36:96:6E:E3:65,-79
BLE,1670727752885116380,63:DD:A1:67:56:A8,-96
BLE,1670727754204411104,65:6D:E9:9C:99:EE,-97
BLE,1670727754394996671,42:82:F6:CB:7B:27,-99
BLE,1670727754668749456,42:82:F6:CB:7B:27,-101
BLE,1670727754870074062,EB:36:96:6E:E3:65,-79
BLE,1670727754938734037,42:82:F6:CB:7B:27,-99
BLE,1670727755917833349,63:DD:A1:67:56:A8,-90
BLE,1670727756192650414,63:DD:A1:67:56:A8,-97
BLE,1670727756271207229,65:6D:E9:9C:99:EE,-99
BLE,1670727756873956560,EB:36:96:6E:E3:65,-79
BLE,1670727757150891391,61:77:15:FE:A4:6A,-93
BLE,1670727757302620044,63:DD:A1:67:56:A8,-104
BLE,1670727758074610612,65:6D:E9:9C:99:EE,-99
BLE,1670727758397657269,63:DD:A1:67:56:A8,-96
BLE,1670727758863662643,65:6D:E9:9C:99:EE,-99
BLE,1670727758876202869,EB:36:96:6E:E3:65,-80
BLE,1670727759012709287,61:77:15:FE:A4:6A,-105
BLE,1670727759499002128,63:DD:A1:67:56:A8,-99
BLE,1670727759769184956,63:DD:A1:67:56:A8,-86
BLE,1670727760091334874,42:82:F6:CB:7B:27,-96
BLE,1670727760647591216,14:BB:6E:11:32:18,-93
BLE,1670727760681760143,65:6D:E9:9C:99:EE,-97
BLE,1670727760880341614,EB:36:96:6E:E3:65,-65
BLE,1670727761701637553,63:DD:A1:67:56:A8,-84
BLE,1670727761807826290,61:77:15:FE:A4:6A,-102
BLE,1670727762236882770,65:6D:E9:9C:99:EE,-98
BLE,1670727762532646460,63:DD:A1:67:56:A8,-97
BLE,1670727762806348288,63:DD:A1:67:56:A8,-95
BLE,1670727762880040870,EB:36:96:6E:E3:65,-79
BLE,1670727763076521116,63:DD:A1:67:56:A8,-97
BLE,1670727763292462798,61:77:15:FE:A4:6A,-90
BLE,1670727763473181273,61:77:15:FE:A4:6A,-103
BLE,1670727763847764984,61:77:15:FE:A4:6A,-106
BLE,1670727763910145284,63:DD:A1:67:56:A8,-97
BLE,1670727764162625864,42:82:F6:CB:7B:27,-88
BLE,1670727764216375766,61:77:15:FE:A4:6A,-99
BLE,1670727764304053473,65:6D:E9:9C:99:EE,-89
BLE,1670727764432612861,42:82:F6:CB:7B:27,-99
BLE,1670727764468861180,63:DD:A1:67:56:A8,-85
BLE,1670727764590282861,61:77:15:FE:A4:6A,-101
BLE,1670727764705006329,42:82:F6:CB:7B:27,-88
BLE,1670727764742504633,63:DD:A1:67:56:A8,-97
BLE,1670727764880083705,EB:36:96:6E:E3:65,-80
BLE,1670727766104441850,65:6D:E9:9C:99:EE,-101
BLE,1670727766132738889,63:DD:A1:67:56:A8,-96
BLE,1670727766672670550,63:DD:A1:67:56:A8,-95
BLE,1670727766882621177,EB:36:96:6E:E3:65,-79
BLE,1670727767142292547,65:6D:E9:9C:99:EE,-98
BLE,1670727767775302018,63:DD:A1:67:56:A8,-96
BLE,1670727768047668361,63:DD:A1:67:56:A8,-96
BLE,1670727768166387408,EC:53:06:D9:76:BD,-102
BLE,1670727768232683536,42:82:F6:CB:7B:27,-88
BLE,1670727768320065955,63:DD:A1:67:56:A8,-84
BLE,1670727768325723637,61:77:15:FE:A4:6A,-92
BLE,1670727768775219332,42:82:F6:CB:7B:27,-89
BLE,1670727768883426170,EB:36:96:6E:E3:65,-81
BLE,1670727768892865641,61:77:15:FE:A4:6A,-90
BLE,1670727769045351911,42:82:F6:CB:7B:27,-90
BLE,1670727769315350074,42:82:F6:CB:7B:27,-98
BLE,1670727769585244906,42:82:F6:CB:7B:27,-89
BLE,1670727769795343574,C8:B2:1E:C1:4C:16,-91
BLE,1670727769855647565,42:82:F6:CB:7B:27,-89
BLE,1670727770176807245,EC:53:06:D9:76:BD,-91
BLE,1670727770572812951,61:77:15:FE:A4:6A,-103
BLE,1670727770887750621,EB:36:96:6E:E3:65,-80
BLE,1670727771061356348,63:DD:A1:67:56:A8,-95
BLE,1670727771282340428,65:6D:E9:9C:99:EE,-86
BLE,1670727772035373429,42:82:F6:CB:7B:27,-98
BLE,1670727772306695452,42:82:F6:CB:7B:27,-88
BLE,1670727772432633371,63:DD:A1:67:56:A8,-97
BLE,1670727772444442522,61:77:15:FE:A4:6A,-92
BLE,1670727772576502618,42:82:F6:CB:7B:27,-99
BLE,1670727772832133285,65:6D:E9:9C:99:EE,-87
BLE,1670727772846507156,42:82:F6:CB:7B:27,-88
BLE,1670727773194256103,61:77:15:FE:A4:6A,-102
BLE,1670727773535047341,63:DD:A1:67:56:A8,-85
BLE,1670727773748730508,61:77:15:FE:A4:6A,-91
BLE,1670727773809863697,63:DD:A1:67:56:A8,-84
BLE,1670727774083729565,63:DD:A1:67:56:A8,-105
BLE,1670727774633813689,65:6D:E9:9C:99:EE,-100
BLE,1670727774871697942,61:77:15:FE:A4:6A,-92
BLE,1670727774888573658,EB:36:96:6E:E3:65,-81
BLE,1670727775918402117,65:6D:E9:9C:99:EE,-89
BLE,1670727776014944802,63:DD:A1:67:56:A8,-96
BLE,1670727776109247847,42:82:F6:CB:7B:27,-97
BLE,1670727776379220344,42:82:F6:CB:7B:27,-88
BLE,1670727776649675669,42:82:F6:CB:7B:27,-89
BLE,1670727776919515084,42:82:F6:CB:7B:27,-100
BLE,1670727777383826603,63:DD:A1:67:56:A8,-96
BLE,1670727777657424557,63:DD:A1:67:56:A8,-98
BLE,1670727777927396804,63:DD:A1:67:56:A8,-95
BLE,1670727778888553580,EB:36:96:6E:E3:65,-79
BLE,1670727779373316564,42:82:F6:CB:7B:27,-102
BLE,1670727779643151896,42:82:F6:CB:7B:27,-99
BLE,1670727779860004358,63:DD:A1:67:56:A8,-97
BLE,1670727779912821022,42:82:F6:CB:7B:27,-99
BLE,1670727780091631728,61:77:15:FE:A4:6A,-101
BLE,1670727780185298031,42:82:F6:CB:7B:27,-99
BLE,1670727780691341762,63:DD:A1:67:56:A8,-96
BLE,1670727780889448655,EB:36:96:6E:E3:65,-79
BLE,1670727781522803330,63:DD:A1:67:56:A8,-97
BLE,1670727781792618579,63:DD:A1:67:56:A8,-98
BLE,1670727781856819065,65:6D:E9:9C:99:EE,-98
BLE,1670727782895023258,EB:36:96:6E:E3:65,-82
BLE,1670727782896255702,63:DD:A1:67:56:A8,-97
BLE,1670727782904143150,42:82:F6:CB:7B:27,-101
BLE,1670727783140022344,65:6D:E9:9C:99:EE,-99
BLE,1670727783627646377,61:77:15:FE:A4:6A,-103
BLE,1670727784170846499,65:6D:E9:9C:99:EE,-98
BLE,1670727784540030983,63:DD:A1:67:56:A8,-96
BLE,1670727784810038396,63:DD:A1:67:56:A8,-97
BLE,1670727784894567391,EB:36:96:6E:E3:65,-79
BLE,1670727785458272686,65:6D:E9:9C:99:EE,-98
BLE,1670727785700551263,61:77:15:FE:A4:6A,-102
BLE,1670727785911318464,63:DD:A1:67:56:A8,-98
BLE,1670727786733851222,63:DD:A1:67:56:A8,-102
BLE,1670727786894664351,EB:36:96:6E:E3:65,-79
BLE,1670727786978029317,42:82:F6:CB:7B:27,-98
BLE,1670727787250433536,42:82:F6:CB:7B:27,-100
BLE,1670727787546742261,61:77:15:FE:A4:6A,-99
BLE,1670727787556014401,63:DD:A1:67:56:A8,-98
BLE,1670727788114973669,63:DD:A1:67:56:A8,-86
BLE,1670727788291953314,61:77:15:FE:A4:6A,-103
BLE,1670727788310463552,65:6D:E9:9C:99:EE,-88
BLE,1670727788391248466,63:DD:A1:67:56:A8,-84
BLE,1670727788473103576,61:77:15:FE:A4:6A,-90
BLE,1670727788828025437,65:6D:E9:9C:99:EE,-88
BLE,1670727788894680020,EB:36:96:6E:E3:65,-65
BLE,1670727789214612048,61:77:15:FE:A4:6A,-87
BLE,1670727789586646331,61:77:15:FE:A4:6A,-90
BLE,1670727789597639242,65:6D:E9:9C:99:EE,-88
BLE,1670727789971826124,42:82:F6:CB:7B:27,-99
BLE,1670727790114702133,65:6D:E9:9C:99:EE,-89
BLE,1670727790329959906,63:DD:A1:67:56:A8,-92
BLE,1670727790509478687,61:77:15:FE:A4:6A,-93
BLE,1670727790883564238,63:DD:A1:67:56:A8,-84
BLE,1670727790899761545,EB:36:96:6E:E3:65,-80
BLE,1670727791146502819,65:6D:E9:9C:99:EE,-88
BLE,1670727791158563800,63:DD:A1:67:56:A8,-84
BLE,1670727791610557174,42:82:F6:CB:7B:27,-90
BLE,1670727791663536210,65:6D:E9:9C:99:EE,-89
BLE,1670727791814498914,61:77:15:FE:A4:6A,-91
BLE,1670727791880545254,42:82:F6:CB:7B:27,-98
BLE,1670727791976001285,63:DD:A1:67:56:A8,-93
BLE,1670727792151839402,42:82:F6:CB:7B:27,-98
BLE,1670727792184232933,61:77:15:FE:A4:6A,-99
BLE,1670727792257214065,63:DD:A1:67:56:A8,-97
BLE,1670727792424489701,42:82:F6:CB:7B:27,-100
BLE,1670727792745789337,61:77:15:FE:A4:6A,-99
BLE,1670727792899871630,EB:36:96:6E:E3:65,-79
BLE,1670727793092360923,63:DD:A1:67:56:A8,-97
BLE,1670727793305786218,61:77:15:FE:A4:6A,-100
BLE,1670727793782354966,42:82:F6:CB:7B:27,-103
BLE,1670727793925889884,14:BB:6E:11:32:18,-91
BLE,1670727794463464115,63:DD:A1:67:56:A8,-86
BLE,1670727794736121496,63:DD:A1:67:56:A8,-98
BLE,1670727794747724358,65:6D:E9:9C:99:EE,-88
BLE,1670727794899501761,EB:36:96:6E:E3:65,-66
BLE,1670727795781669393,65:6D:E9:9C:99:EE,-89
BLE,1670727795911565973,61:77:15:FE:A4:6A,-90
BLE,1670727796223350348,EC:53:06:D9:76:BD,-103
BLE,1670727796228149916,42:82:F6:CB:7B:27,-99
BLE,1670727796302723821,65:6D:E9:9C:99:EE,-97
BLE,1670727796498154288,42:82:F6:CB:7B:27,-99
BLE,1670727796899940925,EB:36:96:6E:E3:65,-80
BLE,1670727797022540425,61:77:15:FE:A4:6A,-102
BLE,1670727797333120231,65:6D:E9:9C:99:EE,-98
BLE,1670727797475898741,63:DD:A1:67:56:A8,-97
BLE,1670727797748373792,63:DD:A1:67:56:A8,-97
BLE,1670727798297104182,63:DD:A1:67:56:A8,-102
BLE,1670727798325215472,61:77:15:FE:A4:6A,-106
BLE,1670727798621235410,65:6D:E9:9C:99:EE,-100
BLE,1670727798903353929,EB:36:96:6E:E3:65,-80
BLE,1670727799137936222,65:6D:E9:9C:99:EE,-87
BLE,1670727799659878889,63:DD:A1:67:56:A8,-97
BLE,1670727800025833577,42:82:F6:CB:7B:27,-101
BLE,1670727800167716598,65:6D:E9:9C:99:EE,-98
BLE,1670727800295713701,42:82:F6:CB:7B:27,-99
BLE,1670727800565943486,42:82:F6:CB:7B:27,-88
BLE,1670727800690644170,65:6D:E9:9C:99:EE,-99
BLE,1670727800838238373,42:82:F6:CB:7B:27,-99
BLE,1670727800903371889,EB:36:96:6E:E3:65,-79
BLE,1670727801109513854,42:82:F6:CB:7B:27,-97
BLE,1670727801582297564,63:DD:A1:67:56:A8,-103
BLE,1670727801723225638,65:6D:E9:9C:99:EE,-100
BLE,1670727801863367304,63:DD:A1:67:56:A8,-95
BLE,1670727801879158950,61:77:15:FE:A4:6A,-104
BLE,1670727802620812253,61:77:15:FE:A4:6A,-89
BLE,1670727803184177969,61:77:15:FE:A4:6A,-101
BLE,1670727803237060590,63:DD:A1:67:56:A8,-96
BLE,1670727803274854098,65:6D:E9:9C:99:EE,-99
BLE,1670727803748335466,61:77:15:FE:A4:6A,-99
BLE,1670727804098382053,42:82:F6:CB:7B:27,-99
BLE,1670727804340839086,63:DD:A1:67:56:A8,-97
BLE,1670727804578151138,65:6D:E9:9C:99:EE,-99
BLE,1670727804640767935,42:82:F6:CB:7B:27,-101
BLE,1670727804900027059,63:DD:A1:67:56:A8,-96
BLE,1670727804910799264,42:82:F6:CB:7B:27,-86
BLE,1670727805175865778,63:DD:A1:67:56:A8,-84
BLE,1670727805617514525,61:77:15:FE:A4:6A,-101
BLE,1670727805734603049,63:DD:A1:67:56:A8,-87
BLE,1670727806027346317,63:DD:A1:67:56:A8,-85
BLE,1670727806550940422,42:82:F6:CB:7B:27,-91
BLE,1670727806567214937,63:DD:A1:67:56:A8,-85
BLE,1670727806820849962,42:82:F6:CB:7B:27,-99
BLE,1670727806839641155,63:DD:A1:67:56:A8,-97
BLE,1670727806911047806,EB:36:96:6E:E3:65,-79
BLE,1670727807094604747,42:82:F6:CB:7B:27,-101
BLE,1670727807103115646,61:77:15:FE:A4:6A,-101
BLE,1670727807364605327,42:82:F6:CB:7B:27,-99
BLE,1670727807635776519,42:82:F6:CB:7B:27,-88
BLE,1670727807669644366,63:DD:A1:67:56:A8,-96
BLE,1670727807905780682,42:82:F6:CB:7B:27,-97
BLE,1670727807943691439,63:DD:A1:67:56:A8,-87
BLE,1670727808425900287,65:6D:E9:9C:99:EE,-100
BLE,1670727808502216754,63:DD:A1:67:56:A8,-97
BLE,1670727809149889134,61:77:15:FE:A4:6A,-101
BLE,1670727809330888856,61:77:15:FE:A4:6A,-105
BLE,1670727809462275085,65:6D:E9:9C:99:EE,-98
BLE,1670727809605889877,63:DD:A1:67:56:A8,-96
BLE,1670727809712740647,65:6D:E9:9C:99:EE,-99
BLE,1670727809854229506,14:BB:6E:11:32:18,-104
BLE,1670727810893727600,42:82:F6:CB:7B:27,-101
BLE,1670727810912207963,EB:36:96:6E:E3:65,-66
BLE,1670727810977131858,63:DD:A1:67:56:A8,-96
BLE,1670727811013093555,65:6D:E9:9C:99:EE,-101
BLE,1670727811168392958,42:82:F6:CB:7B:27,-99
BLE,1670727811535903837,65:6D:E9:9C:99:EE,-99
BLE,1670727811753317876,61:77:15:FE:A4:6A,-103
BLE,1670727812080846605,63:DD:A1:67:56:A8,-95
BLE,1670727812318870190,65:6D:E9:9C:99:EE,-98
BLE,1670727812352070212,63:DD:A1:67:56:A8,-98
BLE,1670727812678333789,61:77:15:FE:A4:6A,-102
BLE,1670727812912092342,EB:36:96:6E:E3:65,-80
BLE,1670727813354745036,65:6D:E9:9C:99:EE,-98
BLE,1670727813723377151,63:DD:A1:67:56:A8,-96
BLE,1670727813886045341,42:82:F6:CB:7B:27,-100
BLE,1670727814156181753,42:82:F6:CB:7B:27,-100
BLE,1670727814255806276,EC:53:06:D9:76:BD,-102
BLE,1670727814393681761,65:6D:E9:9C:99:EE,-100
BLE,1670727814430900943,42:82:F6:CB:7B:27,-100
BLE,1670727814554581556,63:DD:A1:67:56:A8,-95
BLE,1670727814916077422,EB:36:96:6E:E3:65,-81
BLE,1670727815656225202,63:DD:A1:67:56:A8,-96
BLE,1670727815928619462,63:DD:A1:67:56:A8,-85
BLE,1670727815945772175,65:6D:E9:9C:99:EE,-99
BLE,1670727816199611989,63:DD:A1:67:56:A8,-96
BLE,1670727816258278291,EC:53:06:D9:76:BD,-100
BLE,1670727816338519920,42:82:F6:CB:7B:27,-99
BLE,1670727816459813810,65:6D:E9:9C:99:EE,-99
BLE,1670727816575062564,61:77:15:FE:A4:6A,-101
BLE,1670727816612240914,42:82:F6:CB:7B:27,-98
BLE,1670727816883455980,42:82:F6:CB:7B:27,-99
BLE,1670727816918369148,EB:36:96:6E:E3:65,-81
BLE,1670727816952676115,61:77:15:FE:A4:6A,-104
BLE,1670727817513686858,61:77:15:FE:A4:6A,-101
BLE,1670727817571100967,63:DD:A1:67:56:A8,-96
BLE,1670727817766261146,65:6D:E9:9C:99:EE,-97
BLE,1670727817842147243,63:DD:A1:67:56:A8,-96
BLE,1670727818254824584,61:77:15:FE:A4:6A,-102
BLE,1670727818284308859,65:6D:E9:9C:99:EE,-102
BLE,1670727818438567024,61:77:15:FE:A4:6A,-103
BLE,1670727818919712676,EB:36:96:6E:E3:65,-81
BLE,1670727818945730283,63:DD:A1:67:56:A8,-97
BLE,1670727819050810158,65:6D:E9:9C:99:EE,-100
BLE,1670727819380542069,61:77:15:FE:A4:6A,-104
BLE,1670727819837619133,65:6D:E9:9C:99:EE,-87
BLE,1670727819873644704,42:82:F6:CB:7B:27,-101
BLE,1670727820416240167,42:82:F6:CB:7B:27,-89
BLE,1670727820620562653,65:6D:E9:9C:99:EE,-97
BLE,1670727820686096207,42:82:F6:CB:7B:27,-85
BLE,1670727820924768118,EB:36:96:6E:E3:65,-81
BLE,1670727821415900068,63:DD:A1:67:56:A8,-85
BLE,1670727821686153103,63:DD:A1:67:56:A8,-85
BLE,1670727821958404990,63:DD:A1:67:56:A8,-97
BLE,1670727822692824379,65:6D:E9:9C:99:EE,-99
BLE,1670727822924824953,EB:36:96:6E:E3:65,-82
BLE,1670727823280449390,61:77:15:FE:A4:6A,-102
BLE,1670727823460995492,65:6D:E9:9C:99:EE,-99
BLE,1670727823892514193,63:DD:A1:67:56:A8,-84
BLE,1670727824226668427,65:6D:E9:9C:99:EE,-100
BLE,1670727824289948466,EC:53:06:D9:76:BD,-102
BLE,1670727824604830304,61:77:15:FE:A4:6A,-92
BLE,1670727824741026809,65:6D:E9:9C:99:EE,-99
BLE,1670727824754923893,42:82:F6:CB:7B:27,-89
BLE,1670727824993308225,63:DD:A1:67:56:A8,-86
BLE,1670727825296197830,42:82:F6:CB:7B:27,-86
BLE,1670727825566305284,42:82:F6:CB:7B:27,-86
BLE,1670727825838640795,42:82:F6:CB:7B:27,-99
BLE,1670727826093583929,61:77:15:FE:A4:6A,-99
BLE,1670727826097071179,63:DD:A1:67:56:A8,-96
BLE,1670727826367177550,63:DD:A1:67:56:A8,-98
BLE,1670727826638692195,63:DD:A1:67:56:A8,-97
BLE,1670727826909531390,63:DD:A1:67:56:A8,-96
BLE,1670727826928689912,EB:36:96:6E:E3:65,-80
BLE,1670727827081134224,65:6D:E9:9C:99:EE,-99
BLE,1670727827180578833,63:DD:A1:67:56:A8,-99
BLE,1670727827849063256,65:6D:E9:9C:99:EE,-98
BLE,1670727828332379424,61:77:15:FE:A4:6A,-100
BLE,1670727828515228416,61:77:15:FE:A4:6A,-103
BLE,1670727828551933271,63:DD:A1:67:56:A8,-97
BLE,1670727828928466667,EB:36:96:6E:E3:65,-79
BLE,1670727829368888804,42:82:F6:CB:7B:27,-89
BLE,1670727829397609920,65:6D:E9:9C:99:EE,-99
BLE,1670727829920714490,63:DD:A1:67:56:A8,-87
BLE,1670727830191934931,63:DD:A1:67:56:A8,-85
BLE,1670727830389754744,61:77:15:FE:A4:6A,-93
BLE,1670727830480552498,C8:B2:1E:C1:4C:16,-96
BLE,1670727830928691542,EB:36:96:6E:E3:65,-65
BLE,1670727831516150471,61:77:15:FE:A4:6A,-104
BLE,1670727831835731378,63:DD:A1:67:56:A8,-96
BLE,1670727832107125817,63:DD:A1:67:56:A8,-97
BLE,1670727832377007982,63:DD:A1:67:56:A8,-96
BLE,1670727832749793839,65:6D:E9:9C:99:EE,-98
BLE,1670727832901686866,42:82:F6:CB:7B:27,-98
BLE,1670727832933706818,EB:36:96:6E:E3:65,-79
BLE,1670727833172589519,42:82:F6:CB:7B:27,-102
BLE,1670727833374765614,61:77:15:FE:A4:6A,-103
BLE,1670727833442546183,42:82:F6:CB:7B:27,-99
BLE,1670727833479451035,63:DD:A1:67:56:A8,-95
BLE,1670727833712538971,42:82:F6:CB:7B:27,-99
BLE,1670727833750618435,63:DD:A1:67:56:A8,-98
BLE,1670727834485605609,61:77:15:FE:A4:6A,-101
BLE,1670727834933852902,EB:36:96:6E:E3:65,-65
BLE,1670727834942016180,14:BB:6E:11:32:18,-89
BLE,1670727835066270577,65:6D:E9:9C:99:EE,-96
BLE,1670727835123578604,63:DD:A1:67:56:A8,-100
BLE,1670727836164044145,42:82:F6:CB:7B:27,-99
BLE,1670727836436320281,42:82:F6:CB:7B:27,-99
BLE,1670727836933652741,EB:36:96:6E:E3:65,-79
BLE,1670727837656413144,65:6D:E9:9C:99:EE,-101
BLE,1670727837680437900,61:77:15:FE:A4:6A,-102
BLE,1670727837890772773,63:DD:A1:67:56:A8,-96
BLE,1670727838073804846,42:82:F6:CB:7B:27,-100
BLE,1670727838160753936,63:DD:A1:67:56:A8,-97
BLE,1670727838173857406,65:6D:E9:9C:99:EE,-98
BLE,1670727838345031245,42:82:F6:CB:7B:27,-103
BLE,1670727838618808946,42:82:F6:CB:7B:27,-98
BLE,1670727838689042986,65:6D:E9:9C:99:EE,-101
BLE,1670727838721726139,63:DD:A1:67:56:A8,-97
BLE,1670727838936143005,EB:36:96:6E:E3:65,-79
BLE,1670727838984150101,61:77:15:FE:A4:6A,-100
BLE,1670727838989231457,63:DD:A1:67:56:A8,-97
BLE,1670727839210791947,65:6D:E9:9C:99:EE,-98
BLE,1670727839259218412,63:DD:A1:67:56:A8,-96
BLE,1670727840092023756,63:DD:A1:67:56:A8,-95
BLE,1670727840461602694,61:77:15:FE:A4:6A,-102
BLE,1670727840646327580,61:77:15:FE:A4:6A,-99
BLE,1670727840922979414,63:DD:A1:67:56:A8,-97
BLE,1670727840935767096,EB:36:96:6E:E3:65,-80
BLE,1670727841193014452,63:DD:A1:67:56:A8,-95
BLE,1670727841606323786,42:82:F6:CB:7B:27,-100
BLE,1670727841876686904,42:82:F6:CB:7B:27,-99
BLE,1670727842151567134,42:82:F6:CB:7B:27,-99
BLE,1670727842329668141,61:77:15:FE:A4:6A,-102
BLE,1670727842421409674,42:82:F6:CB:7B:27,-100
BLE,1670727842564765761,65:6D:E9:9C:99:EE,-98
BLE,1670727842569251124,63:DD:A1:67:56:A8,-98
BLE,1670727842691376130,42:82:F6:CB:7B:27,-98
BLE,1670727842938318651,EB:36:96:6E:E3:65,-80
BLE,1670727843077581120,65:6D:E9:9C:99:EE,-99
BLE,1670727844112179022,65:6D:E9:9C:99:EE,-97
BLE,1670727844178584065,61:77:15:FE:A4:6A,-100
BLE,1670727844480495266,63:DD:A1:67:56:A8,-96
BLE,1670727844740956376,61:77:15:FE:A4:6A,-101
BLE,1670727844753336354,63:DD:A1:67:56:A8,-96
BLE,1670727844870145464,42:82:F6:CB:7B:27,-98
BLE,1670727844943833171,EB:36:96:6E:E3:65,-79
BLE,1670727845140132836,42:82:F6:CB:7B:27,-99
BLE,1670727845395422383,65:6D:E9:9C:99:EE,-97
BLE,1670727845412636803,42:82:F6:CB:7B:27,-99
BLE,1670727845682642717,42:82:F6:CB:7B:27,-98
BLE,1670727845852838692,63:DD:A1:67:56:A8,-97
BLE,1670727845952609464,42:82:F6:CB:7B:27,-100
BLE,1670727846686848314,63:DD:A1:67:56:A8,-96
BLE,1670727846948994279,EB:36:96:6E:E3:65,-79
BLE,1670727846959148450,63:DD:A1:67:56:A8,-83
BLE,1670727846974126522,61:77:15:FE:A4:6A,-99
BLE,1670727847199400217,65:6D:E9:9C:99:EE,-101
BLE,1670727847356400308,C8:B2:1E:C1:4C:16,-102
BLE,1670727848059081617,63:DD:A1:67:56:A8,-98
BLE,1670727848093417792,61:77:15:FE:A4:6A,-105
BLE,1670727848329110530,63:DD:A1:67:56:A8,-97
BLE,1670727848338064840,EC:53:06:D9:76:BD,-100
BLE,1670727848950502513,EB:36:96:6E:E3:65,-79
BLE,1670727849020696637,65:6D:E9:9C:99:EE,-98
BLE,1670727849214125419,42:82:F6:CB:7B:27,-100
BLE,1670727849431674124,63:DD:A1:67:56:A8,-83
BLE,1670727849932793371,61:77:15:FE:A4:6A,-91
BLE,1670727850261733625,63:DD:A1:67:56:A8,-86
BLE,1670727850691682595,14:BB:6E:11:32:18,-94
BLE,1670727851368051841,63:DD:A1:67:56:A8,-84
BLE,1670727851394066032,42:82:F6:CB:7B:27,-86
BLE,1670727851667735318,42:82:F6:CB:7B:27,-100
BLE,1670727851808957305,61:77:15:FE:A4:6A,-105
BLE,1670727851855135964,65:6D:E9:9C:99:EE,-98
BLE,1670727852372636517,65:6D:E9:9C:99:EE,-96
BLE,1670727852734356214,61:77:15:FE:A4:6A,-100
BLE,1670727852740655348,63:DD:A1:67:56:A8,-97
BLE,1670727852890254485,65:6D:E9:9C:99:EE,-100
BLE,1670727852953911270,EB:36:96:6E:E3:65,-79
BLE,1670727853297169937,61:77:15:FE:A4:6A,-102
BLE,1670727853842855863,63:DD:A1:67:56:A8,-85
BLE,1670727853850290399,42:82:F6:CB:7B:27,-88
BLE,1670727854120267021,42:82:F6:CB:7B:27,-100
BLE,1670727854380135389,14:BB:6E:11:32:18,-91
BLE,1670727854390260435,42:82:F6:CB:7B:27,-89
BLE,1670727854660256182,42:82:F6:CB:7B:27,-87
BLE,1670727854792336361,61:77:15:FE:A4:6A,-93
BLE,1670727855534148162,61:77:15:FE:A4:6A,-102
BLE,1670727855722063718,61:77:15:FE:A4:6A,-103
BLE,1670727856014880861,65:6D:E9:9C:99:EE,-99
BLE,1670727856049152495,63:DD:A1:67:56:A8,-96
BLE,1670727856606843944,63:DD:A1:67:56:A8,-96
BLE,1670727856778953439,65:6D:E9:9C:99:EE,-100
BLE,1670727857029035631,61:77:15:FE:A4:6A,-101
BLE,1670727857110339955,42:82:F6:CB:7B:27,-101
BLE,1670727857380323494,42:82:F6:CB:7B:27,-98
BLE,1670727857547424132,65:6D:E9:9C:99:EE,-98
BLE,1670727857650751111,42:82:F6:CB:7B:27,-100
BLE,1670727858143445459,61:77:15:FE:A4:6A,-102
BLE,1670727858331527555,61:77:15:FE:A4:6A,-101
BLE,1670727858462876576,42:82:F6:CB:7B:27,-101
BLE,1670727858582145032,65:6D:E9:9C:99:EE,-99
BLE,1670727858707248628,61:77:15:FE:A4:6A,-102
BLE,1670727858957816147,EB:36:96:6E:E3:65,-79
BLE,1670727859097533402,65:6D:E9:9C:99:EE,-101
BLE,1670727859355356127,63:DD:A1:67:56:A8,-98
BLE,1670727860373156104,42:82:F6:CB:7B:27,-100
BLE,1670727860457854263,63:DD:A1:67:56:A8,-96
BLE,1670727860575188743,61:77:15:FE:A4:6A,-91
BLE,1670727860642862229,42:82:F6:CB:7B:27,-98
BLE,1670727860758841766,61:77:15:FE:A4:6A,-103
BLE,1670727860915371155,42:82:F6:CB:7B:27,-101
BLE,1670727860960163163,EB:36:96:6E:E3:65,-79
BLE,1670727861419570574,65:6D:E9:9C:99:EE,-97
BLE,1670727862906823425,63:DD:A1:67:56:A8,-97
BLE,1670727862962786635,EB:36:96:6E:E3:65,-80
BLE,1670727863094194405,42:82:F6:CB:7B:27,-100
BLE,1670727863181454867,63:DD:A1:67:56:A8,-95
BLE,1670727863546108238,61:77:15:FE:A4:6A,-93
BLE,1670727864003763211,65:6D:E9:9C:99:EE,-98
BLE,1670727864009029273,63:DD:A1:67:56:A8,-97
BLE,1670727864280261297,63:DD:A1:67:56:A8,-98
BLE,1670727864668567553,61:77:15:FE:A4:6A,-92
BLE,1670727864965383898,EB:36:96:6E:E3:65,-80
BLE,1670727865041741573,65:6D:E9:9C:99:EE,-98
BLE,1670727865112825311,63:DD:A1:67:56:A8,-96
BLE,1670727865408025258,63:DD:A1:67:56:A8,-97
BLE,1670727865412448289,61:77:15:FE:A4:6A,-101
BLE,1670727865596114271,61:77:15:FE:A4:6A,-90
BLE,1670727865825532125,65:6D:E9:9C:99:EE,-99
BLE,1670727865945279243,63:DD:A1:67:56:A8,-96
BLE,1670727866089207197,42:82:F6:CB:7B:27,-99
BLE,1670727866218922154,63:DD:A1:67:56:A8,-96
BLE,1670727866359207236,42:82:F6:CB:7B:27,-97
BLE,1670727867050560262,63:DD:A1:67:56:A8,-95
BLE,1670727867288259018,61:77:15:FE:A4:6A,-102
BLE,1670727867846643752,61:77:15:FE:A4:6A,-102
BLE,1670727868145182367,65:6D:E9:9C:99:EE,-99
BLE,1670727868540573748,42:82:F6:CB:7B:27,-100
BLE,1670727868810690743,42:82:F6:CB:7B:27,-98
BLE,1670727868984386010,63:DD:A1:67:56:A8,-97
BLE,1670727869080530950,42:82:F6:CB:7B:27,-101
BLE,1670727869178827531,65:6D:E9:9C:99:EE,-87
BLE,1670727869354359985,42:82:F6:CB:7B:27,-101
BLE,1670727869518876736,61:77:15:FE:A4:6A,-103
BLE,1670727870080494223,61:77:15:FE:A4:6A,-100
BLE,1670727870085252416,63:DD:A1:67:56:A8,-95
BLE,1670727870813758959,61:77:15:FE:A4:6A,-102
BLE,1670727870973027356,EB:36:96:6E:E3:65,-79
BLE,1670727871373906338,61:77:15:FE:A4:6A,-103
BLE,1670727871531909792,42:82:F6:CB:7B:27,-88
BLE,1670727871765298474,65:6D:E9:9C:99:EE,-98
BLE,1670727871803070900,42:82:F6:CB:7B:27,-99
BLE,1670727872120203836,61:77:15:FE:A4:6A,-102
BLE,1670727872973038567,EB:36:96:6E:E3:65,-80
BLE,1670727873052431206,61:77:15:FE:A4:6A,-102
BLE,1670727873317809258,65:6D:E9:9C:99:EE,-99
BLE,1670727873611481890,61:77:15:FE:A4:6A,-99
BLE,1670727873663941724,63:DD:A1:67:56:A8,-96
BLE,1670727873792511820,61:77:15:FE:A4:6A,-102
BLE,1670727873835497808,65:6D:E9:9C:99:EE,-101
BLE,1670727873935167664,63:DD:A1:67:56:A8,-96
BLE,1670727874254557615,42:82:F6:CB:7B:27,-100
BLE,1670727874353440564,65:6D:E9:9C:99:EE,-99
BLE,1670727874529468595,42:82:F6:CB:7B:27,-99
BLE,1670727874603885502,65:6D:E9:9C:99:EE,-98
BLE,1670727875095462905,61:77:15:FE:A4:6A,-102
BLE,1670727875149810133,14:BB:6E:11:32:18,-102
BLE,1670727875306368563,63:DD:A1:67:56:A8,-96
BLE,1670727875575580777,63:DD:A1:67:56:A8,-96
BLE,1670727875635154069,65:6D:E9:9C:99:EE,-99
BLE,1670727876152002088,65:6D:E9:9C:99:EE,-98
BLE,1670727876679291733,63:DD:A1:67:56:A8,-96
BLE,1670727876708162514,42:82:F6:CB:7B:27,-100
BLE,1670727876951283372,63:DD:A1:67:56:A8,-97
BLE,1670727876973706105,EB:36:96:6E:E3:65,-82
BLE,1670727876979394371,42:82:F6:CB:7B:27,-100
BLE,1670727877249449034,42:82:F6:CB:7B:27,-101
BLE,1670727877510147850,63:DD:A1:67:56:A8,-96
BLE,1670727877780267262,63:DD:A1:67:56:A8,-97
BLE,1670727877790680805,42:82:F6:CB:7B:27,-100
BLE,1670727878271332838,61:77:15:FE:A4:6A,-99
BLE,1670727878611429667,63:DD:A1:67:56:A8,-96
BLE,1670727878885646322,63:DD:A1:67:56:A8,-95
BLE,1670727878973841523,EB:36:96:6E:E3:65,-81
BLE,1670727878989292339,65:6D:E9:9C:99:EE,-98
BLE,1670727879156294228,63:DD:A1:67:56:A8,-96
BLE,1670727879505149620,65:6D:E9:9C:99:EE,-96
BLE,1670727879571032253,C8:B2:1E:C1:4C:16,-103
BLE,1670727880255330905,63:DD:A1:67:56:A8,-99
BLE,1670727880419339413,EC:53:06:D9:76:BD,-94
BLE,1670727880509502507,42:82:F6:CB:7B:27,-89
BLE,1670727880533885175,63:DD:A1:67:56:A8,-93
BLE,1670727880542045453,65:6D:E9:9C:99:EE,-90
BLE,1670727880780858196,42:82:F6:CB:7B:27,-98
BLE,1670727880859594885,C8:B2:1E:C1:4C:16,-101
BLE,1670727880872567897,61:77:15:FE:A4:6A,-102
BLE,1670727880975173135,EB:36:96:6E:E3:65,-67
BLE,1670727881051999429,42:82:F6:CB:7B:27,-95
BLE,1670727881577067476,65:6D:E9:9C:99:EE,-90
BLE,1670727882092940923,65:6D:E9:9C:99:EE,-98
BLE,1670727882460317136,63:DD:A1:67:56:A8,-97
BLE,1670727882918228273,61:77:15:FE:A4:6A,-100
BLE,1670727882978966717,EB:36:96:6E:E3:65,-80
BLE,1670727883233310234,42:82:F6:CB:7B:27,-101
BLE,1670727883503343980,42:82:F6:CB:7B:27,-100
BLE,1670727883548855272,63:DD:A1:67:56:A8,-100
BLE,1670727883851365507,61:77:15:FE:A4:6A,-101
BLE,1670727884106293141,63:DD:A1:67:56:A8,-96
BLE,1670727884414860513,65:6D:E9:9C:99:EE,-100
BLE,1670727884725639775,C8:B2:1E:C1:4C:16,-102
BLE,1670727884937645669,63:DD:A1:67:56:A8,-98
BLE,1670727884980260496,EB:36:96:6E:E3:65,-66
BLE,1670727885210229427,63:DD:A1:67:56:A8,-83
BLE,1670727885714464596,65:6D:E9:9C:99:EE,-88
BLE,1670727886038029414,63:DD:A1:67:56:A8,-95
BLE,1670727886496033966,42:82:F6:CB:7B:27,-99
BLE,1670727886768394893,42:82:F6:CB:7B:27,-98
BLE,1670727886983152881,EB:36:96:6E:E3:65,-82
BLE,1670727887143740804,63:DD:A1:67:56:A8,-99
BLE,1670727887580110155,61:77:15:FE:A4:6A,-101
BLE,1670727887972448947,63:DD:A1:67:56:A8,-97
BLE,1670727888242416694,63:DD:A1:67:56:A8,-98
BLE,1670727888513651093,63:DD:A1:67:56:A8,-96
BLE,1670727888986792590,EB:36:96:6E:E3:65,-66
BLE,1670727889069338900,65:6D:E9:9C:99:EE,-87
BLE,1670727889333944336,63:DD:A1:67:56:A8,-94
BLE,1670727889614985534,63:DD:A1:67:56:A8,-98
BLE,1670727889624363340,61:77:15:FE:A4:6A,-102
BLE,1670727889879590012,C8:B2:1E:C1:4C:16,-92
BLE,1670727890028411325,42:82:F6:CB:7B:27,-87
BLE,1670727890105320827,65:6D:E9:9C:99:EE,-92
BLE,1670727890298410822,42:82:F6:CB:7B:27,-99
BLE,1670727890447926460,63:DD:A1:67:56:A8,-99
BLE,1670727890570930080,42:82:F6:CB:7B:27,-91
BLE,1670727890620765238,65:6D:E9:9C:99:EE,-87
BLE,1670727890990494340,EB:36:96:6E:E3:65,-66
BLE,1670727891140537264,65:6D:E9:9C:99:EE,-100
BLE,1670727891654822230,65:6D:E9:9C:99:EE,-98
BLE,1670727891669749385,42:82:F6:CB:7B:27,-99
BLE,1670727891821141001,63:DD:A1:67:56:A8,-96
BLE,1670727892214908568,42:82:F6:CB:7B:27,-101
BLE,1670727892484774608,42:82:F6:CB:7B:27,-102
BLE,1670727892652846359,63:DD:A1:67:56:A8,-96
BLE,1670727892754716314,42:82:F6:CB:7B:27,-100
BLE,1670727892942184792,65:6D:E9:9C:99:EE,-100
BLE,1670727892990529300,EB:36:96:6E:E3:65,-81
BLE,1670727893728170860,65:6D:E9:9C:99:EE,-97
BLE,1670727894574947871,63:DD:A1:67:56:A8,-91
BLE,1670727894663521276,42:82:F6:CB:7B:27,-97
BLE,1670727894667777392,61:77:15:FE:A4:6A,-101
BLE,1670727894852217156,61:77:15:FE:A4:6A,-103
BLE,1670727894933502856,42:82:F6:CB:7B:27,-88
BLE,1670727895128699618,63:DD:A1:67:56:A8,-84
BLE,1670727895795619143,65:6D:E9:9C:99:EE,-89
BLE,1670727896562169817,65:6D:E9:9C:99:EE,-101
BLE,1670727897336082487,63:DD:A1:67:56:A8,-96
BLE,1670727897614795922,63:DD:A1:67:56:A8,-105
BLE,1670727897896578653,63:DD:A1:67:56:A8,-96
BLE,1670727898362158907,65:6D:E9:9C:99:EE,-88
BLE,1670727898467288032,42:82:F6:CB:7B:27,-98
BLE,1670727898994132265,EB:36:96:6E:E3:65,-79
BLE,1670727899001507761,63:DD:A1:67:56:A8,-96
BLE,1670727899268493460,63:DD:A1:67:56:A8,-100
BLE,1670727900471581650,EC:53:06:D9:76:BD,-100
BLE,1670727900913628975,63:DD:A1:67:56:A8,-85
BLE,1670727900994275807,EB:36:96:6E:E3:65,-68
BLE,1670727901460037684,42:82:F6:CB:7B:27,-99
BLE,1670727901731194584,42:82:F6:CB:7B:27,-88
BLE,1670727902258484687,65:6D:E9:9C:99:EE,-90
BLE,1670727902777506722,65:6D:E9:9C:99:EE,-85
BLE,1670727902884995026,61:77:15:FE:A4:6A,-102
BLE,1670727902994168519,EB:36:96:6E:E3:65,-65
BLE,1670727903296138428,65:6D:E9:9C:99:EE,-88
BLE,1670727903388419330,63:DD:A1:67:56:A8,-86
BLE,1670727903439690679,61:77:15:FE:A4:6A,-93
BLE,1670727903912417222,42:82:F6:CB:7B:27,-88
BLE,1670727904321750270,65:6D:E9:9C:99:EE,-100
BLE,1670727904480407091,EC:53:06:D9:76:BD,-99
BLE,1670727904760588217,61:77:15:FE:A4:6A,-90
BLE,1670727904993916900,EB:36:96:6E:E3:65,-79
BLE,1670727905322338910,63:DD:A1:67:56:A8,-86
BLE,1670727906156070410,63:DD:A1:67:56:A8,-97
BLE,1670727906616492183,61:77:15:FE:A4:6A,-89
BLE,1670727906996517997,EB:36:96:6E:E3:65,-80
BLE,1670727907442551149,42:82:F6:CB:7B:27,-98
BLE,1670727907527338599,63:DD:A1:67:56:A8,-96
BLE,1670727907715016492,42:82:F6:CB:7B:27,-89
BLE,1670727907984885240,42:82:F6:CB:7B:27,-88
BLE,1670727908274837166,61:77:15:FE:A4:6A,-92
BLE,1670727908461755735,61:77:15:FE:A4:6A,-89
BLE,1670727908615844444,63:DD:A1:67:56:A8,-90
BLE,1670727908897161639,63:DD:A1:67:56:A8,-84
BLE,1670727908996282752,EB:36:96:6E:E3:65,-66
BLE,1670727909497701538,65:6D:E9:9C:99:EE,-98
BLE,1670727909578953779,61:77:15:FE:A4:6A,-92
BLE,1670727909708498155,63:DD:A1:67:56:A8,-96
BLE,1670727909979831553,63:DD:A1:67:56:A8,-84
BLE,1670727910017511813,65:6D:E9:9C:99:EE,-86
BLE,1670727910503265577,61:77:15:FE:A4:6A,-91
BLE,1670727910975131506,42:82:F6:CB:7B:27,-99
BLE,1670727910997741279,EB:36:96:6E:E3:65,-65
BLE,1670727911050521026,61:77:15:FE:A4:6A,-100
BLE,1670727911084655411,63:DD:A1:67:56:A8,-87
BLE,1670727911245014129,42:82:F6:CB:7B:27,-89
BLE,1670727911517534888,42:82:F6:CB:7B:27,-100
BLE,1670727911787741965,42:82:F6:CB:7B:27,-89
BLE,1670727911842242692,65:6D:E9:9C:99:EE,-99
BLE,1670727912057564631,42:82:F6:CB:7B:27,-99
BLE,1670727912327573877,42:82:F6:CB:7B:27,-98
BLE,1670727912454697115,63:DD:A1:67:56:A8,-96
BLE,1670727912598784276,42:82:F6:CB:7B:27,-90
BLE,1670727912606182063,65:6D:E9:9C:99:EE,-98
BLE,1670727912726139512,63:DD:A1:67:56:A8,-96
BLE,1670727913558609693,63:DD:A1:67:56:A8,-84
BLE,1670727914118816155,63:DD:A1:67:56:A8,-97
BLE,1670727914156808494,65:6D:E9:9C:99:EE,-88
BLE,1670727914388544446,63:DD:A1:67:56:A8,-85
BLE,1670727914660977372,63:DD:A1:67:56:A8,-84
BLE,1670727914674520128,65:6D:E9:9C:99:EE,-89
BLE,1670727914930943203,63:DD:A1:67:56:A8,-96
BLE,1670727914998572774,EB:36:96:6E:E3:65,-66
BLE,1670727915776097192,C8:B2:1E:C1:4C:16,-99
BLE,1670727916033473630,63:DD:A1:67:56:A8,-98
BLE,1670727916127982798,42:82:F6:CB:7B:27,-99
BLE,1670727916304695779,63:DD:A1:67:56:A8,-97
BLE,1670727916400087145,42:82:F6:CB:7B:27,-98
BLE,1670727916998743357,EB:36:96:6E:E3:65,-67
BLE,1670727917035987456,61:77:15:FE:A4:6A,-104
BLE,1670727917132206478,63:DD:A1:67:56:A8,-97
BLE,1670727917263744955,65:6D:E9:9C:99:EE,-100
BLE,1670727917776999392,65:6D:E9:9C:99:EE,-98
BLE,1670727917974199880,61:77:15:FE:A4:6A,-104
BLE,1670727918341242472,61:77:15:FE:A4:6A,-100
BLE,1670727918581607113,42:82:F6:CB:7B:27,-97
BLE,1670727918814268012,65:6D:E9:9C:99:EE,-99
BLE,1670727918852693055,42:82:F6:CB:7B:27,-99
BLE,1670727919002466482,EB:36:96:6E:E3:65,-81
BLE,1670727919278268952,61:77:15:FE:A4:6A,-103
BLE,1670727919459626295,61:77:15:FE:A4:6A,-105
BLE,1670727919640930763,61:77:15:FE:A4:6A,-104
BLE,1670727919847247184,65:6D:E9:9C:99:EE,-99
BLE,1670727919881957188,63:DD:A1:67:56:A8,-98
BLE,1670727920152012017,63:DD:A1:67:56:A8,-96
BLE,1670727920985196273,63:DD:A1:67:56:A8,-98
BLE,1670727921006182815,EB:36:96:6E:E3:65,-81
BLE,1670727921306548409,42:82:F6:CB:7B:27,-104
BLE,1670727921670821702,61:77:15:FE:A4:6A,-102
BLE,1670727921812064730,63:DD:A1:67:56:A8,-96
BLE,1670727922165244696,65:6D:E9:9C:99:EE,-97
BLE,1670727923008850745,EB:36:96:6E:E3:65,-81
BLE,1670727923717492774,65:6D:E9:9C:99:EE,-99
BLE,1670727923727087368,63:DD:A1:67:56:A8,-96
BLE,1670727923999484878,63:DD:A1:67:56:A8,-99
BLE,1670727924101371041,61:77:15:FE:A4:6A,-103
BLE,1670727924163829340,79:39:39:CC:D8:A4,-103
BLE,1670727924296557511,42:82:F6:CB:7B:27,-99
BLE,1670727924666378946,61:77:15:FE:A4:6A,-100
BLE,1670727924752719710,65:6D:E9:9C:99:EE,-97
BLE,1670727924829623212,63:DD:A1:67:56:A8,-85
BLE,1670727924836649920,42:82:F6:CB:7B:27,-89
BLE,1670727925008759165,EB:36:96:6E:E3:65,-82
BLE,1670727925272281947,65:6D:E9:9C:99:EE,-86
BLE,1670727925376584373,42:82:F6:CB:7B:27,-88
BLE,1670727925391981357,63:DD:A1:67:56:A8,-97
BLE,1670727925646637119,42:82:F6:CB:7B:27,-91
BLE,1670727925787461486,65:6D:E9:9C:99:EE,-87
BLE,1670727925789153382,61:77:15:FE:A4:6A,-94
BLE,1670727925916571992,42:82:F6:CB:7B:27,-99
BLE,1670727926084456578,C8:B2:1E:C1:4C:16,-91
BLE,1670727926189086875,42:82:F6:CB:7B:27,-88
BLE,1670727926203250749,63:DD:A1:67:56:A8,-98
BLE,1670727926473262662,63:DD:A1:67:56:A8,-98
BLE,1670727926524802757,EC:53:06:D9:76:BD,-92
BLE,1670727926534445934,61:77:15:FE:A4:6A,-90
BLE,1670727927011371595,EB:36:96:6E:E3:65,-81
BLE,1670727927032055015,63:DD:A1:67:56:A8,-85
BLE,1670727927306225337,63:DD:A1:67:56:A8,-99
BLE,1670727927592592556,65:6D:E9:9C:99:EE,-99
BLE,1670727927849671290,63:DD:A1:67:56:A8,-104
BLE,1670727928029200363,61:77:15:FE:A4:6A,-104
BLE,1670727928096709435,42:82:F6:CB:7B:27,-99
BLE,1670727928355731521,65:6D:E9:9C:99:EE,-100
BLE,1670727928366677599,42:82:F6:CB:7B:27,-98
BLE,1670727928535026138,EC:53:06:D9:76:BD,-101
BLE,1670727928636625971,42:82:F6:CB:7B:27,-99
BLE,1670727928675756339,63:DD:A1:67:56:A8,-96
BLE,1670727929012540750,EB:36:96:6E:E3:65,-80
BLE,1670727929140118816,61:77:15:FE:A4:6A,-100
BLE,1670727929176628756,42:82:F6:CB:7B:27,-98
BLE,1670727930051044981,63:DD:A1:67:56:A8,-96
BLE,1670727930067861614,61:77:15:FE:A4:6A,-100
BLE,1670727930821793605,42:82:F6:CB:7B:27,-101
BLE,1670727931015133846,EB:36:96:6E:E3:65,-82
BLE,1670727931094385612,42:82:F6:CB:7B:27,-101
BLE,1670727931364266194,42:82:F6:CB:7B:27,-99
BLE,1670727931634251732,42:82:F6:CB:7B:27,-100
BLE,1670727931695767292,63:DD:A1:67:56:A8,-95
BLE,1670727931976309497,65:6D:E9:9C:99:EE,-98
BLE,1670727932174328642,42:82:F6:CB:7B:27,-98
BLE,1670727932492844353,65:6D:E9:9C:99:EE,-100
BLE,1670727933018919137,EB:36:96:6E:E3:65,-81
BLE,1670727933068274134,63:DD:A1:67:56:A8,-98
BLE,1670727933618145801,61:77:15:FE:A4:6A,-103
BLE,1670727934164588802,63:DD:A1:67:56:A8,-96
BLE,1670727934351835866,42:82:F6:CB:7B:27,-98
BLE,1670727934623070432,42:82:F6:CB:7B:27,-98
BLE,1670727934893020929,42:82:F6:CB:7B:27,-88
BLE,1670727935021463276,EB:36:96:6E:E3:65,-66
BLE,1670727935165498521,42:82:F6:CB:7B:27,-100
BLE,1670727935298805186,61:77:15:FE:A4:6A,-102
BLE,1670727935435574642,42:82:F6:CB:7B:27,-98
BLE,1670727935597620006,65:6D:E9:9C:99:EE,-97
BLE,1670727935708054484,42:82:F6:CB:7B:27,-99
BLE,1670727935811879583,63:DD:A1:67:56:A8,-95
BLE,1670727936640746349,63:DD:A1:67:56:A8,-95
BLE,1670727936910634347,63:DD:A1:67:56:A8,-99
BLE,1670727937022841471,EB:36:96:6E:E3:65,-82
BLE,1670727937401953794,65:6D:E9:9C:99:EE,-99
BLE,1670727937615571670,42:82:F6:CB:7B:27,-100
BLE,1670727937890635149,61:77:15:FE:A4:6A,-91
BLE,1670727938156811107,42:82:F6:CB:7B:27,-101
BLE,1670727938166450409,65:6D:E9:9C:99:EE,-98
BLE,1670727938426800813,42:82:F6:CB:7B:27,-98
BLE,1670727938555551573,63:DD:A1:67:56:A8,-97
BLE,1670727938631319797,61:77:15:FE:A4:6A,-102
BLE,1670727938681915820,65:6D:E9:9C:99:EE,-99
BLE,1670727938696876309,42:82:F6:CB:7B:27,-98
BLE,1670727938966899597,42:82:F6:CB:7B:27,-98
BLE,1670727939022620976,EB:36:96:6E:E3:65,-79
BLE,1670727939506884007,42:82:F6:CB:7B:27,-100
BLE,1670727939573587797,61:77:15:FE:A4:6A,-102
BLE,1670727939779330683,42:82:F6:CB:7B:27,-102
BLE,1670727939928539325,63:DD:A1:67:56:A8,-87
BLE,1670727940049350430,42:82:F6:CB:7B:27,-101
BLE,1670727940199394728,63:DD:A1:67:56:A8,-97
BLE,1670727940504043980,65:6D:E9:9C:99:EE,-87
BLE,1670727942057531377,65:6D:E9:9C:99:EE,-99
BLE,1670727942555744576,EC:53:06:D9:76:BD,-104
BLE,1670727942572318753,65:6D:E9:9C:99:EE,-99
BLE,1670727942766896064,42:82:F6:CB:7B:27,-98
BLE,1670727943027760086,EB:36:96:6E:E3:65,-68
BLE,1670727943039402948,42:82:F6:CB:7B:27,-91
BLE,1670727943075024232,14:BB:6E:11:32:18,-104
BLE,1670727943309596359,42:82:F6:CB:7B:27,-98
BLE,1670727943508071456,63:DD:A1:67:56:A8,-86
BLE,1670727943579422399,42:82:F6:CB:7B:27,-86
BLE,1670727943849458271,42:82:F6:CB:7B:27,-91
BLE,1670727944077120021,61:77:15:FE:A4:6A,-91
BLE,1670727944123206181,42:82:F6:CB:7B:27,-99
BLE,1670727944642273674,65:6D:E9:9C:99:EE,-88
BLE,1670727945027742297,EB:36:96:6E:E3:65,-79
BLE,1670727945150491462,63:DD:A1:67:56:A8,-97
BLE,1670727945163928469,65:6D:E9:9C:99:EE,-97
BLE,1670727945979425852,63:DD:A1:67:56:A8,-85
BLE,1670727946198080543,65:6D:E9:9C:99:EE,-98
BLE,1670727947032826572,EB:36:96:6E:E3:65,-79
BLE,1670727947109479536,42:82:F6:CB:7B:27,-100
BLE,1670727947380800475,42:82:F6:CB:7B:27,-101
BLE,1670727947450298898,61:77:15:FE:A4:6A,-104
BLE,1670727947652291704,42:82:F6:CB:7B:27,-97
BLE,1670727947748413644,65:6D:E9:9C:99:EE,-99
BLE,1670727948184202002,63:DD:A1:67:56:A8,-86
BLE,1670727949038255385,EB:36:96:6E:E3:65,-81
BLE,1670727949301727335,65:6D:E9:9C:99:EE,-89
BLE,1670727949433711765,79:39:39:CC:D8:A4,-91
BLE,1670727949559571060,63:DD:A1:67:56:A8,-97
BLE,1670727949600175327,14:BB:6E:11:32:18,-91
BLE,1670727949682855843,61:77:15:FE:A4:6A,-91
BLE,1670727949817632698,65:6D:E9:9C:99:EE,-87
BLE,1670727949830400588,63:DD:A1:67:56:A8,-85
BLE,1670727950100604541,63:DD:A1:67:56:A8,-97
BLE,1670727950832946413,65:6D:E9:9C:99:EE,-100
BLE,1670727951040722442,EB:36:96:6E:E3:65,-80
BLE,1670727951739156093,63:DD:A1:67:56:A8,-96
BLE,1670727952010405908,63:DD:A1:67:56:A8,-96
BLE,1670727952534880878,42:82:F6:CB:7B:27,-99
BLE,1670727952573875539,EC:53:06:D9:76:BD,-109
BLE,1670727952665401325,61:77:15:FE:A4:6A,-107
BLE,1670727952805837822,42:82:F6:CB:7B:27,-98
BLE,1670727953111653059,63:DD:A1:67:56:A8,-98
BLE,1670727953382872125,63:DD:A1:67:56:A8,-97
BLE,1670727953688299658,65:6D:E9:9C:99:EE,-102
BLE,1670727954551954386,14:BB:6E:11:32:18,-100
BLE,1670727954708388233,65:6D:E9:9C:99:EE,-105
BLE,1670727954899587501,61:77:15:FE:A4:6A,-90
BLE,1670727955040455242,EB:36:96:6E:E3:65,-65
BLE,1670727955045509973,63:DD:A1:67:56:A8,-84
BLE,1670727955226432696,65:6D:E9:9C:99:EE,-90
BLE,1670727955527196452,42:82:F6:CB:7B:27,-99
BLE,1670727955738414065,65:6D:E9:9C:99:EE,-87
BLE,1670727955797114783,42:82:F6:CB:7B:27,-90
BLE,1670727955878032321,63:DD:A1:67:56:A8,-84
BLE,1670727956710682500,63:DD:A1:67:56:A8,-85
BLE,1670727957042593427,65:6D:E9:9C:99:EE,-99
BLE,1670727957044238866,EB:36:96:6E:E3:65,-80
BLE,1670727958109474987,63:DD:A1:67:56:A8,-95
BLE,1670727958247224765,42:82:F6:CB:7B:27,-98
BLE,1670727958520939218,42:82:F6:CB:7B:27,-99
BLE,1670727958791010797,42:82:F6:CB:7B:27,-90
BLE,1670727959044484532,EB:36:96:6E:E3:65,-65
BLE,1670727959483051024,63:DD:A1:67:56:A8,-84
BLE,1670727959632887033,65:6D:E9:9C:99:EE,-85
BLE,1670727959842477499,14:BB:6E:11:32:18,-92
BLE,1670727960688266272,61:77:15:FE:A4:6A,-91
BLE,1670727960855394075,63:DD:A1:67:56:A8,-95
BLE,1670727961045599313,EB:36:96:6E:E3:65,-79
BLE,1670727961246365800,42:82:F6:CB:7B:27,-100
BLE,1670727961453510794,65:6D:E9:9C:99:EE,-100
BLE,1670727961685711282,63:DD:A1:67:56:A8,-96
BLE,1670727961957902336,63:DD:A1:67:56:A8,-85
BLE,1670727962612361302,42:82:F6:CB:7B:27,-100
BLE,1670727962882262300,42:82:F6:CB:7B:27,-98
BLE,1670727963003828562,65:6D:E9:9C:99:EE,-99
BLE,1670727963048132035,EB:36:96:6E:E3:65,-79
BLE,1670727963056647351,63:DD:A1:67:56:A8,-98
BLE,1670727963154882391,42:82:F6:CB:7B:27,-98
BLE,1670727963329201234,63:DD:A1:67:56:A8,-97
BLE,1670727963427569147,42:82:F6:CB:7B:27,-99
BLE,1670727963524349829,65:6D:E9:9C:99:EE,-99
BLE,1670727963697379146,42:82:F6:CB:7B:27,-89
BLE,1670727963967298894,42:82:F6:CB:7B:27,-98
BLE,1670727964289964556,65:6D:E9:9C:99:EE,-97
BLE,1670727964429193275,63:DD:A1:67:56:A8,-98
BLE,1670727964702869728,63:DD:A1:67:56:A8,-96
BLE,1670727964808815634,65:6D:E9:9C:99:EE,-98
BLE,1670727965051950867,EB:36:96:6E:E3:65,-79
BLE,1670727965134703966,61:77:15:FE:A4:6A,-101
BLE,1670727965395662237,14:BB:6E:11:32:18,-102
BLE,1670727965535356034,63:DD:A1:67:56:A8,-96
BLE,1670727965839838329,65:6D:E9:9C:99:EE,-99
BLE,1670727966094307219,63:DD:A1:67:56:A8,-96
BLE,1670727966147498086,42:82:F6:CB:7B:27,-98
BLE,1670727966419905096,42:82:F6:CB:7B:27,-98
BLE,1670727966689895760,42:82:F6:CB:7B:27,-101
BLE,1670727967052017827,EB:36:96:6E:E3:65,-79
BLE,1670727967124352467,65:6D:E9:9C:99:EE,-99
BLE,1670727967368884392,61:77:15:FE:A4:6A,-101
BLE,1670727967469156199,63:DD:A1:67:56:A8,-97
BLE,1670727967639485715,65:6D:E9:9C:99:EE,-98
BLE,1670727968301946627,63:DD:A1:67:56:A8,-97
BLE,1670727968407686119,65:6D:E9:9C:99:EE,-88
BLE,1670727968597527069,42:82:F6:CB:7B:27,-97
BLE,1670727968861655594,63:DD:A1:67:56:A8,-97
BLE,1670727968870049078,42:82:F6:CB:7B:27,-99
BLE,1670727969053066692,EB:36:96:6E:E3:65,-80
BLE,1670727969135245715,63:DD:A1:67:56:A8,-97
BLE,1670727969140010033,42:82:F6:CB:7B:27,-99
BLE,1670727969411309014,42:82:F6:CB:7B:27,-99
BLE,1670727969681282470,42:82:F6:CB:7B:27,-97
BLE,1670727969821369929,61:77:15:FE:A4:6A,-104
BLE,1670727969951344924,42:82:F6:CB:7B:27,-89
BLE,1670727970513176825,63:DD:A1:67:56:A8,-90
BLE,1670727970968672824,65:6D:E9:9C:99:EE,-87
BLE,1670727971058446547,EB:36:96:6E:E3:65,-65
BLE,1670727971065710461,63:DD:A1:67:56:A8,-89
BLE,1670727971219212552,65:6D:E9:9C:99:EE,-87
BLE,1670727971339126792,63:DD:A1:67:56:A8,-84
BLE,1670727972441901050,63:DD:A1:67:56:A8,-97
BLE,1670727972522282719,65:6D:E9:9C:99:EE,-99
BLE,1670727972670159377,42:82:F6:CB:7B:27,-98
BLE,1670727972814265954,61:77:15:FE:A4:6A,-103
BLE,1670727972941365526,42:82:F6:CB:7B:27,-100
BLE,1670727973058148679,EB:36:96:6E:E3:65,-79
BLE,1670727973195693459,61:77:15:FE:A4:6A,-103
BLE,1670727973274478564,63:DD:A1:67:56:A8,-98
BLE,1670727973545209302,63:DD:A1:67:56:A8,-85
BLE,1670727973939392363,61:77:15:FE:A4:6A,-91
BLE,1670727974104022988,63:DD:A1:67:56:A8,-98
BLE,1670727974251120655,79:39:39:CC:D8:A4,-101
BLE,1670727974324038913,65:6D:E9:9C:99:EE,-99
BLE,1670727974377647650,63:DD:A1:67:56:A8,-86
BLE,1670727975058456386,EB:36:96:6E:E3:65,-80
BLE,1670727975359425889,65:6D:E9:9C:99:EE,-98
BLE,1670727976042767928,63:DD:A1:67:56:A8,-97
BLE,1670727976390947120,65:6D:E9:9C:99:EE,-86
BLE,1670727976534456079,61:77:15:FE:A4:6A,-105
BLE,1670727977058508054,EB:36:96:6E:E3:65,-80
BLE,1670727977284037372,42:82:F6:CB:7B:27,-100
BLE,1670727977557646367,42:82:F6:CB:7B:27,-99
BLE,1670727977945321548,65:6D:E9:9C:99:EE,-98
BLE,1670727978032856090,61:77:15:FE:A4:6A,-101
BLE,1670727978787767527,63:DD:A1:67:56:A8,-95
BLE,1670727979062098181,EB:36:96:6E:E3:65,-79
BLE,1670727979076497759,63:DD:A1:67:56:A8,-85
BLE,1670727979230938464,65:6D:E9:9C:99:EE,-87
BLE,1670727980264713584,65:6D:E9:9C:99:EE,-100
BLE,1670727980697011692,63:DD:A1:67:56:A8,-87
BLE,1670727980780757363,65:6D:E9:9C:99:EE,-99
BLE,1670727981086479310,42:82:F6:CB:7B:27,-100
BLE,1670727981358094579,42:82:F6:CB:7B:27,-99
BLE,1670727981630363174,42:82:F6:CB:7B:27,-101
BLE,1670727981769443978,61:77:15:FE:A4:6A,-104
BLE,1670727981814607566,65:6D:E9:9C:99:EE,-100
BLE,1670727981900194048,42:82:F6:CB:7B:27,-98
BLE,1670727981950835154,61:77:15:FE:A4:6A,-103
BLE,1670727982651022700,EC:53:06:D9:76:BD,-100
BLE,1670727982691652675,61:77:15:FE:A4:6A,-100
BLE,1670727982882677611,63:DD:A1:67:56:A8,-96
BLE,1670727983062824719,EB:36:96:6E:E3:65,-81
BLE,1670727983152656192,63:DD:A1:67:56:A8,-98
BLE,1670727985063335048,EB:36:96:6E:E3:65,-66
BLE,1670727985332619679,63:DD:A1:67:56:A8,-97
BLE,1670727985413517591,65:6D:E9:9C:99:EE,-98
BLE,1670727985602564176,63:DD:A1:67:56:A8,-85
BLE,1670727985697810252,42:82:F6:CB:7B:27,-99
BLE,1670727986224556236,61:77:15:FE:A4:6A,-102
BLE,1670727986240306882,42:82:F6:CB:7B:27,-93
BLE,1670727986448880276,65:6D:E9:9C:99:EE,-90
BLE,1670727986703793994,63:DD:A1:67:56:A8,-84
BLE,1670727986966300830,65:6D:E9:9C:99:EE,-97
BLE,1670727987063100720,EB:36:96:6E:E3:65,-80
BLE,1670727987147120221,61:77:15:FE:A4:6A,-100
BLE,1670727987883564795,61:77:15:FE:A4:6A,-104
BLE,1670727988249467026,65:6D:E9:9C:99:EE,-98
BLE,1670727988691718182,42:82:F6:CB:7B:27,-100
BLE,1670727988961652971,42:82:F6:CB:7B:27,-100
BLE,1670727989012967152,65:6D:E9:9C:99:EE,-99
BLE,1670727989194884364,61:77:15:FE:A4:6A,-102
BLE,1670727989232877703,42:82:F6:CB:7B:27,-100
BLE,1670727989447488234,63:DD:A1:67:56:A8,-98
BLE,1670727989502853450,42:82:F6:CB:7B:27,-99
BLE,1670727989722643461,63:DD:A1:67:56:A8,-98
BLE,1670727989772902530,42:82:F6:CB:7B:27,-101
BLE,1670727990044138179,42:82:F6:CB:7B:27,-98
BLE,1670727990049125703,65:6D:E9:9C:99:EE,-98
BLE,1670727991084493096,65:6D:E9:9C:99:EE,-98
BLE,1670727991600552666,65:6D:E9:9C:99:EE,-99
BLE,1670727991682911478,42:82:F6:CB:7B:27,-100
BLE,1670727991927418486,63:DD:A1:67:56:A8,-96
BLE,1670727991956663888,42:82:F6:CB:7B:27,-100
BLE,1670727992204899186,63:DD:A1:67:56:A8,-102
BLE,1670727992226662219,42:82:F6:CB:7B:27,-99
BLE,1670727992496658674,42:82:F6:CB:7B:27,-98
BLE,1670727992562171269,61:77:15:FE:A4:6A,-100
BLE,1670727992638092408,65:6D:E9:9C:99:EE,-97
BLE,1670727992758953554,63:DD:A1:67:56:A8,-95
BLE,1670727992767927697,42:82:F6:CB:7B:27,-101
BLE,1670727993029961789,63:DD:A1:67:56:A8,-98
BLE,1670727993037880819,42:82:F6:CB:7B:27,-99
BLE,1670727993066631561,EB:36:96:6E:E3:65,-79
BLE,1670727993301331977,63:DD:A1:67:56:A8,-95
BLE,1670727993848728675,63:DD:A1:67:56:A8,-102
BLE,1670727994933208734,65:6D:E9:9C:99:EE,-104
BLE,1670727994938739085,63:DD:A1:67:56:A8,-87
BLE,1670727995070376352,EB:36:96:6E:E3:65,-79
BLE,1670727995209848901,63:DD:A1:67:56:A8,-97
BLE,1670727995480606306,63:DD:A1:67:56:A8,-84
BLE,1670727995749968769,63:DD:A1:67:56:A8,-97
BLE,1670727996295605862,42:82:F6:CB:7B:27,-88
BLE,1670727996733314447,65:6D:E9:9C:99:EE,-99
BLE,1670727997070504103,EB:36:96:6E:E3:65,-79
BLE,1670727997109565055,42:82:F6:CB:7B:27,-98
BLE,1670727997380640289,42:82:F6:CB:7B:27,-101
BLE,1670727997412940947,63:DD:A1:67:56:A8,-96
BLE,1670727997684930670,63:DD:A1:67:56:A8,-96
BLE,1670727998175039048,61:77:15:FE:A4:6A,-102
BLE,1670727998554034249,61:77:15:FE:A4:6A,-100
BLE,1670727998748037441,42:82:F6:CB:7B:27,-97
BLE,1670727999059849190,63:DD:A1:67:56:A8,-95
BLE,1670727999070551230,EB:36:96:6E:E3:65,-79
BLE,1670727999291797848,42:82:F6:CB:7B:27,-101
BLE,1670727999833274241,42:82:F6:CB:7B:27,-99
BLE,1670727999892428787,63:DD:A1:67:56:A8,-96
BLE,1670728000451312056,63:DD:A1:67:56:A8,-96
BLE,1670728000971825990,61:77:15:FE:A4:6A,-91
BLE,1670728001073125493,EB:36:96:6E:E3:65,-79
BLE,1670728001473136986,42:82:F6:CB:7B:27,-97
BLE,1670728001727658500,61:77:15:FE:A4:6A,-103
BLE,1670728002101160015,63:DD:A1:67:56:A8,-92
BLE,1670728003075740882,EB:36:96:6E:E3:65,-65
BLE,1670728003113093271,42:82:F6:CB:7B:27,-99
BLE,1670728003197314935,63:DD:A1:67:56:A8,-96
BLE,1670728003383096684,42:82:F6:CB:7B:27,-89
BLE,1670728003658103371,42:82:F6:CB:7B:27,-100
BLE,1670728004300133110,63:DD:A1:67:56:A8,-96
BLE,1670728004695886902,61:77:15:FE:A4:6A,-94
BLE,1670728004811772024,C8:B2:1E:C1:4C:16,-90
BLE,1670728004884884196,61:77:15:FE:A4:6A,-91
BLE,1670728005296951503,42:82:F6:CB:7B:27,-101
BLE,1670728005403760566,63:DD:A1:67:56:A8,-95
BLE,1670728005445896273,14:BB:6E:11:32:18,-101
BLE,1670728005566891209,42:82:F6:CB:7B:27,-98
BLE,1670728005836984829,42:82:F6:CB:7B:27,-99
BLE,1670728006109722335,42:82:F6:CB:7B:27,-99
BLE,1670728006236466286,63:DD:A1:67:56:A8,-96
BLE,1670728006380552239,42:82:F6:CB:7B:27,-100
BLE,1670728006508620632,63:DD:A1:67:56:A8,-96
BLE,1670728006650611152,42:82:F6:CB:7B:27,-101
BLE,1670728006814172831,65:6D:E9:9C:99:EE,-100
BLE,1670728006920550274,42:82:F6:CB:7B:27,-100
BLE,1670728007076747624,EB:36:96:6E:E3:65,-80
BLE,1670728007337417732,63:DD:A1:67:56:A8,-95
BLE,1670728007611074686,63:DD:A1:67:56:A8,-98
BLE,1670728008240642155,14:BB:6E:11:32:18,-90
BLE,1670728008349729441,65:6D:E9:9C:99:EE,-90
BLE,1670728008698857538,63:DD:A1:67:56:A8,-92
BLE,1670728009080585665,EB:36:96:6E:E3:65,-69
BLE,1670728009251250343,63:DD:A1:67:56:A8,-98
BLE,1670728009966173131,C8:B2:1E:C1:4C:16,-90
BLE,1670728010179492260,42:82:F6:CB:7B:27,-98
BLE,1670728010330776377,61:77:15:FE:A4:6A,-102
BLE,1670728010450742701,42:82:F6:CB:7B:27,-101
BLE,1670728010990990066,42:82:F6:CB:7B:27,-99
BLE,1670728011083099304,EB:36:96:6E:E3:65,-79
BLE,1670728011260822107,42:82:F6:CB:7B:27,-99
BLE,1670728011530741896,42:82:F6:CB:7B:27,-100
BLE,1670728011800710685,42:82:F6:CB:7B:27,-100
BLE,1670728012556190407,14:BB:6E:11:32:18,-101
BLE,1670728012738226825,EC:53:06:D9:76:BD,-105
BLE,1670728013085792274,EB:36:96:6E:E3:65,-80
BLE,1670728013617502700,63:DD:A1:67:56:A8,-97
BLE,1670728013832416477,C8:B2:1E:C1:4C:16,-100
BLE,1670728013887349782,63:DD:A1:67:56:A8,-95
BLE,1670728014441592606,61:77:15:FE:A4:6A,-103
BLE,1670728015527611355,63:DD:A1:67:56:A8,-84
BLE,1670728015600833192,42:82:F6:CB:7B:27,-90
BLE,1670728015875730964,42:82:F6:CB:7B:27,-87
BLE,1670728016145743544,42:82:F6:CB:7B:27,-100
BLE,1670728016628630592,63:DD:A1:67:56:A8,-84
BLE,1670728016903402032,63:DD:A1:67:56:A8,-97
BLE,1670728017089487694,EB:36:96:6E:E3:65,-79
BLE,1670728017613464295,61:77:15:FE:A4:6A,-101
BLE,1670728018053437144,42:82:F6:CB:7B:27,-97
BLE,1670728018323452433,42:82:F6:CB:7B:27,-98
BLE,1670728018541099802,63:DD:A1:67:56:A8,-98
BLE,1670728018595814693,42:82:F6:CB:7B:27,-102
BLE,1670728018757923182,EC:53:06:D9:76:BD,-103
BLE,1670728018812281702,63:DD:A1:67:56:A8,-96
BLE,1670728018868213995,42:82:F6:CB:7B:27,-100
BLE,1670728019082271990,63:DD:A1:67:56:A8,-97
BLE,1670728019839026489,61:77:15:FE:A4:6A,-101
BLE,1670728019917326099,63:DD:A1:67:56:A8,-96
BLE,1670728020636559878,14:BB:6E:11:32:18,-103
BLE,1670728020765645051,EC:53:06:D9:76:BD,-102
BLE,1670728021019685904,63:DD:A1:67:56:A8,-98
BLE,1670728021324214198,61:77:15:FE:A4:6A,-102
BLE,1670728022121118803,63:DD:A1:67:56:A8,-96
BLE,1670728022127101357,42:82:F6:CB:7B:27,-100
BLE,1670728022399689281,42:82:F6:CB:7B:27,-100
BLE,1670728022561505148,65:6D:E9:9C:99:EE,-103
BLE,1670728023097162318,EB:36:96:6E:E3:65,-79
BLE,1670728023225038256,63:DD:A1:67:56:A8,-96
BLE,1670728023733679080,61:77:15:FE:A4:6A,-103
BLE,1670728024309764645,42:82:F6:CB:7B:27,-98
BLE,1670728024579561352,42:82:F6:CB:7B:27,-101
BLE,1670728024593275064,63:DD:A1:67:56:A8,-96
BLE,1670728024865782448,63:DD:A1:67:56:A8,-97
BLE,1670728025097083280,EB:36:96:6E:E3:65,-79
BLE,1670728025138177874,63:DD:A1:67:56:A8,-85
BLE,1670728025221263178,61:77:15:FE:A4:6A,-101
BLE,1670728025968412832,63:DD:A1:67:56:A8,-97
BLE,1670728026491111282,42:82:F6:CB:7B:27,-98
BLE,1670728026525317542,61:77:15:FE:A4:6A,-104
BLE,1670728026763447376,42:82:F6:CB:7B:27,-101
BLE,1670728026795215415,EC:53:06:D9:76:BD,-101
BLE,1670728027033457622,42:82:F6:CB:7B:27,-102
BLE,1670728027101055318,EB:36:96:6E:E3:65,-80
BLE,1670728027144661883,79:39:39:CC:D8:A4,-100
BLE,1670728027338435912,63:DD:A1:67:56:A8,-97
BLE,1670728027609689810,63:DD:A1:67:56:A8,-97
BLE,1670728029102677802,EB:36:96:6E:E3:65,-79
BLE,1670728029229200338,65:6D:E9:9C:99:EE,-106
BLE,1670728030359888181,63:DD:A1:67:56:A8,-88
BLE,1670728030797885388,EC:53:06:D9:76:BD,-91
BLE,1670728031043801338,61:77:15:FE:A4:6A,-91
BLE,1670728031104933611,EB:36:96:6E:E3:65,-65
BLE,1670728031729713679,63:DD:A1:67:56:A8,-86
BLE,1670728031798068574,14:BB:6E:11:32:18,-90
BLE,1670728032800420360,EC:53:06:D9:76:BD,-102
BLE,1670728032831953277,63:DD:A1:67:56:A8,-96
BLE,1670728032993501564,42:82:F6:CB:7B:27,-99
BLE,1670728033266242361,42:82:F6:CB:7B:27,-100
BLE,1670728033536129526,42:82:F6:CB:7B:27,-89
BLE,1670728033634245151,61:77:15:FE:A4:6A,-100
BLE,1670728033667147759,63:DD:A1:67:56:A8,-87
BLE,1670728033806070065,42:82:F6:CB:7B:27,-90
BLE,1670728034229639610,63:DD:A1:67:56:A8,-96
BLE,1670728034493720261,63:DD:A1:67:56:A8,-84
BLE,1670728034757263668,61:77:15:FE:A4:6A,-102
BLE,1670728035319944642,61:77:15:FE:A4:6A,-88
BLE,1670728035434445363,65:6D:E9:9C:99:EE,-99
BLE,1670728035716186553,42:82:F6:CB:7B:27,-98
BLE,1670728035868232412,63:DD:A1:67:56:A8,-96
BLE,1670728035989822299,42:82:F6:CB:7B:27,-100
BLE,1670728036259995502,42:82:F6:CB:7B:27,-101
BLE,1670728036529862333,42:82:F6:CB:7B:27,-97
BLE,1670728036811566399,EC:53:06:D9:76:BD,-100
BLE,1670728036970672965,63:DD:A1:67:56:A8,-98
BLE,1670728037111367375,EB:36:96:6E:E3:65,-79
BLE,1670728038811480528,EC:53:06:D9:76:BD,-89
BLE,1670728039115214207,EB:36:96:6E:E3:65,-66
BLE,1670728039421862643,63:DD:A1:67:56:A8,-86
BLE,1670728039518631242,42:82:F6:CB:7B:27,-91
BLE,1670728039696932162,63:DD:A1:67:56:A8,-97
BLE,1670728039729759147,C8:B2:1E:C1:4C:16,-90
BLE,1670728039791130625,42:82:F6:CB:7B:27,-88
BLE,1670728040061343245,42:82:F6:CB:7B:27,-98
BLE,1670728040526967789,63:DD:A1:67:56:A8,-97
BLE,1670728040618631991,14:BB:6E:11:32:18,-91
BLE,1670728042026810658,61:77:15:FE:A4:6A,-102
BLE,1670728042442228300,63:DD:A1:67:56:A8,-100
BLE,1670728042512493047,42:82:F6:CB:7B:27,-99
BLE,1670728042771708381,61:77:15:FE:A4:6A,-99
BLE,1670728043052456625,42:82:F6:CB:7B:27,-97
BLE,1670728043274354944,63:DD:A1:67:56:A8,-98
BLE,1670728043324927176,42:82:F6:CB:7B:27,-98
BLE,1670728043594973797,42:82:F6:CB:7B:27,-99
BLE,1670728044104315530,63:DD:A1:67:56:A8,-96
BLE,1670728044825709199,EC:53:06:D9:76:BD,-103
BLE,1670728044884921953,C8:B2:1E:C1:4C:16,-105
BLE,1670728045118407301,EB:36:96:6E:E3:65,-81
BLE,1670728045178517711,61:77:15:FE:A4:6A,-92
BLE,1670728045208110901,63:DD:A1:67:56:A8,-95
BLE,1670728045505066494,42:82:F6:CB:7B:27,-87
BLE,1670728045777519461,42:82:F6:CB:7B:27,-99
BLE,1670728046847063614,63:DD:A1:67:56:A8,-86
BLE,1670728047683159294,63:DD:A1:67:56:A8,-97
BLE,1670728047974956574,61:77:15:FE:A4:6A,-92
BLE,1670728048528213951,61:77:15:FE:A4:6A,-103
BLE,1670728049123778909,EB:36:96:6E:E3:65,-80
BLE,1670728049306357112,42:82:F6:CB:7B:27,-100
BLE,1670728049578849996,42:82:F6:CB:7B:27,-104
BLE,1670728050021658896,61:77:15:FE:A4:6A,-90
BLE,1670728050425561175,63:DD:A1:67:56:A8,-97
BLE,1670728050957207643,61:77:15:FE:A4:6A,-103
BLE,1670728052299083973,42:82:F6:CB:7B:27,-98
BLE,1670728052568836098,42:82:F6:CB:7B:27,-100
BLE,1670728052842700007,42:82:F6:CB:7B:27,-101
BLE,1670728053112586505,42:82:F6:CB:7B:27,-98
BLE,1670728053170505691,63:DD:A1:67:56:A8,-97
BLE,1670728053769607940,61:77:15:FE:A4:6A,-104
BLE,1670728054274607309,63:DD:A1:67:56:A8,-96
BLE,1670728055131214786,EB:36:96:6E:E3:65,-82
BLE,1670728055265481689,61:77:15:FE:A4:6A,-107
BLE,1670728055919497993,63:DD:A1:67:56:A8,-96
BLE,1670728056119634904,14:BB:6E:11:32:18,-102
BLE,1670728056189298034,63:DD:A1:67:56:A8,-95
BLE,1670728056945325041,61:77:15:FE:A4:6A,-106
BLE,1670728057132653688,EB:36:96:6E:E3:65,-82
BLE,1670728057828153582,63:DD:A1:67:56:A8,-98
BLE,1670728058261556010,42:82:F6:CB:7B:27,-100
BLE,1670728058454408966,61:77:15:FE:A4:6A,-102
BLE,1670728058536293868,42:82:F6:CB:7B:27,-97
BLE,1670728058929363650,63:DD:A1:67:56:A8,-95
BLE,1670728059136250356,EB:36:96:6E:E3:65,-67
BLE,1670728059774279601,EC:01:68:7B:03:7E,-98
BLE,1670728060574812662,63:DD:A1:67:56:A8,-85
BLE,1670728061138869578,EB:36:96:6E:E3:65,-66
BLE,1670728061159291710,42:FB:3F:94:9C:5B,-88
BLE,1670728061255171069,42:82:F6:CB:7B:27,-89
BLE,1670728061526409010,42:82:F6:CB:7B:27,-88
BLE,1670728061676739388,14:BB:6E:11:32:18,-90
BLE,1670728061704249186,42:FB:3F:94:9C:5B,-92
BLE,1670728061776764615,EC:01:68:7B:03:7E,-95
BLE,1670728061796381132,42:82:F6:CB:7B:27,-101
BLE,1670728062066390378,42:82:F6:CB:7B:27,-99
BLE,1670728062796232572,42:FB:3F:94:9C:5B,-97
BLE,1670728062859821941,EC:53:06:D9:76:BD,-103
BLE,1670728063066164195,42:FB:3F:94:9C:5B,-96
BLE,1670728063313123716,61:77:15:FE:A4:6A,-89
BLE,1670728063320713959,63:DD:A1:67:56:A8,-86
BLE,1670728063335903528,42:FB:3F:94:9C:5B,-82
BLE,1670728063609444858,42:FB:3F:94:9C:5B,-92
BLE,1670728063779386836,EC:01:68:7B:03:7E,-75
BLE,1670728063880679506,42:FB:3F:94:9C:5B,-77
BLE,1670728064149310478,63:DD:A1:67:56:A8,-96
BLE,1670728064154215920,42:FB:3F:94:9C:5B,-85
BLE,1670728064420571585,63:DD:A1:67:56:A8,-84
BLE,1670728064577387511,65:6D:E9:9C:99:EE,-102
BLE,1670728064586432404,DC:44:28:99:C1:BE,-102
BLE,1670728064694537368,63:DD:A1:67:56:A8,-85
BLE,1670728064696772716,42:FB:3F:94:9C:5B,-78
BLE,1670728064790294104,42:82:F6:CB:7B:27,-100
BLE,1670728064970436753,42:FB:3F:94:9C:5B,-83
BLE,1670728065092405427,65:6D:E9:9C:99:EE,-88
BLE,1670728065143931606,EB:36:96:6E:E3:65,-66
BLE,1670728065514728278,42:FB:3F:94:9C:5B,-92
BLE,1670728065780711115,EC:01:68:7B:03:7E,-87
BLE,1670728065787121997,42:FB:3F:94:9C:5B,-94
BLE,1670728065791951856,63:DD:A1:67:56:A8,-85
BLE,1670728066059682172,42:FB:3F:94:9C:5B,-76
BLE,1670728066065543060,63:DD:A1:67:56:A8,-95
BLE,1670728066111793093,65:6D:E9:9C:99:EE,-99
BLE,1670728066334298822,42:FB:3F:94:9C:5B,-78
BLE,1670728066882173263,42:FB:3F:94:9C:5B,-81
BLE,1670728067146625743,EB:36:96:6E:E3:65,-81
BLE,1670728067151664975,42:FB:3F:94:9C:5B,-91
BLE,1670728067409143662,61:77:15:FE:A4:6A,-101
BLE,1670728067422946789,42:FB:3F:94:9C:5B,-82
BLE,1670728067435698513,63:DD:A1:67:56:A8,-97
BLE,1670728067597186675,61:77:15:FE:A4:6A,-105
BLE,1670728067692848704,42:FB:3F:94:9C:5B,-88
BLE,1670728067708034857,63:DD:A1:67:56:A8,-96
BLE,1670728067781474983,42:82:F6:CB:7B:27,-100
BLE,1670728067786765420,61:77:15:FE:A4:6A,-102
BLE,1670728068052730507,42:82:F6:CB:7B:27,-100
BLE,1670728068239563951,42:FB:3F:94:9C:5B,-84
BLE,1670728068514505764,42:FB:3F:94:9C:5B,-87
BLE,1670728068538212565,63:DD:A1:67:56:A8,-85
BLE,1670728068787045231,42:FB:3F:94:9C:5B,-88
BLE,1670728068810540576,63:DD:A1:67:56:A8,-96
BLE,1670728069056611566,42:FB:3F:94:9C:5B,-75
BLE,1670728069082082180,63:DD:A1:67:56:A8,-85
BLE,1670728069146994324,EB:36:96:6E:E3:65,-66
BLE,1670728069601858747,42:FB:3F:94:9C:5B,-84
BLE,1670728069789695680,EC:01:68:7B:03:7E,-96
BLE,1670728069874114842,42:FB:3F:94:9C:5B,-95
BLE,1670728070144057548,42:FB:3F:94:9C:5B,-78
BLE,1670728070423087312,61:77:15:FE:A4:6A,-101
BLE,1670728071042820274,42:82:F6:CB:7B:27,-98
BLE,1670728071147903482,EB:36:96:6E:E3:65,-80
BLE,1670728071312811979,42:82:F6:CB:7B:27,-98
BLE,1670728071583007224,42:82:F6:CB:7B:27,-100
BLE,1670728071776625337,42:FB:3F:94:9C:5B,-84
BLE,1670728071848355068,63:DD:A1:67:56:A8,-85
BLE,1670728071855330110,42:82:F6:CB:7B:27,-87
BLE,1670728072612252898,14:BB:6E:11:32:18,-92
BLE,1670728072828193163,61:77:15:FE:A4:6A,-89
BLE,1670728073083370378,14:BB:6E:11:32:18,-102
BLE,1670728073153073840,EB:36:96:6E:E3:65,-81
BLE,1670728073290109960,65:6D:E9:9C:99:EE,-89
BLE,1670728073963039873,42:FB:3F:94:9C:5B,-101
BLE,1670728074035405970,42:82:F6:CB:7B:27,-96
BLE,1670728074305394967,42:82:F6:CB:7B:27,-99
BLE,1670728074324096161,63:DD:A1:67:56:A8,-96
BLE,1670728074575362631,42:82:F6:CB:7B:27,-101
BLE,1670728074847863890,42:82:F6:CB:7B:27,-98
BLE,1670728074882921223,63:DD:A1:67:56:A8,-96
BLE,1670728075154368911,EB:36:96:6E:E3:65,-66
BLE,1670728075442402151,61:77:15:FE:A4:6A,-99
BLE,1670728075986965007,63:DD:A1:67:56:A8,-87
BLE,1670728076258058283,63:DD:A1:67:56:A8,-97
BLE,1670728076741568032,61:77:15:FE:A4:6A,-91
BLE,1670728077124159731,61:77:15:FE:A4:6A,-102
BLE,1670728077159157439,EB:36:96:6E:E3:65,-68
BLE,1670728077308269249,61:77:15:FE:A4:6A,-101
BLE,1670728077838074739,42:82:F6:CB:7B:27,-99
BLE,1670728077924105632,63:DD:A1:67:56:A8,-96
BLE,1670728078111939731,42:82:F6:CB:7B:27,-99
BLE,1670728078424000103,61:77:15:FE:A4:6A,-104
BLE,1670728080096193380,61:77:15:FE:A4:6A,-101
BLE,1670728080126680559,63:DD:A1:67:56:A8,-85
BLE,1670728080290461986,42:82:F6:CB:7B:27,-100
BLE,1670728080832001252,42:82:F6:CB:7B:27,-100
BLE,1670728080956750769,63:DD:A1:67:56:A8,-94
BLE,1670728081101773002,42:82:F6:CB:7B:27,-98
BLE,1670728081163214438,EB:36:96:6E:E3:65,-81
BLE,1670728081371742749,42:82:F6:CB:7B:27,-98
BLE,1670728082329223444,63:DD:A1:67:56:A8,-97
BLE,1670728082364565982,79:39:39:CC:D8:A4,-102
BLE,1670728083163544645,EB:36:96:6E:E3:65,-81
BLE,1670728084364532901,42:82:F6:CB:7B:27,-99
BLE,1670728084551091265,61:77:15:FE:A4:6A,-101
BLE,1670728084634290026,42:82:F6:CB:7B:27,-87
BLE,1670728084806662600,63:DD:A1:67:56:A8,-98
BLE,1670728084907081948,42:82:F6:CB:7B:27,-98
BLE,1670728085168498755,EB:36:96:6E:E3:65,-82
BLE,1670728085176671074,42:82:F6:CB:7B:27,-101
BLE,1670728085296146612,61:77:15:FE:A4:6A,-99
BLE,1670728085639235406,63:DD:A1:67:56:A8,-96
BLE,1670728085910781467,63:DD:A1:67:56:A8,-98
BLE,1670728086189060657,63:DD:A1:67:56:A8,-103
BLE,1670728086422723086,61:77:15:FE:A4:6A,-100
BLE,1670728086741453462,63:DD:A1:67:56:A8,-96
BLE,1670728087012707735,63:DD:A1:67:56:A8,-94
BLE,1670728087168608173,EB:36:96:6E:E3:65,-81
BLE,1670728088112875358,63:DD:A1:67:56:A8,-85
BLE,1670728088435654518,42:82:F6:CB:7B:27,-98
BLE,1670728089226627277,61:77:15:FE:A4:6A,-104
BLE,1670728089484490668,63:DD:A1:67:56:A8,-96
BLE,1670728090031621868,63:DD:A1:67:56:A8,-91
BLE,1670728090895205430,61:77:15:FE:A4:6A,-91
BLE,1670728091127739080,63:DD:A1:67:56:A8,-85
BLE,1670728091397715619,63:DD:A1:67:56:A8,-85
BLE,1670728091968458539,42:82:F6:CB:7B:27,-97
BLE,1670728092238310871,42:82:F6:CB:7B:27,-99
BLE,1670728092499396890,63:DD:A1:67:56:A8,-97
BLE,1670728093170676114,EB:36:96:6E:E3:65,-79
BLE,1670728093605161529,63:DD:A1:67:56:A8,-85
BLE,1670728093979495785,C8:B2:1E:C1:4C:16,-101
BLE,1670728094422706097,63:DD:A1:67:56:A8,-105
BLE,1670728094460022444,54:8B:E4:F8:5F:40,-91
BLE,1670728095173310293,EB:36:96:6E:E3:65,-79
BLE,1670728095217540684,61:77:15:FE:A4:6A,-91
BLE,1670728095248839395,63:DD:A1:67:56:A8,-96
BLE,1670728095776589284,61:77:15:FE:A4:6A,-91
BLE,1670728095960337724,61:77:15:FE:A4:6A,-93
BLE,1670728096619098596,63:DD:A1:67:56:A8,-84
BLE,1670728096852063659,42:82:F6:CB:7B:27,-89
BLE,1670728097038811354,54:8B:E4:F8:5F:40,-103
BLE,1670728097122076405,42:82:F6:CB:7B:27,-97
BLE,1670728097174553281,EB:36:96:6E:E3:65,-79
BLE,1670728098576737353,54:8B:E4:F8:5F:40,-103
BLE,1670728099075165257,63:DD:A1:67:56:A8,-85
BLE,1670728099174644449,EB:36:96:6E:E3:65,-79
BLE,1670728099905044261,63:DD:A1:67:56:A8,-94
BLE,1670728100172523830,63:DD:A1:67:56:A8,-97
BLE,1670728100445122546,63:DD:A1:67:56:A8,-94
BLE,1670728100616791504,61:77:15:FE:A4:6A,-104
BLE,1670728100924914005,42:82:F6:CB:7B:27,-100
BLE,1670728101174372497,EB:36:96:6E:E3:65,-79
BLE,1670728101542508618,61:77:15:FE:A4:6A,-101
BLE,1670728101548742918,63:DD:A1:67:56:A8,-96
BLE,1670728101736978180,42:82:F6:CB:7B:27,-88
BLE,1670728102487156965,61:77:15:FE:A4:6A,-100
BLE,1670728103180007390,EB:36:96:6E:E3:65,-79
BLE,1670728103212518545,63:DD:A1:67:56:A8,-97
BLE,1670728103503811372,63:DD:A1:67:56:A8,-95
BLE,1670728104531104945,54:8B:E4:F8:5F:40,-103
BLE,1670728105145399721,63:DD:A1:67:56:A8,-97
BLE,1670728105185066041,EB:36:96:6E:E3:65,-65
BLE,1670728105416437497,63:DD:A1:67:56:A8,-96
BLE,1670728105687701271,63:DD:A1:67:56:A8,-96
BLE,1670728106616046437,42:82:F6:CB:7B:27,-99
BLE,1670728106886074475,42:82:F6:CB:7B:27,-88
BLE,1670728107156004389,42:82:F6:CB:7B:27,-99
BLE,1670728107184856213,EB:36:96:6E:E3:65,-79
BLE,1670728108238788801,42:82:F6:CB:7B:27,-99
BLE,1670728108778601964,42:82:F6:CB:7B:27,-99
BLE,1670728108816423306,61:77:15:FE:A4:6A,-102
BLE,1670728108996322291,63:DD:A1:67:56:A8,-96
BLE,1670728109048521503,42:82:F6:CB:7B:27,-99
BLE,1670728109189892280,EB:36:96:6E:E3:65,-79
BLE,1670728109829032844,63:DD:A1:67:56:A8,-96
BLE,1670728109939273992,61:77:15:FE:A4:6A,-101
BLE,1670728109993751635,79:39:39:CC:D8:A4,-98
BLE,1670728110928922429,63:DD:A1:67:56:A8,-96
BLE,1670728110958608950,42:82:F6:CB:7B:27,-98
BLE,1670728110992977750,54:8B:E4:F8:5F:40,-100
BLE,1670728111189939324,EB:36:96:6E:E3:65,-79
BLE,1670728111202489591,63:DD:A1:67:56:A8,-97
BLE,1670728111228562698,42:82:F6:CB:7B:27,-97
BLE,1670728111478782305,63:DD:A1:67:56:A8,-102
BLE,1670728111501090164,42:82:F6:CB:7B:27,-99
BLE,1670728111771098619,42:82:F6:CB:7B:27,-91
BLE,1670728112181969816,61:77:15:FE:A4:6A,-98
BLE,1670728112300283408,63:DD:A1:67:56:A8,-95
BLE,1670728112570115407,63:DD:A1:67:56:A8,-96
BLE,1670728112840016947,63:DD:A1:67:56:A8,-97
BLE,1670728112990115036,EC:53:06:D9:76:BD,-101
BLE,1670728113189569956,EB:36:96:6E:E3:65,-80
BLE,1670728113309248324,C8:B2:1E:C1:4C:16,-90
BLE,1670728113403753950,63:DD:A1:67:56:A8,-96
BLE,1670728114368028688,54:8B:E4:F8:5F:40,-102
BLE,1670728114483832144,63:DD:A1:67:56:A8,-97
BLE,1670728115192147094,EB:36:96:6E:E3:65,-79
BLE,1670728115299914187,42:82:F6:CB:7B:27,-100
BLE,1670728115572507362,42:82:F6:CB:7B:27,-102
BLE,1670728115716582856,61:77:15:FE:A4:6A,-108
BLE,1670728116952903859,54:8B:E4:F8:5F:40,-102
BLE,1670728116960086232,63:DD:A1:67:56:A8,-98
BLE,1670728117175228798,C8:B2:1E:C1:4C:16,-101
BLE,1670728117220566300,61:77:15:FE:A4:6A,-106
BLE,1670728117482444019,42:82:F6:CB:7B:27,-98
BLE,1670728117754967027,42:82:F6:CB:7B:27,-99
BLE,1670728117790048735,63:DD:A1:67:56:A8,-96
BLE,1670728118026231259,42:82:F6:CB:7B:27,-99
BLE,1670728118060027690,63:DD:A1:67:56:A8,-98
BLE,1670728118297255952,42:82:F6:CB:7B:27,-102
BLE,1670728118334884171,63:DD:A1:67:56:A8,-96
BLE,1670728119812741717,61:77:15:FE:A4:6A,-101
BLE,1670728120382421691,14:BB:6E:11:32:18,-90
BLE,1670728120741063550,61:77:15:FE:A4:6A,-87
BLE,1670728120746263197,42:82:F6:CB:7B:27,-92
BLE,1670728121018915120,42:82:F6:CB:7B:27,-100
BLE,1670728121098749129,63:DD:A1:67:56:A8,-99
BLE,1670728121203994836,EB:36:96:6E:E3:65,-65
BLE,1670728121291838791,61:77:15:FE:A4:6A,-89
BLE,1670728121341326827,54:8B:E4:F8:5F:40,-102
BLE,1670728122330202607,C8:B2:1E:C1:4C:16,-101
BLE,1670728122420963485,61:77:15:FE:A4:6A,-91
BLE,1670728122470023277,63:DD:A1:67:56:A8,-98
BLE,1670728122931114751,42:82:F6:CB:7B:27,-100
BLE,1670728123206695348,EB:36:96:6E:E3:65,-79
BLE,1670728123304990387,63:DD:A1:67:56:A8,-85
BLE,1670728123936175171,14:BB:6E:11:32:18,-89
BLE,1670728124135001056,63:DD:A1:67:56:A8,-85
BLE,1670728124409798746,63:DD:A1:67:56:A8,-96
BLE,1670728124571139201,42:82:F6:CB:7B:27,-90
BLE,1670728125114821568,42:82:F6:CB:7B:27,-92
BLE,1670728125209070697,EB:36:96:6E:E3:65,-79
BLE,1670728125780169737,63:DD:A1:67:56:A8,-98
BLE,1670728126049968445,63:DD:A1:67:56:A8,-95
BLE,1670728126153060177,61:77:15:FE:A4:6A,-104
BLE,1670728126719521522,61:77:15:FE:A4:6A,-102
BLE,1670728126881155766,63:DD:A1:67:56:A8,-96
BLE,1670728126903958745,61:77:15:FE:A4:6A,-107
BLE,1670728127029460294,EC:53:06:D9:76:BD,-103
BLE,1670728127276949475,61:77:15:FE:A4:6A,-101
BLE,1670728127297333233,42:82:F6:CB:7B:27,-99
BLE,1670728127460026839,61:77:15:FE:A4:6A,-102
BLE,1670728127987583439,63:DD:A1:67:56:A8,-97
BLE,1670728128817425402,63:DD:A1:67:56:A8,-97
BLE,1670728128936283530,42:82:F6:CB:7B:27,-91
BLE,1670728129478946492,42:82:F6:CB:7B:27,-89
BLE,1670728129652302430,63:DD:A1:67:56:A8,-95
BLE,1670728131020152327,63:DD:A1:67:56:A8,-83
BLE,1670728131210319773,EB:36:96:6E:E3:65,-79
BLE,1670728131290277322,63:DD:A1:67:56:A8,-96
BLE,1670728132200393413,42:82:F6:CB:7B:27,-100
BLE,1670728132662498166,63:DD:A1:67:56:A8,-95
BLE,1670728132936221536,63:DD:A1:67:56:A8,-98
BLE,1670728133207690807,63:DD:A1:67:56:A8,-96
BLE,1670728133212733122,EB:36:96:6E:E3:65,-79
BLE,1670728133239757592,61:77:15:FE:A4:6A,-100
BLE,1670728133497747148,63:DD:A1:67:56:A8,-94
BLE,1670728134036145536,63:DD:A1:67:56:A8,-97
BLE,1670728134307403809,63:DD:A1:67:56:A8,-98
BLE,1670728134920414726,42:82:F6:CB:7B:27,-100
BLE,1670728135111225540,61:77:15:FE:A4:6A,-92
BLE,1670728135190218267,42:82:F6:CB:7B:27,-100
BLE,1670728135212946955,EB:36:96:6E:E3:65,-66
BLE,1670728135407409475,63:DD:A1:67:56:A8,-84
BLE,1670728135462673901,42:82:F6:CB:7B:27,-89
BLE,1670728135682272581,63:DD:A1:67:56:A8,-84
BLE,1670728135733893675,42:82:F6:CB:7B:27,-99
BLE,1670728136338722689,79:39:39:CC:D8:A4,-100
BLE,1670728136417723416,61:77:15:FE:A4:6A,-100
BLE,1670728137213818322,EB:36:96:6E:E3:65,-81
BLE,1670728137342560791,54:8B:E4:F8:5F:40,-104
BLE,1670728137589677351,63:DD:A1:67:56:A8,-96
BLE,1670728137864667997,63:DD:A1:67:56:A8,-96
BLE,1670728138182878420,42:82:F6:CB:7B:27,-100
BLE,1670728138456492124,42:82:F6:CB:7B:27,-100
BLE,1670728138727562150,42:82:F6:CB:7B:27,-100
BLE,1670728138963691466,63:DD:A1:67:56:A8,-96
BLE,1670728139233422008,63:DD:A1:67:56:A8,-97
BLE,1670728139795954650,63:DD:A1:67:56:A8,-97
BLE,1670728140338415990,63:DD:A1:67:56:A8,-86
BLE,1670728140766388232,14:BB:6E:11:32:18,-104
BLE,1670728141073723618,EC:53:06:D9:76:BD,-100
BLE,1670728141221935147,EB:36:96:6E:E3:65,-79
BLE,1670728141438396864,63:DD:A1:67:56:A8,-96
BLE,1670728141660521639,C8:B2:1E:C1:4C:16,-100
BLE,1670728141702211434,54:8B:E4:F8:5F:40,-87
BLE,1670728141715311737,42:82:F6:CB:7B:27,-99
BLE,1670728141987105754,63:DD:A1:67:56:A8,-105
BLE,1670728142473810673,54:8B:E4:F8:5F:40,-101
BLE,1670728143225504774,EB:36:96:6E:E3:65,-79
BLE,1670728143898152690,42:82:F6:CB:7B:27,-99
BLE,1670728143912630934,63:DD:A1:67:56:A8,-96
BLE,1670728144169205216,42:82:F6:CB:7B:27,-99
BLE,1670728144185832559,63:DD:A1:67:56:A8,-97
BLE,1670728144442657796,42:82:F6:CB:7B:27,-99
BLE,1670728144457043958,63:DD:A1:67:56:A8,-99
BLE,1670728144990309074,61:77:15:FE:A4:6A,-101
BLE,1670728145064256028,54:8B:E4:F8:5F:40,-106
BLE,1670728145228064537,EB:36:96:6E:E3:65,-79
BLE,1670728145557091291,63:DD:A1:67:56:A8,-97
BLE,1670728145828435688,63:DD:A1:67:56:A8,-96
BLE,1670728146892981109,42:82:F6:CB:7B:27,-88
BLE,1670728146932008770,63:DD:A1:67:56:A8,-96
BLE,1670728147233205479,EB:36:96:6E:E3:65,-79
BLE,1670728147260371281,47:8D:18:D4:A5:B8,-101
BLE,1670728147760760620,63:DD:A1:67:56:A8,-94
BLE,1670728147822857840,47:8D:18:D4:A5:B8,-100
BLE,1670728148032267683,63:DD:A1:67:56:A8,-97
BLE,1670728148228045729,C8:B2:1E:C1:4C:16,-102
BLE,1670728148865780477,63:DD:A1:67:56:A8,-95
BLE,1670728149072917513,42:82:F6:CB:7B:27,-101
BLE,1670728149238314504,EB:36:96:6E:E3:65,-79
BLE,1670728149342908093,42:82:F6:CB:7B:27,-102
BLE,1670728149612895965,42:82:F6:CB:7B:27,-99
BLE,1670728149886648292,42:82:F6:CB:7B:27,-103
BLE,1670728150156983660,42:82:F6:CB:7B:27,-88
BLE,1670728150238486941,63:DD:A1:67:56:A8,-87
BLE,1670728150753784228,54:8B:E4:F8:5F:40,-90
BLE,1670728151238238757,EB:36:96:6E:E3:65,-66
BLE,1670728151610826659,63:DD:A1:67:56:A8,-84
BLE,1670728152714633279,63:DD:A1:67:56:A8,-97
BLE,1670728152876796892,42:82:F6:CB:7B:27,-99
BLE,1670728153150373513,42:82:F6:CB:7B:27,-99
BLE,1670728153240650106,EB:36:96:6E:E3:65,-80
BLE,1670728153254836562,63:DD:A1:67:56:A8,-95
BLE,1670728155242227673,EB:36:96:6E:E3:65,-66
BLE,1670728155598191772,42:82:F6:CB:7B:27,-89
BLE,1670728155728218851,63:DD:A1:67:56:A8,-97
BLE,1670728156141958846,42:82:F6:CB:7B:27,-102
BLE,1670728156289485300,63:DD:A1:67:56:A8,-96
BLE,1670728156412854749,42:82:F6:CB:7B:27,-101
BLE,1670728156563234710,63:DD:A1:67:56:A8,-97
BLE,1670728156682904620,42:82:F6:CB:7B:27,-100
BLE,1670728156757664481,47:8D:18:D4:A5:B8,-103
BLE,1670728157246080671,EB:36:96:6E:E3:65,-79
BLE,1670728157317131785,47:8D:18:D4:A5:B8,-101
BLE,1670728158062030674,47:8D:18:D4:A5:B8,-103
BLE,1670728158763401124,63:DD:A1:67:56:A8,-85
BLE,1670728159034571481,63:DD:A1:67:56:A8,-86
BLE,1670728159248559936,EB:36:96:6E:E3:65,-79
BLE,1670728159259657887,54:8B:E4:F8:5F:40,-93
BLE,1670728159439724246,14:BB:6E:11:32:18,-92
BLE,1670728160407175738,63:DD:A1:67:56:A8,-86
BLE,1670728161023163370,42:82:F6:CB:7B:27,-99
BLE,1670728161232722627,47:8D:18:D4:A5:B8,-101
BLE,1670728161248293233,EB:36:96:6E:E3:65,-80
BLE,1670728161783516450,63:DD:A1:67:56:A8,-97
BLE,1670728161817482505,EC:53:06:D9:76:BD,-101
BLE,1670728162535960375,47:8D:18:D4:A5:B8,-106
BLE,1670728162663837938,79:39:39:CC:D8:A4,-102
BLE,1670728163152004881,63:DD:A1:67:56:A8,-96
BLE,1670728163248385026,EB:36:96:6E:E3:65,-79
BLE,1670728163425720375,63:DD:A1:67:56:A8,-96
BLE,1670728164257258151,63:DD:A1:67:56:A8,-99
BLE,1670728164527030484,63:DD:A1:67:56:A8,-95
BLE,1670728165094508943,42:82:F6:CB:7B:27,-89
BLE,1670728165635766880,42:82:F6:CB:7B:27,-91
BLE,1670728165820266560,EC:53:06:D9:76:BD,-101
BLE,1670728165899015207,63:DD:A1:67:56:A8,-96
BLE,1670728166729772033,63:DD:A1:67:56:A8,-97
BLE,1670728167002096586,63:DD:A1:67:56:A8,-96
BLE,1670728167250417049,EB:36:96:6E:E3:65,-82
BLE,1670728167936424181,47:8D:18:D4:A5:B8,-100
BLE,1670728168374693009,63:DD:A1:67:56:A8,-97
BLE,1670728169205882164,63:DD:A1:67:56:A8,-95
BLE,1670728169219297297,47:8D:18:D4:A5:B8,-100
BLE,1670728169252959479,EB:36:96:6E:E3:65,-81
BLE,1670728169963325780,47:8D:18:D4:A5:B8,-105
BLE,1670728170268260945,42:82:F6:CB:7B:27,-99
BLE,1670728170538460856,42:82:F6:CB:7B:27,-99
BLE,1670728170576945231,63:DD:A1:67:56:A8,-97
BLE,1670728170809557173,42:82:F6:CB:7B:27,-99
BLE,1670728171082100264,42:82:F6:CB:7B:27,-99
BLE,1670728171353176748,42:82:F6:CB:7B:27,-99
BLE,1670728171683022408,63:DD:A1:67:56:A8,-98
BLE,1670728172567090559,47:8D:18:D4:A5:B8,-101
BLE,1670728172785704001,63:DD:A1:67:56:A8,-99
BLE,1670728173258318254,EB:36:96:6E:E3:65,-80
BLE,1670728173328197881,63:DD:A1:67:56:A8,-108
BLE,1670728173598266544,63:DD:A1:67:56:A8,-102
BLE,1670728174153364816,63:DD:A1:67:56:A8,-95
BLE,1670728174340870836,42:82:F6:CB:7B:27,-99
BLE,1670728174610856750,42:82:F6:CB:7B:27,-101
BLE,1670728174883800336,42:82:F6:CB:7B:27,-100
BLE,1670728174987034858,63:DD:A1:67:56:A8,-97
BLE,1670728175153311422,42:82:F6:CB:7B:27,-98
BLE,1670728175258316882,EB:36:96:6E:E3:65,-81
BLE,1670728175425843056,42:82:F6:CB:7B:27,-99
BLE,1670728175542965912,47:8D:18:D4:A5:B8,-100
BLE,1670728176363427487,63:DD:A1:67:56:A8,-97
BLE,1670728176576087249,54:8B:E4:F8:5F:40,-101
BLE,1670728176920609026,63:DD:A1:67:56:A8,-97
BLE,1670728177192105297,63:DD:A1:67:56:A8,-97
BLE,1670728177258355925,EB:36:96:6E:E3:65,-81
BLE,1670728177333318784,42:82:F6:CB:7B:27,-99
BLE,1670728177607166776,42:82:F6:CB:7B:27,-101
BLE,1670728177740575689,63:DD:A1:67:56:A8,-104
BLE,1670728177877135440,42:82:F6:CB:7B:27,-99
BLE,1670728178147143770,42:82:F6:CB:7B:27,-98
BLE,1670728178417131100,42:82:F6:CB:7B:27,-100
BLE,1670728179258224304,EB:36:96:6E:E3:65,-79
BLE,1670728180057431715,42:82:F6:CB:7B:27,-97
BLE,1670728180209507364,63:DD:A1:67:56:A8,-97
BLE,1670728180329706851,42:82:F6:CB:7B:27,-88
BLE,1670728180378041151,47:8D:18:D4:A5:B8,-89
BLE,1670728180479422820,63:DD:A1:67:56:A8,-85
BLE,1670728180599689556,42:82:F6:CB:7B:27,-87
BLE,1670728180869678345,42:82:F6:CB:7B:27,-102
BLE,1670728181260579154,EB:36:96:6E:E3:65,-68
BLE,1670728181309332824,63:DD:A1:67:56:A8,-96
BLE,1670728181481897480,54:8B:E4:F8:5F:40,-96
BLE,1670728181580569514,63:DD:A1:67:56:A8,-86
BLE,1670728182680847469,63:DD:A1:67:56:A8,-97
BLE,1670728182952223491,63:DD:A1:67:56:A8,-96
BLE,1670728184619588700,63:DD:A1:67:56:A8,-98
BLE,1670728184893094280,63:DD:A1:67:56:A8,-92
BLE,1670728184938506990,42:82:F6:CB:7B:27,-90
BLE,1670728185211037248,42:82:F6:CB:7B:27,-100
BLE,1670728185483511632,42:82:F6:CB:7B:27,-100
BLE,1670728185624410956,54:8B:E4:F8:5F:40,-101
BLE,1670728185753404588,42:82:F6:CB:7B:27,-99
BLE,1670728185994306890,63:DD:A1:67:56:A8,-97
BLE,1670728186908654305,47:8D:18:D4:A5:B8,-103
BLE,1670728187268222445,EB:36:96:6E:E3:65,-79
BLE,1670728187360388099,63:DD:A1:67:56:A8,-97
BLE,1670728187634180926,63:DD:A1:67:56:A8,-98
BLE,1670728187838093792,47:8D:18:D4:A5:B8,-101
BLE,1670728188018294065,14:BB:6E:11:32:18,-102
BLE,1670728188463026609,63:DD:A1:67:56:A8,-86
BLE,1670728188715731603,54:8B:E4:F8:5F:40,-102
BLE,1670728189273830089,EB:36:96:6E:E3:65,-68
BLE,1670728189522526631,47:8D:18:D4:A5:B8,-91
BLE,1670728189839187115,63:DD:A1:67:56:A8,-98
BLE,1670728189900533885,47:8D:18:D4:A5:B8,-92
BLE,1670728190364996194,42:82:F6:CB:7B:27,-99
BLE,1670728190754133732,C8:B2:1E:C1:4C:16,-89
BLE,1670728191207905251,63:DD:A1:67:56:A8,-86
BLE,1670728191276218563,EB:36:96:6E:E3:65,-66
BLE,1670728192495918597,47:8D:18:D4:A5:B8,-102
BLE,1670728192582820439,63:DD:A1:67:56:A8,-96
BLE,1670728192860581551,63:DD:A1:67:56:A8,-103
BLE,1670728193276089651,EB:36:96:6E:E3:65,-79
BLE,1670728193626200486,42:82:F6:CB:7B:27,-100
BLE,1670728193686521102,63:DD:A1:67:56:A8,-98
BLE,1670728193882373606,EC:53:06:D9:76:BD,-100
BLE,1670728193897362469,42:82:F6:CB:7B:27,-89
BLE,1670728194786647392,63:DD:A1:67:56:A8,-85
BLE,1670728195056536640,63:DD:A1:67:56:A8,-85
BLE,1670728195278642956,EB:36:96:6E:E3:65,-79
BLE,1670728195328944566,63:DD:A1:67:56:A8,-85
BLE,1670728196432851769,63:DD:A1:67:56:A8,-96
BLE,1670728196619938627,42:82:F6:CB:7B:27,-88
BLE,1670728196889909749,42:82:F6:CB:7B:27,-98
BLE,1670728197159945496,42:82:F6:CB:7B:27,-103
BLE,1670728197281007472,EB:36:96:6E:E3:65,-79
BLE,1670728197431291893,42:82:F6:CB:7B:27,-102
BLE,1670728197534041838,63:DD:A1:67:56:A8,-96
BLE,1670728197703848693,47:8D:18:D4:A5:B8,-102
BLE,1670728197895188875,EC:53:06:D9:76:BD,-102
BLE,1670728199179179394,63:DD:A1:67:56:A8,-96
BLE,1670728199282423166,EB:36:96:6E:E3:65,-79
BLE,1670728200281713113,63:DD:A1:67:56:A8,-95
BLE,1670728200888945016,47:8D:18:D4:A5:B8,-93
BLE,1670728201283761861,EB:36:96:6E:E3:65,-79
BLE,1670728201383810921,63:DD:A1:67:56:A8,-84
BLE,1670728201674260050,14:BB:6E:11:32:18,-92
BLE,1670728201771375019,42:82:F6:CB:7B:27,-90
BLE,1670728201941921158,63:DD:A1:67:56:A8,-96
BLE,1670728202041248976,42:82:F6:CB:7B:27,-91
BLE,1670728202207550498,47:8D:18:D4:A5:B8,-95
BLE,1670728202216290977,63:DD:A1:67:56:A8,-85
BLE,1670728202313566654,42:82:F6:CB:7B:27,-98
BLE,1670728202777652425,63:DD:A1:67:56:A8,-97
BLE,1670728203283692031,EB:36:96:6E:E3:65,-79
BLE,1670728203585115321,63:DD:A1:67:56:A8,-97
BLE,1670728204251637226,47:8D:18:D4:A5:B8,-103
BLE,1670728204492630860,42:82:F6:CB:7B:27,-99
BLE,1670728204686417305,63:DD:A1:67:56:A8,-97
BLE,1670728204766345187,42:82:F6:CB:7B:27,-100
BLE,1670728204961406992,63:DD:A1:67:56:A8,-96
BLE,1670728205286324836,EB:36:96:6E:E3:65,-79
BLE,1670728205521533871,63:DD:A1:67:56:A8,-85
BLE,1670728206621712993,63:DD:A1:67:56:A8,-85
BLE,1670728206894157503,63:DD:A1:67:56:A8,-96
BLE,1670728207018769354,54:8B:E4:F8:5F:40,-89
BLE,1670728207997896207,63:DD:A1:67:56:A8,-96
BLE,1670728208556528230,63:DD:A1:67:56:A8,-94
BLE,1670728209288696229,EB:36:96:6E:E3:65,-79
BLE,1670728209916487137,42:82:F6:CB:7B:27,-99
BLE,1670728209930264056,63:DD:A1:67:56:A8,-95
BLE,1670728210186653548,42:82:F6:CB:7B:27,-91
BLE,1670728210201535996,63:DD:A1:67:56:A8,-98
BLE,1670728210578041726,47:8D:18:D4:A5:B8,-102
BLE,1670728210743959961,63:DD:A1:67:56:A8,-86
BLE,1670728211288942312,EB:36:96:6E:E3:65,-79
BLE,1670728211845312194,63:DD:A1:67:56:A8,-98
BLE,1670728213291499409,EB:36:96:6E:E3:65,-79
BLE,1670728213446551356,42:82:F6:CB:7B:27,-98
BLE,1670728213720321225,42:82:F6:CB:7B:27,-100
BLE,1670728213733252988,54:8B:E4:F8:5F:40,-90
BLE,1670728214261461788,42:82:F6:CB:7B:27,-89
BLE,1670728214657749700,14:BB:6E:11:32:18,-92
BLE,1670728215291419912,EB:36:96:6E:E3:65,-65
BLE,1670728215419203267,63:DD:A1:67:56:A8,-98
BLE,1670728215937517436,EC:53:06:D9:76:BD,-104
BLE,1670728216521811361,63:DD:A1:67:56:A8,-96
BLE,1670728216717417034,47:8D:18:D4:A5:B8,-103
BLE,1670728216981536559,42:82:F6:CB:7B:27,-99
BLE,1670728217251559597,42:82:F6:CB:7B:27,-101
BLE,1670728217278683900,47:8D:18:D4:A5:B8,-102
BLE,1670728217295047205,EB:36:96:6E:E3:65,-79
BLE,1670728217357659294,63:DD:A1:67:56:A8,-96
BLE,1670728217842877439,47:8D:18:D4:A5:B8,-102
BLE,1670728217917674966,63:DD:A1:67:56:A8,-97
BLE,1670728219297712926,EB:36:96:6E:E3:65,-79
BLE,1670728219628661489,14:BB:6E:11:32:18,-105
BLE,1670728220122879111,63:DD:A1:67:56:A8,-97
BLE,1670728220395479160,63:DD:A1:67:56:A8,-96
BLE,1670728220665290826,63:DD:A1:67:56:A8,-96
BLE,1670728222695695800,42:82:F6:CB:7B:27,-88
BLE,1670728222866451935,63:DD:A1:67:56:A8,-96
BLE,1670728223140458010,63:DD:A1:67:56:A8,-98
BLE,1670728223301453386,EB:36:96:6E:E3:65,-79
BLE,1670728223410221301,63:DD:A1:67:56:A8,-97
BLE,1670728224240158554,63:DD:A1:67:56:A8,-95
BLE,1670728224512921185,63:DD:A1:67:56:A8,-98
BLE,1670728225302254629,EB:36:96:6E:E3:65,-66
BLE,1670728225341407789,63:DD:A1:67:56:A8,-95
BLE,1670728225605325399,54:8B:E4:F8:5F:40,-92
BLE,1670728225671807650,C8:B2:1E:C1:4C:16,-92
BLE,1670728226231669033,42:82:F6:CB:7B:27,-90
BLE,1670728226419652005,47:8D:18:D4:A5:B8,-102
BLE,1670728226985605273,47:8D:18:D4:A5:B8,-89
BLE,1670728226987964828,63:DD:A1:67:56:A8,-85
BLE,1670728227303399368,EB:36:96:6E:E3:65,-81
BLE,1670728227821226125,63:DD:A1:67:56:A8,-98
BLE,1670728228919045526,63:DD:A1:67:56:A8,-97
BLE,1670728229192614605,63:DD:A1:67:56:A8,-95
BLE,1670728229220484024,42:82:F6:CB:7B:27,-100
BLE,1670728229307344824,EB:36:96:6E:E3:65,-82
BLE,1670728229733768918,63:DD:A1:67:56:A8,-97
BLE,1670728229761789335,42:82:F6:CB:7B:27,-98
BLE,1670728230034215094,42:82:F6:CB:7B:27,-100
BLE,1670728230292515855,63:DD:A1:67:56:A8,-96
BLE,1670728230562584935,63:DD:A1:67:56:A8,-95
BLE,1670728230891034528,47:8D:18:D4:A5:B8,-100
BLE,1670728231308652561,EB:36:96:6E:E3:65,-80
BLE,1670728231939193977,63:DD:A1:67:56:A8,-95
BLE,1670728233036317052,63:DD:A1:67:56:A8,-97
BLE,1670728233061834791,54:8B:E4:F8:5F:40,-104
BLE,1670728233296857953,42:82:F6:CB:7B:27,-101
BLE,1670728233308162944,47:8D:18:D4:A5:B8,-102
BLE,1670728233310069255,63:DD:A1:67:56:A8,-97
BLE,1670728233311086409,EB:36:96:6E:E3:65,-81
BLE,1670728233580621537,63:DD:A1:67:56:A8,-97
BLE,1670728233976355204,EC:53:06:D9:76:BD,-102
BLE,1670728234139003895,63:DD:A1:67:56:A8,-85
BLE,1670728234412599974,63:DD:A1:67:56:A8,-98
BLE,1670728234682552763,63:DD:A1:67:56:A8,-96
BLE,1670728234954112616,63:DD:A1:67:56:A8,-96
BLE,1670728235009210377,47:8D:18:D4:A5:B8,-102
BLE,1670728235190419805,47:8D:18:D4:A5:B8,-103
BLE,1670728235982066847,C8:B2:1E:C1:4C:16,-99
BLE,1670728236016974849,42:82:F6:CB:7B:27,-101
BLE,1670728236286944887,42:82:F6:CB:7B:27,-99
BLE,1670728236593812529,63:DD:A1:67:56:A8,-96
BLE,1670728237425058892,63:DD:A1:67:56:A8,-95
BLE,1670728237700064662,63:DD:A1:67:56:A8,-95
BLE,1670728237981714562,EC:53:06:D9:76:BD,-99
BLE,1670728238738362312,42:82:F6:CB:7B:27,-100
BLE,1670728239072543379,63:DD:A1:67:56:A8,-96
BLE,1670728239318756909,EB:36:96:6E:E3:65,-81
BLE,1670728239899846372,63:DD:A1:67:56:A8,-99
BLE,1670728239985159607,EC:53:06:D9:76:BD,-102
BLE,1670728240028282011,47:8D:18:D4:A5:B8,-89
BLE,1670728240173833488,63:DD:A1:67:56:A8,-85
BLE,1670728241005015060,63:DD:A1:67:56:A8,-86
BLE,1670728241318937034,EB:36:96:6E:E3:65,-67
BLE,1670728241695805801,47:8D:18:D4:A5:B8,-90
BLE,1670728241731994538,42:82:F6:CB:7B:27,-101
BLE,1670728241833529080,63:DD:A1:67:56:A8,-85
BLE,1670728242103525952,63:DD:A1:67:56:A8,-97
BLE,1670728242271992740,42:82:F6:CB:7B:27,-100
BLE,1670728243177900839,47:8D:18:D4:A5:B8,-104
BLE,1670728243207318406,63:DD:A1:67:56:A8,-97
BLE,1670728243320138939,EB:36:96:6E:E3:65,-81
BLE,1670728244580351824,63:DD:A1:67:56:A8,-85
BLE,1670728245325463920,EB:36:96:6E:E3:65,-66
BLE,1670728245406982700,47:8D:18:D4:A5:B8,-92
BLE,1670728245533384655,42:82:F6:CB:7B:27,-100
BLE,1670728245683481828,63:DD:A1:67:56:A8,-97
BLE,1670728246151004225,47:8D:18:D4:A5:B8,-105
BLE,1670728246338270248,47:8D:18:D4:A5:B8,-103
BLE,1670728246343316146,79:39:39:CC:D8:A4,-103
BLE,1670728247326263621,63:DD:A1:67:56:A8,-97
BLE,1670728247599788784,63:DD:A1:67:56:A8,-96
BLE,1670728247715734988,42:82:F6:CB:7B:27,-100
BLE,1670728247988239539,42:82:F6:CB:7B:27,-98
BLE,1670728248969676532,63:DD:A1:67:56:A8,-86
BLE,1670728249135061981,47:8D:18:D4:A5:B8,-94
BLE,1670728249240527227,63:DD:A1:67:56:A8,-99
BLE,1670728249326599619,EB:36:96:6E:E3:65,-67
BLE,1670728250439593798,42:82:F6:CB:7B:27,-99
BLE,1670728250449430806,47:8D:18:D4:A5:B8,-103
BLE,1670728251172223292,63:DD:A1:67:56:A8,-96
BLE,1670728251326205960,EB:36:96:6E:E3:65,-79
BLE,1670728251442520410,63:DD:A1:67:56:A8,-99
BLE,1670728251754690530,47:8D:18:D4:A5:B8,-102
BLE,1670728252277141857,63:DD:A1:67:56:A8,-98
BLE,1670728252820154565,63:DD:A1:67:56:A8,-97
BLE,1670728253328628517,EB:36:96:6E:E3:65,-80
BLE,1670728253648840042,63:DD:A1:67:56:A8,-97
BLE,1670728253701076545,42:82:F6:CB:7B:27,-99
BLE,1670728253980499930,54:8B:E4:F8:5F:40,-101
BLE,1670728254161578109,47:8D:18:D4:A5:B8,-101
BLE,1670728254244610872,42:82:F6:CB:7B:27,-100
BLE,1670728255284551502,47:8D:18:D4:A5:B8,-89
BLE,1670728255293363647,63:DD:A1:67:56:A8,-86
BLE,1670728255328939057,EB:36:96:6E:E3:65,-79
BLE,1670728255564714045,63:DD:A1:67:56:A8,-86
BLE,1670728256303118637,54:8B:E4:F8:5F:40,-91
BLE,1670728257130996914,47:8D:18:D4:A5:B8,-103
BLE,1670728257203426470,63:DD:A1:67:56:A8,-95
BLE,1670728257329033434,EB:36:96:6E:E3:65,-79
BLE,1670728257473364009,63:DD:A1:67:56:A8,-96
BLE,1670728257502141541,42:82:F6:CB:7B:27,-100
BLE,1670728257691010878,47:8D:18:D4:A5:B8,-102
BLE,1670728257747127086,63:DD:A1:67:56:A8,-97
BLE,1670728257772094622,42:82:F6:CB:7B:27,-100
BLE,1670728258045856574,42:82:F6:CB:7B:27,-101
BLE,1670728258257562889,47:8D:18:D4:A5:B8,-102
BLE,1670728259279778647,79:39:39:CC:D8:A4,-99
BLE,1670728259328541859,EB:36:96:6E:E3:65,-79
BLE,1670728261046155137,47:8D:18:D4:A5:B8,-108
BLE,1670728261297264317,63:DD:A1:67:56:A8,-97
BLE,1670728261329840762,EB:36:96:6E:E3:65,-79
BLE,1670728261569747617,63:DD:A1:67:56:A8,-95
BLE,1670728261577178487,42:82:F6:CB:7B:27,-99
BLE,1670728261848466385,42:82:F6:CB:7B:27,-100
BLE,1670728262943683275,63:DD:A1:67:56:A8,-96
BLE,1670728263293675487,47:8D:18:D4:A5:B8,-100
BLE,1670728263329900473,EB:36:96:6E:E3:65,-79
BLE,1670728263774668266,63:DD:A1:67:56:A8,-97
BLE,1670728263854296902,47:8D:18:D4:A5:B8,-103
BLE,1670728264044619805,63:DD:A1:67:56:A8,-85
BLE,1670728264314805258,63:DD:A1:67:56:A8,-96
BLE,1670728264584664839,63:DD:A1:67:56:A8,-96
BLE,1670728264837231293,42:82:F6:CB:7B:27,-99
BLE,1670728265109937591,42:82:F6:CB:7B:27,-101
BLE,1670728265333758012,EB:36:96:6E:E3:65,-79
BLE,1670728265379769299,42:82:F6:CB:7B:27,-101
BLE,1670728265419564492,63:DD:A1:67:56:A8,-95
BLE,1670728265689649988,63:DD:A1:67:56:A8,-96
BLE,1670728267062169370,63:DD:A1:67:56:A8,-95
BLE,1670728267332242866,63:DD:A1:67:56:A8,-97
BLE,1670728267336310901,EB:36:96:6E:E3:65,-79
BLE,1670728267772361923,47:8D:18:D4:A5:B8,-102
BLE,1670728267831055183,42:82:F6:CB:7B:27,-88
BLE,1670728267909357877,54:8B:E4:F8:5F:40,-105
BLE,1670728268160897843,63:DD:A1:67:56:A8,-94
BLE,1670728269341394718,EB:36:96:6E:E3:65,-87
BLE,1670728269532318864,63:DD:A1:67:56:A8,-97
BLE,1670728269708211230,54:8B:E4:F8:5F:40,-100
BLE,1670728269802288694,63:DD:A1:67:56:A8,-96
BLE,1670728269999724846,47:8D:18:D4:A5:B8,-105
BLE,1670728270077042385,63:DD:A1:67:56:A8,-85
BLE,1670728270347206755,63:DD:A1:67:56:A8,-97
BLE,1670728270739630379,47:8D:18:D4:A5:B8,-90
BLE,1670728270822356186,42:82:F6:CB:7B:27,-88
BLE,1670728271175863315,63:DD:A1:67:56:A8,-98
BLE,1670728271266206157,54:8B:E4:F8:5F:40,-92
BLE,1670728271341420887,EB:36:96:6E:E3:65,-80
BLE,1670728271366185301,42:82:F6:CB:7B:27,-89
BLE,1670728271444804282,14:BB:6E:11:32:18,-93
BLE,1670728271637801528,42:82:F6:CB:7B:27,-99
BLE,1670728272280197887,63:DD:A1:67:56:A8,-96
BLE,1670728272551951863,63:DD:A1:67:56:A8,-97
BLE,1670728273155894221,47:8D:18:D4:A5:B8,-94
BLE,1670728273346502496,EB:36:96:6E:E3:65,-79
BLE,1670728273380828463,63:DD:A1:67:56:A8,-96
BLE,1670728273654400959,63:DD:A1:67:56:A8,-95
BLE,1670728274276777806,47:8D:18:D4:A5:B8,-90
BLE,1670728274883794044,54:8B:E4:F8:5F:40,-90
BLE,1670728275022131023,63:DD:A1:67:56:A8,-85
BLE,1670728275300747209,63:DD:A1:67:56:A8,-96
BLE,1670728275347742150,EB:36:96:6E:E3:65,-79
BLE,1670728275401386804,54:8B:E4:F8:5F:40,-90
BLE,1670728275858327452,63:DD:A1:67:56:A8,-85
BLE,1670728276072571695,EC:53:06:D9:76:BD,-100
BLE,1670728276246385128,42:82:F6:CB:7B:27,-99
BLE,1670728276520055498,42:82:F6:CB:7B:27,-102
BLE,1670728277349347009,EB:36:96:6E:E3:65,-79
BLE,1670728278062239321,63:DD:A1:67:56:A8,-96
BLE,1670728278331143914,63:DD:A1:67:56:A8,-96
BLE,1670728279241503169,42:82:F6:CB:7B:27,-99
BLE,1670728279354289244,EB:36:96:6E:E3:65,-66
BLE,1670728279436951677,63:DD:A1:67:56:A8,-84
BLE,1670728279710695213,63:DD:A1:67:56:A8,-103
BLE,1670728280419981818,47:8D:18:D4:A5:B8,-94
BLE,1670728281087178799,63:DD:A1:67:56:A8,-103
BLE,1670728281638341826,63:DD:A1:67:56:A8,-96
BLE,1670728282742249862,63:DD:A1:67:56:A8,-96
BLE,1670728283014579123,63:DD:A1:67:56:A8,-96
BLE,1670728283359411605,EB:36:96:6E:E3:65,-79
BLE,1670728283844550001,63:DD:A1:67:56:A8,-97
BLE,1670728283851345462,42:82:F6:CB:7B:27,-98
BLE,1670728284116876845,63:DD:A1:67:56:A8,-96
BLE,1670728284121315376,42:82:F6:CB:7B:27,-99
BLE,1670728284386857800,63:DD:A1:67:56:A8,-95
BLE,1670728284663831381,42:82:F6:CB:7B:27,-99
BLE,1670728284716296923,54:8B:E4:F8:5F:40,-103
BLE,1670728285076311183,C8:B2:1E:C1:4C:16,-92
BLE,1670728285359659938,EB:36:96:6E:E3:65,-79
BLE,1670728285760838916,63:DD:A1:67:56:A8,-85
BLE,1670728286030723414,63:DD:A1:67:56:A8,-98
BLE,1670728286306739922,63:DD:A1:67:56:A8,-95
BLE,1670728286845126227,42:82:F6:CB:7B:27,-98
BLE,1670728287115210639,42:82:F6:CB:7B:27,-99
BLE,1670728287127293412,63:DD:A1:67:56:A8,-96
BLE,1670728287361092590,EB:36:96:6E:E3:65,-80
BLE,1670728287386765909,42:82:F6:CB:7B:27,-100
BLE,1670728287399706630,63:DD:A1:67:56:A8,-96
BLE,1670728287960755374,63:DD:A1:67:56:A8,-97
BLE,1670728288770703365,63:DD:A1:67:56:A8,-97
BLE,1670728289372429999,54:8B:E4:F8:5F:40,-100
BLE,1670728289573633439,47:8D:18:D4:A5:B8,-100
BLE,1670728290418339267,63:DD:A1:67:56:A8,-96
BLE,1670728290878954454,47:8D:18:D4:A5:B8,-100
BLE,1670728291365832038,EB:36:96:6E:E3:65,-80
BLE,1670728291448415223,54:8B:E4:F8:5F:40,-100
BLE,1670728291807994904,63:DD:A1:67:56:A8,-96
BLE,1670728292083182006,63:DD:A1:67:56:A8,-96
BLE,1670728292356510921,47:8D:18:D4:A5:B8,-106
BLE,1670728292805265917,42:82:F6:CB:7B:27,-102
BLE,1670728293075251247,42:82:F6:CB:7B:27,-99
BLE,1670728293287082644,47:8D:18:D4:A5:B8,-106
BLE,1670728293346492396,42:82:F6:CB:7B:27,-99
BLE,1670728293469895803,47:8D:18:D4:A5:B8,-100
BLE,1670728293616486101,42:82:F6:CB:7B:27,-100
BLE,1670728293744119499,63:DD:A1:67:56:A8,-96
BLE,1670728294016651383,63:DD:A1:67:56:A8,-96
BLE,1670728294028900779,47:8D:18:D4:A5:B8,-100
BLE,1670728295367970726,EB:36:96:6E:E3:65,-66
BLE,1670728295387673450,C8:B2:1E:C1:4C:16,-92
BLE,1670728295950406257,63:DD:A1:67:56:A8,-96
BLE,1670728296220338088,63:DD:A1:67:56:A8,-85
BLE,1670728296341538146,42:82:F6:CB:7B:27,-99
BLE,1670728296492364560,63:DD:A1:67:56:A8,-96
BLE,1670728296659745236,47:8D:18:D4:A5:B8,-90
BLE,1670728297040397917,63:DD:A1:67:56:A8,-92
BLE,1670728297369004091,EB:36:96:6E:E3:65,-81
BLE,1670728297403741053,47:8D:18:D4:A5:B8,-102
BLE,1670728297584925565,47:8D:18:D4:A5:B8,-103
BLE,1670728297862820259,63:DD:A1:67:56:A8,-96
BLE,1670728298123614574,EC:53:06:D9:76:BD,-102
BLE,1670728298148839357,47:8D:18:D4:A5:B8,-100
BLE,1670728298965604350,63:DD:A1:67:56:A8,-98
BLE,1670728299370352244,EB:36:96:6E:E3:65,-82
BLE,1670728299455318650,54:8B:E4:F8:5F:40,-104
BLE,1670728299602857520,42:82:F6:CB:7B:27,-102
BLE,1670728299797787494,63:DD:A1:67:56:A8,-97
BLE,1670728299875379696,42:82:F6:CB:7B:27,-100
BLE,1670728300185215844,47:8D:18:D4:A5:B8,-96
BLE,1670728300555744728,47:8D:18:D4:A5:B8,-91
BLE,1670728301373117214,EB:36:96:6E:E3:65,-69
BLE,1670728301497274987,47:8D:18:D4:A5:B8,-91
BLE,1670728301515413605,42:82:F6:CB:7B:27,-98
BLE,1670728301785393768,42:82:F6:CB:7B:27,-92
BLE,1670728302127338451,EC:53:06:D9:76:BD,-89
BLE,1670728303376918213,EB:36:96:6E:E3:65,-66
BLE,1670728303399486195,63:DD:A1:67:56:A8,-84
BLE,1670728303670355139,63:DD:A1:67:56:A8,-86
BLE,1670728304775592784,42:82:F6:CB:7B:27,-90
BLE,1670728305319247235,42:82:F6:CB:7B:27,-101
BLE,1670728305377157171,EB:36:96:6E:E3:65,-81
BLE,1670728306139696393,63:DD:A1:67:56:A8,-86
BLE,1670728306899864476,47:8D:18:D4:A5:B8,-101
BLE,1670728306956162514,54:8B:E4:F8:5F:40,-103
BLE,1670728306972937940,63:DD:A1:67:56:A8,-96
BLE,1670728307246909764,63:DD:A1:67:56:A8,-95
BLE,1670728307380493342,EB:36:96:6E:E3:65,-81
BLE,1670728308579586746,42:82:F6:CB:7B:27,-100
BLE,1670728308619154400,63:DD:A1:67:56:A8,-97
BLE,1670728308851791717,42:82:F6:CB:7B:27,-99
BLE,1670728308890299842,63:DD:A1:67:56:A8,-98
BLE,1670728309382109950,EB:36:96:6E:E3:65,-82
BLE,1670728310638597713,47:8D:18:D4:A5:B8,-103
BLE,1670728311018594235,47:8D:18:D4:A5:B8,-101
BLE,1670728311381949413,EB:36:96:6E:E3:65,-81
BLE,1670728311631581485,63:DD:A1:67:56:A8,-96
BLE,1670728311902805218,63:DD:A1:67:56:A8,-96
BLE,1670728312115955682,42:82:F6:CB:7B:27,-101
BLE,1670728312173087544,63:DD:A1:67:56:A8,-84
BLE,1670728312445289682,63:DD:A1:67:56:A8,-97
BLE,1670728313381686169,EB:36:96:6E:E3:65,-79
BLE,1670728313817858606,63:DD:A1:67:56:A8,-98
BLE,1670728314635425923,63:DD:A1:67:56:A8,-101
BLE,1670728315096638395,47:8D:18:D4:A5:B8,-89
BLE,1670728315387087315,EB:36:96:6E:E3:65,-66
BLE,1670728315725392999,63:DD:A1:67:56:A8,-86
BLE,1670728315914417084,42:82:F6:CB:7B:27,-103
BLE,1670728316186921551,42:82:F6:CB:7B:27,-89
BLE,1670728316456919632,42:82:F6:CB:7B:27,-88
BLE,1670728316580519495,47:8D:18:D4:A5:B8,-102
BLE,1670728316727210458,42:82:F6:CB:7B:27,-101
BLE,1670728316761903921,47:8D:18:D4:A5:B8,-93
BLE,1670728317099145493,63:DD:A1:67:56:A8,-97
BLE,1670728317143281384,47:8D:18:D4:A5:B8,-101
BLE,1670728317292741482,C8:B2:1E:C1:4C:16,-102
BLE,1670728317390837565,EB:36:96:6E:E3:65,-67
BLE,1670728318205353793,63:DD:A1:67:56:A8,-95
BLE,1670728318830321776,47:8D:18:D4:A5:B8,-99
BLE,1670728318870556464,54:8B:E4:F8:5F:40,-100
BLE,1670728319305889869,63:DD:A1:67:56:A8,-99
BLE,1670728319394716854,EB:36:96:6E:E3:65,-81
BLE,1670728319575691368,47:8D:18:D4:A5:B8,-104
BLE,1670728319719465158,42:82:F6:CB:7B:27,-100
BLE,1670728320675356455,63:DD:A1:67:56:A8,-84
BLE,1670728320874325338,47:8D:18:D4:A5:B8,-105
BLE,1670728321062457267,47:8D:18:D4:A5:B8,-98
BLE,1670728321220334431,63:DD:A1:67:56:A8,-95
BLE,1670728321394698649,EB:36:96:6E:E3:65,-81
BLE,1670728321620958874,47:8D:18:D4:A5:B8,-103
BLE,1670728321898324367,42:82:F6:CB:7B:27,-90
BLE,1670728322182232823,EC:53:06:D9:76:BD,-100
BLE,1670728322440769373,42:82:F6:CB:7B:27,-103
BLE,1670728322447364378,C8:B2:1E:C1:4C:16,-103
BLE,1670728322587630168,63:DD:A1:67:56:A8,-97
BLE,1670728322710777578,42:82:F6:CB:7B:27,-97
BLE,1670728323394803358,EB:36:96:6E:E3:65,-79
BLE,1670728323692817439,63:DD:A1:67:56:A8,-97
BLE,1670728323847990468,47:8D:18:D4:A5:B8,-103
BLE,1670728324256545067,63:DD:A1:67:56:A8,-84
BLE,1670728324411908927,47:8D:18:D4:A5:B8,-99
BLE,1670728324541422845,54:8B:E4:F8:5F:40,-101
BLE,1670728324893322909,42:82:F6:CB:7B:27,-100
BLE,1670728325163341197,42:82:F6:CB:7B:27,-98
BLE,1670728325355535078,63:DD:A1:67:56:A8,-97
BLE,1670728325394424990,EB:36:96:6E:E3:65,-79
BLE,1670728325433325528,42:82:F6:CB:7B:27,-100
BLE,1670728325626777310,63:DD:A1:67:56:A8,-97
BLE,1670728326294509576,47:8D:18:D4:A5:B8,-101
BLE,1670728326732602157,63:DD:A1:67:56:A8,-97
BLE,1670728327605470983,47:8D:18:D4:A5:B8,-101
BLE,1670728327885163031,42:82:F6:CB:7B:27,-98
BLE,1670728328102811775,63:DD:A1:67:56:A8,-96
BLE,1670728328154663408,42:82:F6:CB:7B:27,-99
BLE,1670728328375105286,63:DD:A1:67:56:A8,-94
BLE,1670728328694712776,42:82:F6:CB:7B:27,-102
BLE,1670728328965937842,42:82:F6:CB:7B:27,-87
BLE,1670728329237216657,42:82:F6:CB:7B:27,-100
BLE,1670728329399526268,EB:36:96:6E:E3:65,-79
BLE,1670728330040092274,63:DD:A1:67:56:A8,-95
BLE,1670728331399871183,EB:36:96:6E:E3:65,-65
BLE,1670728331416070699,42:82:F6:CB:7B:27,-100
BLE,1670728331691080094,42:82:F6:CB:7B:27,-89
BLE,1670728332220148676,63:DD:A1:67:56:A8,-96
BLE,1670728332491668030,63:DD:A1:67:56:A8,-96
BLE,1670728332762636265,63:DD:A1:67:56:A8,-96
BLE,1670728333032624262,63:DD:A1:67:56:A8,-96
BLE,1670728333399435691,EB:36:96:6E:E3:65,-79
BLE,1670728333587630161,54:8B:E4:F8:5F:40,-94
BLE,1670728333862666472,63:DD:A1:67:56:A8,-86
BLE,1670728334137330164,42:82:F6:CB:7B:27,-88
BLE,1670728334215674274,EC:53:06:D9:76:BD,-91
BLE,1670728334411062824,42:82:F6:CB:7B:27,-88
BLE,1670728334681315485,42:82:F6:CB:7B:27,-100
BLE,1670728334967646371,63:DD:A1:67:56:A8,-97
BLE,1670728335282134630,14:BB:6E:11:32:18,-104
BLE,1670728335399408485,EB:36:96:6E:E3:65,-80
BLE,1670728336172919743,47:8D:18:D4:A5:B8,-105
BLE,1670728336881811644,63:DD:A1:67:56:A8,-97
BLE,1670728337151595977,63:DD:A1:67:56:A8,-97
BLE,1670728337400809804,EB:36:96:6E:E3:65,-79
BLE,1670728337421429517,63:DD:A1:67:56:A8,-96
BLE,1670728337691403389,63:DD:A1:67:56:A8,-97
BLE,1670728337859407099,47:8D:18:D4:A5:B8,-88
BLE,1670728338211207748,42:82:F6:CB:7B:27,-99
BLE,1670728338248688677,63:DD:A1:67:56:A8,-85
BLE,1670728338482369648,42:82:F6:CB:7B:27,-88
BLE,1670728338753630380,42:82:F6:CB:7B:27,-101
BLE,1670728339024892320,42:82:F6:CB:7B:27,-90
BLE,1670728339082399636,63:DD:A1:67:56:A8,-86
BLE,1670728339405931538,EB:36:96:6E:E3:65,-66
BLE,1670728340456343085,63:DD:A1:67:56:A8,-95
BLE,1670728340728916426,63:DD:A1:67:56:A8,-98
BLE,1670728340933583658,79:39:39:CC:D8:A4,-99
BLE,1670728341407362190,EB:36:96:6E:E3:65,-80
BLE,1670728341473930773,42:82:F6:CB:7B:27,-100
BLE,1670728341747523435,42:82:F6:CB:7B:27,-99
BLE,1670728341826160833,63:DD:A1:67:56:A8,-96
BLE,1670728342017482474,42:82:F6:CB:7B:27,-99
BLE,1670728342096614241,63:DD:A1:67:56:A8,-96
BLE,1670728342288812955,42:82:F6:CB:7B:27,-100
BLE,1670728343471093184,63:DD:A1:67:56:A8,-96
BLE,1670728343968422852,14:BB:6E:11:32:18,-100
BLE,1670728344195054240,42:82:F6:CB:7B:27,-97
BLE,1670728344739995841,42:82:F6:CB:7B:27,-100
BLE,1670728345114900257,63:DD:A1:67:56:A8,-96
BLE,1670728345386190905,63:DD:A1:67:56:A8,-85
BLE,1670728345407851647,EB:36:96:6E:E3:65,-81
BLE,1670728345944390349,63:DD:A1:67:56:A8,-85
BLE,1670728346034583734,47:8D:18:D4:A5:B8,-93
BLE,1670728346491088138,63:DD:A1:67:56:A8,-87
BLE,1670728347049197291,63:DD:A1:67:56:A8,-96
BLE,1670728347409341257,EB:36:96:6E:E3:65,-81
BLE,1670728347461268847,42:82:F6:CB:7B:27,-98
BLE,1670728347733834605,42:82:F6:CB:7B:27,-99
BLE,1670728348258428199,47:8D:18:D4:A5:B8,-101
BLE,1670728348422342583,63:DD:A1:67:56:A8,-96
BLE,1670728348818516662,47:8D:18:D4:A5:B8,-105
BLE,1670728349050213573,14:BB:6E:11:32:18,-103
BLE,1670728349409424842,EB:36:96:6E:E3:65,-80
BLE,1670728349568002580,47:8D:18:D4:A5:B8,-105
BLE,1670728349795271086,63:DD:A1:67:56:A8,-96
BLE,1670728349912543316,42:82:F6:CB:7B:27,-98
BLE,1670728350064760338,63:DD:A1:67:56:A8,-98
BLE,1670728350182530146,42:82:F6:CB:7B:27,-98
BLE,1670728350452825056,42:82:F6:CB:7B:27,-99
BLE,1670728350507623862,47:8D:18:D4:A5:B8,-100
BLE,1670728350725112025,42:82:F6:CB:7B:27,-103
BLE,1670728351070182004,47:8D:18:D4:A5:B8,-102
BLE,1670728351167261016,63:DD:A1:67:56:A8,-97
BLE,1670728351450333358,47:8D:18:D4:A5:B8,-100
BLE,1670728352269819068,63:DD:A1:67:56:A8,-98
BLE,1670728353087506426,63:DD:A1:67:56:A8,-101
BLE,1670728353442691784,42:82:F6:CB:7B:27,-101
BLE,1670728353712632865,42:82:F6:CB:7B:27,-97
BLE,1670728353987623677,42:82:F6:CB:7B:27,-101
BLE,1670728354245295863,47:8D:18:D4:A5:B8,-105
BLE,1670728354470996886,63:DD:A1:67:56:A8,-97
BLE,1670728354742695946,63:DD:A1:67:56:A8,-96
BLE,1670728354782203268,54:8B:E4:F8:5F:40,-97
BLE,1670728355364132346,47:8D:18:D4:A5:B8,-102
BLE,1670728355411762696,EB:36:96:6E:E3:65,-79
BLE,1670728355848622958,63:DD:A1:67:56:A8,-96
BLE,1670728355897666583,42:82:F6:CB:7B:27,-90
BLE,1670728356407256647,63:DD:A1:67:56:A8,-94
BLE,1670728356677243686,63:DD:A1:67:56:A8,-94
BLE,1670728357413267056,EB:36:96:6E:E3:65,-79
BLE,1670728357948565772,47:8D:18:D4:A5:B8,-91
BLE,1670728358048624415,63:DD:A1:67:56:A8,-98
BLE,1670728358265495502,EC:53:06:D9:76:BD,-103
BLE,1670728358658320205,C8:B2:1E:C1:4C:16,-104
BLE,1670728359413305600,EB:36:96:6E:E3:65,-79
BLE,1670728359431487467,42:82:F6:CB:7B:27,-99
BLE,1670728359692450863,63:DD:A1:67:56:A8,-94
BLE,1670728359962365444,63:DD:A1:67:56:A8,-96
BLE,1670728361335236281,63:DD:A1:67:56:A8,-84
BLE,1670728361412700484,EB:36:96:6E:E3:65,-65
BLE,1670728361486054445,47:8D:18:D4:A5:B8,-92
BLE,1670728361880501045,42:82:F6:CB:7B:27,-88
BLE,1670728362154187373,42:82:F6:CB:7B:27,-88
BLE,1670728362438565240,63:DD:A1:67:56:A8,-95
BLE,1670728362790574095,47:8D:18:D4:A5:B8,-104
BLE,1670728362975782017,47:8D:18:D4:A5:B8,-100
BLE,1670728363273663932,54:8B:E4:F8:5F:40,-91
BLE,1670728363416489650,EB:36:96:6E:E3:65,-79
BLE,1670728364606845158,42:82:F6:CB:7B:27,-87
BLE,1670728364646084775,63:DD:A1:67:56:A8,-98
BLE,1670728364658619542,47:8D:18:D4:A5:B8,-102
BLE,1670728364841214037,47:8D:18:D4:A5:B8,-90
BLE,1670728364876537325,42:82:F6:CB:7B:27,-89
BLE,1670728365416535235,EB:36:96:6E:E3:65,-65
BLE,1670728365962884153,47:8D:18:D4:A5:B8,-107
BLE,1670728366245526333,42:82:F6:CB:7B:27,-88
BLE,1670728366284916073,63:DD:A1:67:56:A8,-97
BLE,1670728366519138204,42:82:F6:CB:7B:27,-101
BLE,1670728366790373852,42:82:F6:CB:7B:27,-99
BLE,1670728366874346604,54:8B:E4:F8:5F:40,-101
BLE,1670728367416624320,EB:36:96:6E:E3:65,-80
BLE,1670728368492470565,63:DD:A1:67:56:A8,-96
BLE,1670728368762328314,63:DD:A1:67:56:A8,-97
BLE,1670728368967907702,42:82:F6:CB:7B:27,-99
BLE,1670728369238119488,42:82:F6:CB:7B:27,-98
BLE,1670728369420572734,EB:36:96:6E:E3:65,-79
BLE,1670728369510389791,42:82:F6:CB:7B:27,-99
BLE,1670728369594758662,63:DD:A1:67:56:A8,-96
BLE,1670728369780379454,42:82:F6:CB:7B:27,-98
BLE,1670728370052878588,42:82:F6:CB:7B:27,-100
BLE,1670728370143381220,63:DD:A1:67:56:A8,-105
BLE,1670728371236286303,63:DD:A1:67:56:A8,-98
BLE,1670728371424515565,EB:36:96:6E:E3:65,-80
BLE,1670728371507290955,63:DD:A1:67:56:A8,-97
BLE,1670728372610034588,63:DD:A1:67:56:A8,-96
BLE,1670728373040656174,42:82:F6:CB:7B:27,-99
BLE,1670728373315562780,42:82:F6:CB:7B:27,-99
BLE,1670728373443353718,63:DD:A1:67:56:A8,-98
BLE,1670728373794042172,47:8D:18:D4:A5:B8,-101
BLE,1670728374250997486,63:DD:A1:67:56:A8,-96
BLE,1670728374319395256,EC:53:06:D9:76:BD,-100
BLE,1670728375433829709,EB:36:96:6E:E3:65,-65
BLE,1670728375498230651,42:82:F6:CB:7B:27,-89
BLE,1670728375635770890,54:8B:E4:F8:5F:40,-96
BLE,1670728375641675445,47:8D:18:D4:A5:B8,-92
BLE,1670728375890893064,63:DD:A1:67:56:A8,-97
BLE,1670728376199453560,47:8D:18:D4:A5:B8,-102
BLE,1670728377265909500,63:DD:A1:67:56:A8,-97
BLE,1670728377311349376,47:8D:18:D4:A5:B8,-104
BLE,1670728377436369514,EB:36:96:6E:E3:65,-79
BLE,1670728377686215001,47:8D:18:D4:A5:B8,-101
BLE,1670728377948310925,42:82:F6:CB:7B:27,-99
BLE,1670728378220855600,42:82:F6:CB:7B:27,-101
BLE,1670728378367170943,63:DD:A1:67:56:A8,-95
BLE,1670728378490641099,42:82:F6:CB:7B:27,-99
BLE,1670728378760635346,42:82:F6:CB:7B:27,-100
BLE,1670728379439870767,EB:36:96:6E:E3:65,-79
BLE,1670728379470844023,63:DD:A1:67:56:A8,-96
BLE,1670728379742428418,63:DD:A1:67:56:A8,-97
BLE,1670728380845922917,63:DD:A1:67:56:A8,-96
BLE,1670728380939532971,42:82:F6:CB:7B:27,-100
BLE,1670728381210774619,42:82:F6:CB:7B:27,-99
BLE,1670728381215517313,47:8D:18:D4:A5:B8,-100
BLE,1670728381674659227,63:DD:A1:67:56:A8,-99
BLE,1670728381752044098,42:82:F6:CB:7B:27,-100
BLE,1670728381988723324,14:BB:6E:11:32:18,-102
BLE,1670728382351124097,EC:53:06:D9:76:BD,-103
BLE,1670728382524896363,47:8D:18:D4:A5:B8,-100
BLE,1670728383440863260,EB:36:96:6E:E3:65,-80
BLE,1670728383466417373,47:8D:18:D4:A5:B8,-103
BLE,1670728383627862619,54:8B:E4:F8:5F:40,-101
BLE,1670728384131257756,63:DD:A1:67:56:A8,-97
BLE,1670728384401028548,63:DD:A1:67:56:A8,-97
BLE,1670728384578469020,47:8D:18:D4:A5:B8,-102
BLE,1670728384742169948,42:82:F6:CB:7B:27,-100
BLE,1670728385012098029,42:82:F6:CB:7B:27,-99
BLE,1670728385316622282,47:8D:18:D4:A5:B8,-100
BLE,1670728385442196538,EB:36:96:6E:E3:65,-79
BLE,1670728385719297784,C8:B2:1E:C1:4C:16,-102
BLE,1670728386042177443,63:DD:A1:67:56:A8,-99
BLE,1670728386312113066,63:DD:A1:67:56:A8,-86
BLE,1670728387411116452,63:DD:A1:67:56:A8,-95
BLE,1670728387444776677,EB:36:96:6E:E3:65,-80
BLE,1670728387682155437,63:DD:A1:67:56:A8,-100
BLE,1670728387957115958,63:DD:A1:67:56:A8,-96
BLE,1670728388105895146,47:8D:18:D4:A5:B8,-103
BLE,1670728388176065895,14:BB:6E:11:32:18,-104
BLE,1670728388278369136,42:82:F6:CB:7B:27,-100
BLE,1670728388513160052,63:DD:A1:67:56:A8,-95
BLE,1670728388548309676,42:82:F6:CB:7B:27,-98
BLE,1670728388780087294,54:8B:E4:F8:5F:40,-102
BLE,1670728388784494783,63:DD:A1:67:56:A8,-96
BLE,1670728389055705807,63:DD:A1:67:56:A8,-95
BLE,1670728389444836512,EB:36:96:6E:E3:65,-80
BLE,1670728390082358179,54:8B:E4:F8:5F:40,-101
BLE,1670728390157083665,63:DD:A1:67:56:A8,-97
BLE,1670728390428245231,63:DD:A1:67:56:A8,-86
BLE,1670728390455948860,42:82:F6:CB:7B:27,-91
BLE,1670728390996230600,42:82:F6:CB:7B:27,-102
BLE,1670728391096505824,47:8D:18:D4:A5:B8,-91
BLE,1670728391268426654,42:82:F6:CB:7B:27,-87
BLE,1670728391448663427,EB:36:96:6E:E3:65,-79
BLE,1670728391652553169,47:8D:18:D4:A5:B8,-92
BLE,1670728391803107336,63:DD:A1:67:56:A8,-96
BLE,1670728392360616205,63:DD:A1:67:56:A8,-100
BLE,1670728392904379528,63:DD:A1:67:56:A8,-97
BLE,1670728393178738890,42:82:F6:CB:7B:27,-98
BLE,1670728393448551139,42:82:F6:CB:7B:27,-86
BLE,1670728393451155483,EB:36:96:6E:E3:65,-66
BLE,1670728393464282452,63:DD:A1:67:56:A8,-85
BLE,1670728393739455346,63:DD:A1:67:56:A8,-85
BLE,1670728393932043930,54:8B:E4:F8:5F:40,-101
BLE,1670728393993413950,42:82:F6:CB:7B:27,-88
BLE,1670728394094438915,47:8D:18:D4:A5:B8,-105
BLE,1670728394263422030,42:82:F6:CB:7B:27,-89
BLE,1670728394533428277,42:82:F6:CB:7B:27,-101
BLE,1670728394567287624,63:DD:A1:67:56:A8,-85
BLE,1670728394656310857,47:8D:18:D4:A5:B8,-92
BLE,1670728395454100701,EB:36:96:6E:E3:65,-80
BLE,1670728395943208258,63:DD:A1:67:56:A8,-85
BLE,1670728396211989519,63:DD:A1:67:56:A8,-98
BLE,1670728396982360231,42:82:F6:CB:7B:27,-100
BLE,1670728397311804812,63:DD:A1:67:56:A8,-95
BLE,1670728397453820748,EB:36:96:6E:E3:65,-79
BLE,1670728398571507579,47:8D:18:D4:A5:B8,-102
BLE,1670728398586704190,54:8B:E4:F8:5F:40,-102
BLE,1670728398686772874,63:DD:A1:67:56:A8,-97
BLE,1670728399454417452,EB:36:96:6E:E3:65,-80
BLE,1670728399519236931,63:DD:A1:67:56:A8,-98
BLE,1670728399790497496,63:DD:A1:67:56:A8,-97
BLE,1670728400060680657,63:DD:A1:67:56:A8,-96
BLE,1670728400390279737,EC:53:06:D9:76:BD,-98
BLE,1670728400513709435,42:82:F6:CB:7B:27,-100
BLE,1670728400783689849,42:82:F6:CB:7B:27,-103
BLE,1670728400889235969,63:DD:A1:67:56:A8,-95
BLE,1670728401327414632,42:82:F6:CB:7B:27,-100
BLE,1670728401539157905,47:8D:18:D4:A5:B8,-104
BLE,1670728401597368712,42:82:F6:CB:7B:27,-97
BLE,1670728401722306060,63:DD:A1:67:56:A8,-96
BLE,1670728402839910391,47:8D:18:D4:A5:B8,-101
BLE,1670728403094343365,63:DD:A1:67:56:A8,-97
BLE,1670728403369286136,63:DD:A1:67:56:A8,-97
BLE,1670728403459511146,EB:36:96:6E:E3:65,-81
BLE,1670728404318849842,42:82:F6:CB:7B:27,-100
BLE,1670728404328416978,47:8D:18:D4:A5:B8,-100
BLE,1670728404590179114,42:82:F6:CB:7B:27,-98
BLE,1670728404736934535,63:DD:A1:67:56:A8,-96
BLE,1670728405007993311,63:DD:A1:67:56:A8,-96
BLE,1670728405071042644,47:8D:18:D4:A5:B8,-102
BLE,1670728405424720146,79:39:39:CC:D8:A4,-88
BLE,1670728405459543773,EB:36:96:6E:E3:65,-80
BLE,1670728406083325895,54:8B:E4:F8:5F:40,-90
BLE,1670728406372836910,47:8D:18:D4:A5:B8,-90
BLE,1670728406378358928,63:DD:A1:67:56:A8,-91
BLE,1670728406649597618,63:DD:A1:67:56:A8,-96
BLE,1670728406748665815,47:8D:18:D4:A5:B8,-95
BLE,1670728406939138174,47:8D:18:D4:A5:B8,-102
BLE,1670728407459710357,EB:36:96:6E:E3:65,-67
BLE,1670728407481725054,63:DD:A1:67:56:A8,-96
BLE,1670728407751709926,63:DD:A1:67:56:A8,-86
BLE,1670728407848730480,42:82:F6:CB:7B:27,-100
BLE,1670728408025452628,63:DD:A1:67:56:A8,-84
BLE,1670728408120187585,42:82:F6:CB:7B:27,-90
BLE,1670728408393718998,42:82:F6:CB:7B:27,-89
BLE,1670728408599669173,47:8D:18:D4:A5:B8,-91
BLE,1670728409461161634,EB:36:96:6E:E3:65,-81
BLE,1670728409958217972,63:DD:A1:67:56:A8,-97
BLE,1670728410301285975,42:82:F6:CB:7B:27,-97
BLE,1670728410573836316,42:82:F6:CB:7B:27,-101
BLE,1670728410647868477,47:8D:18:D4:A5:B8,-101
BLE,1670728411460746683,EB:36:96:6E:E3:65,-79
BLE,1670728411955697588,47:8D:18:D4:A5:B8,-99
BLE,1670728412136961140,47:8D:18:D4:A5:B8,-103
BLE,1670728412213812642,42:82:F6:CB:7B:27,-98
BLE,1670728412455530392,63:DD:A1:67:56:A8,-96
BLE,1670728412758721786,42:82:F6:CB:7B:27,-98
BLE,1670728413462190460,EB:36:96:6E:E3:65,-79
BLE,1670728413561730443,63:DD:A1:67:56:A8,-97
BLE,1670728414343639934,47:8D:18:D4:A5:B8,-105
BLE,1670728414394293081,63:DD:A1:67:56:A8,-97
BLE,1670728414901404425,47:8D:18:D4:A5:B8,-101
BLE,1670728415091935325,47:8D:18:D4:A5:B8,-103
BLE,1670728415463158951,EB:36:96:6E:E3:65,-80
BLE,1670728416414903381,EC:53:06:D9:76:BD,-89
BLE,1670728416595509399,63:DD:A1:67:56:A8,-95
BLE,1670728416873178430,63:DD:A1:67:56:A8,-92
BLE,1670728417366385438,42:82:F6:CB:7B:27,-99
BLE,1670728417464462105,EB:36:96:6E:E3:65,-68
BLE,1670728417641307793,42:82:F6:CB:7B:27,-101
BLE,1670728417969511806,63:DD:A1:67:56:A8,-85
BLE,1670728419073088096,63:DD:A1:67:56:A8,-95
BLE,1670728419343007594,63:DD:A1:67:56:A8,-95
BLE,1670728419468279312,EB:36:96:6E:E3:65,-79
BLE,1670728420443375005,63:DD:A1:67:56:A8,-96
BLE,1670728420632811169,42:82:F6:CB:7B:27,-98
BLE,1670728420714243700,63:DD:A1:67:56:A8,-96
BLE,1670728421468359688,EB:36:96:6E:E3:65,-79
BLE,1670728422086699083,63:DD:A1:67:56:A8,-96
BLE,1670728422731143626,47:8D:18:D4:A5:B8,-102
BLE,1670728423191569400,63:DD:A1:67:56:A8,-97
BLE,1670728423470902369,EB:36:96:6E:E3:65,-79
BLE,1670728424245938150,14:BB:6E:11:32:18,-92
BLE,1670728424290426079,63:DD:A1:67:56:A8,-84
BLE,1670728424440742208,EC:53:06:D9:76:BD,-92
BLE,1670728424562988796,63:DD:A1:67:56:A8,-97
BLE,1670728424703022755,42:82:F6:CB:7B:27,-88
BLE,1670728424832927085,63:DD:A1:67:56:A8,-87
BLE,1670728425158781667,47:8D:18:D4:A5:B8,-88
BLE,1670728425474781200,EB:36:96:6E:E3:65,-65
BLE,1670728425522467508,42:82:F6:CB:7B:27,-93
BLE,1670728425663697828,54:8B:E4:F8:5F:40,-103
BLE,1670728425902322615,47:8D:18:D4:A5:B8,-101
BLE,1670728425935720509,63:DD:A1:67:56:A8,-96
BLE,1670728426206651120,63:DD:A1:67:56:A8,-97
BLE,1670728426283615246,47:8D:18:D4:A5:B8,-105
BLE,1670728426884542723,42:82:F6:CB:7B:27,-102
BLE,1670728427023010243,63:DD:A1:67:56:A8,-106
BLE,1670728427156516447,42:82:F6:CB:7B:27,-101
BLE,1670728427474528206,EB:36:96:6E:E3:65,-80
BLE,1670728428676599074,63:DD:A1:67:56:A8,-98
BLE,1670728429476022274,EB:36:96:6E:E3:65,-79
BLE,1670728430147959365,42:82:F6:CB:7B:27,-98
BLE,1670728430421539985,42:82:F6:CB:7B:27,-99
BLE,1670728430569701515,54:8B:E4:F8:5F:40,-101
BLE,1670728430886485789,63:DD:A1:67:56:A8,-97
BLE,1670728431444725690,63:DD:A1:67:56:A8,-95
BLE,1670728431477084889,EB:36:96:6E:E3:65,-79
BLE,1670728432264265359,63:DD:A1:67:56:A8,-104
BLE,1670728432329161629,42:82:F6:CB:7B:27,-98
BLE,1670728432604067609,42:82:F6:CB:7B:27,-100
BLE,1670728432884608272,14:BB:6E:11:32:18,-101
BLE,1670728432902193771,54:8B:E4:F8:5F:40,-99
BLE,1670728432986076857,47:8D:18:D4:A5:B8,-108
BLE,1670728433480862138,EB:36:96:6E:E3:65,-80
BLE,1670728433921875517,47:8D:18:D4:A5:B8,-109
BLE,1670728434194152029,63:DD:A1:67:56:A8,-96
BLE,1670728435055577032,42:82:F6:CB:7B:27,-87
BLE,1670728435481088554,EB:36:96:6E:E3:65,-65
BLE,1670728435566575288,63:DD:A1:67:56:A8,-85
BLE,1670728436664682101,63:DD:A1:67:56:A8,-84
BLE,1670728436938980005,63:DD:A1:67:56:A8,-85
BLE,1670728436966736008,42:82:F6:CB:7B:27,-100
BLE,1670728437024760901,54:8B:E4:F8:5F:40,-91
BLE,1670728437236739922,42:82:F6:CB:7B:27,-98
BLE,1670728437509086641,42:82:F6:CB:7B:27,-99
BLE,1670728438041347893,63:DD:A1:67:56:A8,-97
BLE,1670728438312335586,63:DD:A1:67:56:A8,-96
BLE,1670728439339720741,47:8D:18:D4:A5:B8,-100
BLE,1670728439682583038,63:DD:A1:67:56:A8,-98
BLE,1670728439686761613,42:82:F6:CB:7B:27,-98
BLE,1670728439958075136,42:82:F6:CB:7B:27,-100
BLE,1670728440229311451,42:82:F6:CB:7B:27,-100
BLE,1670728440500727890,42:82:F6:CB:7B:27,-98
BLE,1670728440783942771,63:DD:A1:67:56:A8,-94
BLE,1670728441188327961,47:8D:18:D4:A5:B8,-104
BLE,1670728441484359815,EB:36:96:6E:E3:65,-82
BLE,1670728441742647534,47:8D:18:D4:A5:B8,-100
BLE,1670728442140573009,42:82:F6:CB:7B:27,-99
BLE,1670728442156271281,63:DD:A1:67:56:A8,-97
BLE,1670728442413068143,42:82:F6:CB:7B:27,-100
BLE,1670728442484626500,EC:53:06:D9:76:BD,-101
BLE,1670728442684464790,42:82:F6:CB:7B:27,-100
BLE,1670728442954367038,42:82:F6:CB:7B:27,-99
BLE,1670728442987538893,63:DD:A1:67:56:A8,-98
BLE,1670728443484543815,EB:36:96:6E:E3:65,-81
BLE,1670728443973949369,54:8B:E4:F8:5F:40,-102
BLE,1670728444916393242,47:8D:18:D4:A5:B8,-101
BLE,1670728445197614314,63:DD:A1:67:56:A8,-96
BLE,1670728445283428793,14:BB:6E:11:32:18,-101
BLE,1670728445484603192,EB:36:96:6E:E3:65,-81
BLE,1670728445944467680,42:82:F6:CB:7B:27,-99
BLE,1670728446215697579,42:82:F6:CB:7B:27,-102
BLE,1670728446485662409,42:82:F6:CB:7B:27,-99
BLE,1670728446567413395,63:DD:A1:67:56:A8,-96
BLE,1670728447488625813,EB:36:96:6E:E3:65,-81
BLE,1670728448087799436,47:8D:18:D4:A5:B8,-105
BLE,1670728448124437667,42:82:F6:CB:7B:27,-98
BLE,1670728448234947894,63:DD:A1:67:56:A8,-96
BLE,1670728448398210910,42:82:F6:CB:7B:27,-102
BLE,1670728448504934474,63:DD:A1:67:56:A8,-96
BLE,1670728448834250891,47:8D:18:D4:A5:B8,-101
BLE,1670728448852734588,54:8B:E4:F8:5F:40,-102
BLE,1670728449332432673,63:DD:A1:67:56:A8,-96
BLE,1670728449603822612,63:DD:A1:67:56:A8,-97
BLE,1670728450517558993,47:8D:18:D4:A5:B8,-93
BLE,1670728450578349187,42:82:F6:CB:7B:27,-88
BLE,1670728450848297518,42:82:F6:CB:7B:27,-88
BLE,1670728451244859051,63:DD:A1:67:56:A8,-100
BLE,1670728451488127032,EB:36:96:6E:E3:65,-79
BLE,1670728451519880780,63:DD:A1:67:56:A8,-86
BLE,1670728452102556849,14:BB:6E:11:32:18,-103
BLE,1670728452348642630,63:DD:A1:67:56:A8,-94
BLE,1670728452501152649,EC:53:06:D9:76:BD,-101
BLE,1670728453491879865,EB:36:96:6E:E3:65,-79
BLE,1670728453692270065,47:8D:18:D4:A5:B8,-88
BLE,1670728453840828214,42:82:F6:CB:7B:27,-89
BLE,1670728453970800002,14:BB:6E:11:32:18,-90
BLE,1670728454113315682,42:82:F6:CB:7B:27,-90
BLE,1670728454256864141,47:8D:18:D4:A5:B8,-103
BLE,1670728454384440540,42:82:F6:CB:7B:27,-90
BLE,1670728454553603903,63:DD:A1:67:56:A8,-95
BLE,1670728455384881849,63:DD:A1:67:56:A8,-97
BLE,1670728455471297112,42:82:F6:CB:7B:27,-105
BLE,1670728455658795424,63:DD:A1:67:56:A8,-96
BLE,1670728456708926808,47:8D:18:D4:A5:B8,-101
BLE,1670728457102273588,42:82:F6:CB:7B:27,-97
BLE,1670728457269093103,47:8D:18:D4:A5:B8,-100
BLE,1670728457320224745,63:DD:A1:67:56:A8,-95
BLE,1670728457374622223,42:82:F6:CB:7B:27,-101
BLE,1670728457499801567,EB:36:96:6E:E3:65,-81
BLE,1670728457591218022,63:DD:A1:67:56:A8,-95
BLE,1670728457644646720,42:82:F6:CB:7B:27,-100
BLE,1670728458965423551,63:DD:A1:67:56:A8,-84
BLE,1670728459140659300,47:8D:18:D4:A5:B8,-100
BLE,1670728460066302832,63:DD:A1:67:56:A8,-84
BLE,1670728460095943812,42:82:F6:CB:7B:27,-88
BLE,1670728460260772727,47:8D:18:D4:A5:B8,-102
BLE,1670728460339849203,63:DD:A1:67:56:A8,-96
BLE,1670728460444900245,47:8D:18:D4:A5:B8,-104
BLE,1670728460468214801,54:8B:E4:F8:5F:40,-100
BLE,1670728460610291444,63:DD:A1:67:56:A8,-98
BLE,1670728460638865646,42:82:F6:CB:7B:27,-101
BLE,1670728461379450004,47:8D:18:D4:A5:B8,-109
BLE,1670728461438727966,63:DD:A1:67:56:A8,-96
BLE,1670728461504988844,EB:36:96:6E:E3:65,-81
BLE,1670728461568926834,47:8D:18:D4:A5:B8,-99
BLE,1670728462690954821,47:8D:18:D4:A5:B8,-101
BLE,1670728462812443667,63:DD:A1:67:56:A8,-96
BLE,1670728463357531475,42:82:F6:CB:7B:27,-102
BLE,1670728463508804718,EB:36:96:6E:E3:65,-81
BLE,1670728463898546124,42:82:F6:CB:7B:27,-98
BLE,1670728464168525579,42:82:F6:CB:7B:27,-101
BLE,1670728464187346522,63:DD:A1:67:56:A8,-95
BLE,1670728464438528284,42:82:F6:CB:7B:27,-99
BLE,1670728464537855478,EC:53:06:D9:76:BD,-103
BLE,1670728464605033220,54:8B:E4:F8:5F:40,-102
BLE,1670728464712077905,42:82:F6:CB:7B:27,-98
BLE,1670728465017363233,63:DD:A1:67:56:A8,-97
BLE,1670728465154078190,14:BB:6E:11:32:18,-103
BLE,1670728465511596979,EB:36:96:6E:E3:65,-67
BLE,1670728465864735653,C8:B2:1E:C1:4C:16,-90
BLE,1670728466388905668,63:DD:A1:67:56:A8,-85
BLE,1670728466658884332,63:DD:A1:67:56:A8,-84
BLE,1670728466932376329,63:DD:A1:67:56:A8,-95
BLE,1670728467490377025,63:DD:A1:67:56:A8,-98
BLE,1670728467515193438,EB:36:96:6E:E3:65,-82
BLE,1670728467701147268,42:82:F6:CB:7B:27,-102
BLE,1670728467971195473,42:82:F6:CB:7B:27,-99
BLE,1670728468241276510,42:82:F6:CB:7B:27,-101
BLE,1670728468324971348,63:DD:A1:67:56:A8,-96
BLE,1670728468472696341,54:8B:E4:F8:5F:40,-106
BLE,1670728468511087134,42:82:F6:CB:7B:27,-101
BLE,1670728468784668005,42:82:F6:CB:7B:27,-99
BLE,1670728469428710970,63:DD:A1:67:56:A8,-95
BLE,1670728469515026276,EB:36:96:6E:E3:65,-81
BLE,1670728469700106866,63:DD:A1:67:56:A8,-95
BLE,1670728470262830715,14:BB:6E:11:32:18,-102
BLE,1670728470424910579,42:82:F6:CB:7B:27,-100
BLE,1670728470697283255,42:82:F6:CB:7B:27,-99
BLE,1670728470967227253,42:82:F6:CB:7B:27,-100
BLE,1670728471046389395,54:8B:E4:F8:5F:40,-99
BLE,1670728471071141475,63:DD:A1:67:56:A8,-96
BLE,1670728472549154770,47:8D:18:D4:A5:B8,-98
BLE,1670728473287821025,47:8D:18:D4:A5:B8,-101
BLE,1670728473417450025,42:82:F6:CB:7B:27,-98
BLE,1670728473520094763,EB:36:96:6E:E3:65,-80
BLE,1670728473543640857,63:DD:A1:67:56:A8,-97
BLE,1670728473655396445,14:BB:6E:11:32:18,-101
BLE,1670728473689745203,42:82:F6:CB:7B:27,-98
BLE,1670728474032289087,47:8D:18:D4:A5:B8,-102
BLE,1670728475525449868,EB:36:96:6E:E3:65,-81
BLE,1670728475726524143,63:DD:A1:67:56:A8,-96
BLE,1670728475998648448,63:DD:A1:67:56:A8,-95
BLE,1670728476557587133,63:DD:A1:67:56:A8,-95
BLE,1670728476828623242,63:DD:A1:67:56:A8,-96
BLE,1670728476847863555,47:8D:18:D4:A5:B8,-100
BLE,1670728476952320479,42:82:F6:CB:7B:27,-99
BLE,1670728477101079668,63:DD:A1:67:56:A8,-95
BLE,1670728477371043540,63:DD:A1:67:56:A8,-96
BLE,1670728477526459692,EB:36:96:6E:E3:65,-81
BLE,1670728478016037452,54:8B:E4:F8:5F:40,-105
BLE,1670728478333404469,47:8D:18:D4:A5:B8,-102
BLE,1670728478473517510,63:DD:A1:67:56:A8,-87
BLE,1670728479575055658,63:DD:A1:67:56:A8,-97
BLE,1670728479670154193,42:82:F6:CB:7B:27,-98
BLE,1670728479844785741,63:DD:A1:67:56:A8,-97
BLE,1670728479942541537,42:82:F6:CB:7B:27,-100
BLE,1670728480334411459,54:8B:E4:F8:5F:40,-89
BLE,1670728480947537791,63:DD:A1:67:56:A8,-85
BLE,1670728481527756515,EB:36:96:6E:E3:65,-68
BLE,1670728481688283605,14:BB:6E:11:32:18,-91
BLE,1670728481711976990,47:8D:18:D4:A5:B8,-95
BLE,1670728482049763181,63:DD:A1:67:56:A8,-96
BLE,1670728483204132200,42:82:F6:CB:7B:27,-100
BLE,1670728483419796968,63:DD:A1:67:56:A8,-97
BLE,1670728483473804951,42:82:F6:CB:7B:27,-100
BLE,1670728483528986378,EB:36:96:6E:E3:65,-79
BLE,1670728483689805631,63:DD:A1:67:56:A8,-96
BLE,1670728483743902238,42:82:F6:CB:7B:27,-88
BLE,1670728484285168550,42:82:F6:CB:7B:27,-100
BLE,1670728484522652892,63:DD:A1:67:56:A8,-98
BLE,1670728485356343267,63:DD:A1:67:56:A8,-86
BLE,1670728485531822846,EB:36:96:6E:E3:65,-65
BLE,1670728485627242711,63:DD:A1:67:56:A8,-97
BLE,1670728485898575484,63:DD:A1:67:56:A8,-97
BLE,1670728486360116661,47:8D:18:D4:A5:B8,-103
BLE,1670728486467705673,42:82:F6:CB:7B:27,-99
BLE,1670728486733518886,63:DD:A1:67:56:A8,-96
BLE,1670728487007670417,42:82:F6:CB:7B:27,-98
BLE,1670728487313668402,54:8B:E4:F8:5F:40,-104
BLE,1670728487836174187,63:DD:A1:67:56:A8,-97
BLE,1670728488780481288,14:BB:6E:11:32:18,-100
BLE,1670728488918971849,42:82:F6:CB:7B:27,-101
BLE,1670728488933258013,63:DD:A1:67:56:A8,-96
BLE,1670728489190380663,42:82:F6:CB:7B:27,-102
BLE,1670728489539327137,EB:36:96:6E:E3:65,-82
BLE,1670728490097272792,47:8D:18:D4:A5:B8,-100
BLE,1670728491117140870,63:DD:A1:67:56:A8,-98
BLE,1670728491277543670,14:BB:6E:11:32:18,-94
BLE,1670728491370230318,42:82:F6:CB:7B:27,-101
BLE,1670728491539066893,EB:36:96:6E:E3:65,-79
BLE,1670728491640216481,42:82:F6:CB:7B:27,-99
BLE,1670728491911488838,42:82:F6:CB:7B:27,-100
BLE,1670728492181763123,42:82:F6:CB:7B:27,-100
BLE,1670728492220826075,63:DD:A1:67:56:A8,-96
BLE,1670728492409638704,79:39:39:CC:D8:A4,-100
BLE,1670728492453948510,42:82:F6:CB:7B:27,-99
BLE,1670728492725220784,42:82:F6:CB:7B:27,-98
BLE,1670728493539192935,EB:36:96:6E:E3:65,-79
BLE,1670728494427144457,63:DD:A1:67:56:A8,-95
BLE,1670728495174253570,42:82:F6:CB:7B:27,-98
BLE,1670728495444122819,42:82:F6:CB:7B:27,-100
BLE,1670728495498734169,47:8D:18:D4:A5:B8,-92
BLE,1670728495544213503,EB:36:96:6E:E3:65,-65
BLE,1670728495714141232,42:82:F6:CB:7B:27,-87
BLE,1670728495755505990,14:BB:6E:11:32:18,-92
BLE,1670728495798691851,63:DD:A1:67:56:A8,-98
BLE,1670728495984056730,42:82:F6:CB:7B:27,-87
BLE,1670728496062247008,47:8D:18:D4:A5:B8,-88
BLE,1670728496069354882,63:DD:A1:67:56:A8,-85
BLE,1670728496254162392,42:82:F6:CB:7B:27,-97
BLE,1670728496526607943,42:82:F6:CB:7B:27,-89
BLE,1670728496796782188,42:82:F6:CB:7B:27,-88
BLE,1670728497066641311,42:82:F6:CB:7B:27,-98
BLE,1670728497169470421,63:DD:A1:67:56:A8,-85
BLE,1670728497337875585,42:82:F6:CB:7B:27,-99
BLE,1670728497385269979,47:8D:18:D4:A5:B8,-103
BLE,1670728497545462324,EB:36:96:6E:E3:65,-79
BLE,1670728497748018831,47:8D:18:D4:A5:B8,-103
BLE,1670728498001853062,63:DD:A1:67:56:A8,-95
BLE,1670728498275833637,63:DD:A1:67:56:A8,-97
BLE,1670728498489183682,47:8D:18:D4:A5:B8,-102
BLE,1670728498545638136,63:DD:A1:67:56:A8,-95
BLE,1670728498975645479,42:82:F6:CB:7B:27,-97
BLE,1670728499245471353,42:82:F6:CB:7B:27,-99
BLE,1670728499516689127,42:82:F6:CB:7B:27,-98
BLE,1670728499545503743,EB:36:96:6E:E3:65,-79
BLE,1670728499621788502,14:BB:6E:11:32:18,-103
BLE,1670728499644329942,63:DD:A1:67:56:A8,-95
BLE,1670728499918131852,63:DD:A1:67:56:A8,-96
BLE,1670728500057886690,42:82:F6:CB:7B:27,-98
BLE,1670728500328007185,42:82:F6:CB:7B:27,-88
BLE,1670728500598212763,42:82:F6:CB:7B:27,-99
BLE,1670728500634321167,EC:53:06:D9:76:BD,-93
BLE,1670728500745590260,63:DD:A1:67:56:A8,-97
BLE,1670728500870302151,42:82:F6:CB:7B:27,-83
BLE,1670728501140683727,42:82:F6:CB:7B:27,-87
BLE,1670728501549590238,EB:36:96:6E:E3:65,-64
BLE,1670728501857806947,D2:ED:7D:20:05:55,-97
BLE,1670728502120499781,63:DD:A1:67:56:A8,-87
BLE,1670728502393010914,63:DD:A1:67:56:A8,-96
BLE,1670728503320585048,42:82:F6:CB:7B:27,-97
BLE,1670728503553209823,EB:36:96:6E:E3:65,-79
BLE,1670728503592760685,42:82:F6:CB:7B:27,-99
BLE,1670728503759600993,63:DD:A1:67:56:A8,-96
BLE,1670728503887996424,47:8D:18:D4:A5:B8,-100
BLE,1670728504033118364,63:DD:A1:67:56:A8,-96
BLE,1670728504681136573,42:82:F6:CB:7B:27,-104
BLE,1670728505134377182,63:DD:A1:67:56:A8,-96
BLE,1670728505556985113,EB:36:96:6E:E3:65,-79
BLE,1670728505967221442,63:DD:A1:67:56:A8,-85
BLE,1670728506523205996,47:8D:18:D4:A5:B8,-88
BLE,1670728506584386685,42:82:F6:CB:7B:27,-87
BLE,1670728506903337016,47:8D:18:D4:A5:B8,-92
BLE,1670728507559493544,EB:36:96:6E:E3:65,-79
BLE,1670728507630631573,63:DD:A1:67:56:A8,-98
BLE,1670728507843038088,47:8D:18:D4:A5:B8,-103
BLE,1670728508215900362,47:8D:18:D4:A5:B8,-104
BLE,1670728508391537314,C8:B2:1E:C1:4C:16,-103
BLE,1670728508585735879,47:8D:18:D4:A5:B8,-102
BLE,1670728508763000813,42:82:F6:CB:7B:27,-101
BLE,1670728509032999226,42:82:F6:CB:7B:27,-99
BLE,1670728509308020996,42:82:F6:CB:7B:27,-99
BLE,1670728509559537713,EB:36:96:6E:E3:65,-79
BLE,1670728509577964286,42:82:F6:CB:7B:27,-98
BLE,1670728509847986865,42:82:F6:CB:7B:27,-97
BLE,1670728510109696419,63:DD:A1:67:56:A8,-96
BLE,1670728510118639146,42:82:F6:CB:7B:27,-100
BLE,1670728510388161190,42:82:F6:CB:7B:27,-99
BLE,1670728510435645042,47:8D:18:D4:A5:B8,-103
BLE,1670728510536471801,54:8B:E4:F8:5F:40,-94
BLE,1670728511563466211,EB:36:96:6E:E3:65,-79
BLE,1670728512491993291,47:8D:18:D4:A5:B8,-101
BLE,1670728513118970042,54:8B:E4:F8:5F:40,-103
BLE,1670728513378198875,42:82:F6:CB:7B:27,-89
BLE,1670728513415588139,63:DD:A1:67:56:A8,-84
BLE,1670728513563383922,EB:36:96:6E:E3:65,-79
BLE,1670728513649325067,42:82:F6:CB:7B:27,-89
BLE,1670728513819422377,47:8D:18:D4:A5:B8,-91
BLE,1670728513920545216,42:82:F6:CB:7B:27,-100
BLE,1670728514190561296,42:82:F6:CB:7B:27,-89
BLE,1670728514196446892,47:8D:18:D4:A5:B8,-91
BLE,1670728514460596334,42:82:F6:CB:7B:27,-99
BLE,1670728514515774219,63:DD:A1:67:56:A8,-96
BLE,1670728514730751829,42:82:F6:CB:7B:27,-96
BLE,1670728515564817783,EB:36:96:6E:E3:65,-79
BLE,1670728515619425258,63:DD:A1:67:56:A8,-96
BLE,1670728516995687680,63:DD:A1:67:56:A8,-97
BLE,1670728517568687073,EB:36:96:6E:E3:65,-79
BLE,1670728517720727722,42:82:F6:CB:7B:27,-98
BLE,1670728518096871082,63:DD:A1:67:56:A8,-97
BLE,1670728518367991857,63:DD:A1:67:56:A8,-95
BLE,1670728519197130703,63:DD:A1:67:56:A8,-97
BLE,1670728519418267531,47:8D:18:D4:A5:B8,-99
BLE,1670728519573627016,EB:36:96:6E:E3:65,-79
BLE,1670728520570713073,63:DD:A1:67:56:A8,-97
BLE,1670728520614248722,54:8B:E4:F8:5F:40,-104
BLE,1670728520849328717,63:DD:A1:67:56:A8,-102
BLE,1670728521522207672,42:82:F6:CB:7B:27,-98
BLE,1670728521573641394,EB:36:96:6E:E3:65,-79
BLE,1670728521675412558,63:DD:A1:67:56:A8,-96
BLE,1670728521791987588,42:82:F6:CB:7B:27,-100
BLE,1670728522062077375,42:82:F6:CB:7B:27,-97
BLE,1670728522332130205,42:82:F6:CB:7B:27,-97
BLE,1670728523340460420,47:8D:18:D4:A5:B8,-107
BLE,1670728523573363858,EB:36:96:6E:E3:65,-79
BLE,1670728523714365931,47:8D:18:D4:A5:B8,-101
BLE,1670728524148184604,63:DD:A1:67:56:A8,-96
BLE,1670728524268229384,47:8D:18:D4:A5:B8,-102
BLE,1670728524420373950,63:DD:A1:67:56:A8,-96
BLE,1670728524660195597,47:8D:18:D4:A5:B8,-89
BLE,1670728524690358988,63:DD:A1:67:56:A8,-96
BLE,1670728524784541159,42:82:F6:CB:7B:27,-98
BLE,1670728524960351235,63:DD:A1:67:56:A8,-96
BLE,1670728525217968337,47:8D:18:D4:A5:B8,-88
BLE,1670728525577589560,EB:36:96:6E:E3:65,-64
BLE,1670728525589830248,47:8D:18:D4:A5:B8,-90
BLE,1670728525961913530,47:8D:18:D4:A5:B8,-89
BLE,1670728526060443275,63:DD:A1:67:56:A8,-86
BLE,1670728526330592103,63:DD:A1:67:56:A8,-84
BLE,1670728526704575697,47:8D:18:D4:A5:B8,-99
BLE,1670728527435803374,63:DD:A1:67:56:A8,-85
BLE,1670728527577188026,EB:36:96:6E:E3:65,-66
BLE,1670728527630883762,47:8D:18:D4:A5:B8,-102
BLE,1670728528858511118,42:82:F6:CB:7B:27,-100
BLE,1670728529051679362,14:BB:6E:11:32:18,-102
BLE,1670728529130721463,42:82:F6:CB:7B:27,-98
BLE,1670728529134870289,C8:B2:1E:C1:4C:16,-104
BLE,1670728529577135487,EB:36:96:6E:E3:65,-80
BLE,1670728529636681362,63:DD:A1:67:56:A8,-95
BLE,1670728529906607693,63:DD:A1:67:56:A8,-97
BLE,1670728530057476190,47:8D:18:D4:A5:B8,-103
BLE,1670728530619396798,47:8D:18:D4:A5:B8,-103
BLE,1670728531573091663,63:DD:A1:67:56:A8,-97
BLE,1670728531582335719,EB:36:96:6E:E3:65,-79
BLE,1670728531848437304,42:82:F6:CB:7B:27,-99
BLE,1670728532122232297,42:82:F6:CB:7B:27,-97
BLE,1670728532393368739,42:82:F6:CB:7B:27,-100
BLE,1670728532407870233,63:DD:A1:67:56:A8,-97
BLE,1670728532674419729,63:DD:A1:67:56:A8,-97
BLE,1670728532690756202,47:8D:18:D4:A5:B8,-100
BLE,1670728532873446904,47:8D:18:D4:A5:B8,-103
BLE,1670728533583725372,EB:36:96:6E:E3:65,-79
BLE,1670728533764902217,C9:7A:46:95:38:06,-79
BLE,1670728533775434675,63:DD:A1:67:56:A8,-96
BLE,1670728533978162222,47:8D:18:D4:A5:B8,-107
BLE,1670728534050355863,63:DD:A1:67:56:A8,-96
BLE,1670728534356248475,47:8D:18:D4:A5:B8,-100
BLE,1670728535113656007,42:82:F6:CB:7B:27,-99
BLE,1670728535151746804,63:DD:A1:67:56:A8,-96
BLE,1670728535383548964,42:82:F6:CB:7B:27,-100
BLE,1670728535659077061,47:8D:18:D4:A5:B8,-100
BLE,1670728535768747965,C9:7A:46:95:38:06,-79
BLE,1670728536855280833,54:8B:E4:F8:5F:40,-97
BLE,1670728537064555844,63:DD:A1:67:56:A8,-96
BLE,1670728537146540660,47:8D:18:D4:A5:B8,-100
BLE,1670728537402684280,14:BB:6E:11:32:18,-103
BLE,1670728537774401817,C9:7A:46:95:38:06,-79
BLE,1670728537897768225,63:DD:A1:67:56:A8,-97
BLE,1670728538455770296,63:DD:A1:67:56:A8,-96
BLE,1670728538730218865,63:DD:A1:67:56:A8,-97
BLE,1670728539192419659,47:8D:18:D4:A5:B8,-103
BLE,1670728539726367599,42:82:F6:CB:7B:27,-100
BLE,1670728539773950533,C9:7A:46:95:38:06,-80
BLE,1670728539827751560,63:DD:A1:67:56:A8,-96
BLE,1670728540498268418,47:8D:18:D4:A5:B8,-90
BLE,1670728541472783535,63:DD:A1:67:56:A8,-85
BLE,1670728541745354834,63:DD:A1:67:56:A8,-85
BLE,1670728541779296514,C9:7A:46:95:38:06,-65
BLE,1670728542013657976,54:8B:E4:F8:5F:40,-101
BLE,1670728542176163293,42:82:F6:CB:7B:27,-98
BLE,1670728542303910315,63:DD:A1:67:56:A8,-96
BLE,1670728542449856746,42:82:F6:CB:7B:27,-99
BLE,1670728542573902854,63:DD:A1:67:56:A8,-96
BLE,1670728542845131836,63:DD:A1:67:56:A8,-98
BLE,1670728543784446455,C9:7A:46:95:38:06,-65
BLE,1670728543811607757,54:8B:E4:F8:5F:40,-102
BLE,1670728543963346036,D2:ED:7D:20:05:55,-100
BLE,1670728544218940954,63:DD:A1:67:56:A8,-84
BLE,1670728544491434879,63:DD:A1:67:56:A8,-97
BLE,1670728544983617108,47:8D:18:D4:A5:B8,-102
BLE,1670728545356594963,47:8D:18:D4:A5:B8,-102
BLE,1670728545442407484,42:82:F6:CB:7B:27,-98
BLE,1670728545712491355,42:82:F6:CB:7B:27,-98
BLE,1670728545738458463,47:8D:18:D4:A5:B8,-103
BLE,1670728545784441499,C9:7A:46:95:38:06,-79
BLE,1670728545868807204,63:DD:A1:67:56:A8,-102
BLE,1670728545928711825,47:8D:18:D4:A5:B8,-101
BLE,1670728545983614130,42:82:F6:CB:7B:27,-97
BLE,1670728546302277256,47:8D:18:D4:A5:B8,-100
BLE,1670728546422640283,63:DD:A1:67:56:A8,-96
BLE,1670728546863658663,47:8D:18:D4:A5:B8,-102
BLE,1670728547787026846,C9:7A:46:95:38:06,-79
BLE,1670728547891242356,42:82:F6:CB:7B:27,-98
BLE,1670728548087627104,63:DD:A1:67:56:A8,-98
BLE,1670728548162483297,42:82:F6:CB:7B:27,-98
BLE,1670728548434054692,42:82:F6:CB:7B:27,-87
BLE,1670728548911300265,47:8D:18:D4:A5:B8,-101
BLE,1670728549463961400,63:DD:A1:67:56:A8,-85
BLE,1670728549788403082,C9:7A:46:95:38:06,-65
BLE,1670728549971964232,D2:ED:7D:20:05:55,-101
BLE,1670728550021283270,63:DD:A1:67:56:A8,-85
BLE,1670728550295651757,63:DD:A1:67:56:A8,-97
BLE,1670728551396552162,63:DD:A1:67:56:A8,-98
BLE,1670728551438241958,14:BB:6E:11:32:18,-102
BLE,1670728551695076986,42:82:F6:CB:7B:27,-96
BLE,1670728551723445482,47:8D:18:D4:A5:B8,-101
BLE,1670728551788003048,C9:7A:46:95:38:06,-79
BLE,1670728551965044317,42:82:F6:CB:7B:27,-99
BLE,1670728552237675532,42:82:F6:CB:7B:27,-97
BLE,1670728552507560156,42:82:F6:CB:7B:27,-100
BLE,1670728552768821715,63:DD:A1:67:56:A8,-97
BLE,1670728553039021042,63:DD:A1:67:56:A8,-97
BLE,1670728553207926533,47:8D:18:D4:A5:B8,-99
BLE,1670728553790669644,C9:7A:46:95:38:06,-79
BLE,1670728553868738340,63:DD:A1:67:56:A8,-97
BLE,1670728554143798485,63:DD:A1:67:56:A8,-97
BLE,1670728555241529428,63:DD:A1:67:56:A8,-97
BLE,1670728555440601310,47:8D:18:D4:A5:B8,-89
BLE,1670728555516236077,63:DD:A1:67:56:A8,-86
BLE,1670728555790814686,C9:7A:46:95:38:06,-80
BLE,1670728555805022184,63:DD:A1:67:56:A8,-84
BLE,1670728556179615311,47:8D:18:D4:A5:B8,-93
BLE,1670728556223303167,54:8B:E4:F8:5F:40,-92
BLE,1670728556868872488,42:82:F6:CB:7B:27,-88
BLE,1670728557141388413,42:82:F6:CB:7B:27,-88
BLE,1670728557794792933,C9:7A:46:95:38:06,-80
BLE,1670728558012752590,63:DD:A1:67:56:A8,-97
BLE,1670728558991689571,47:8D:18:D4:A5:B8,-103
BLE,1670728559602508681,54:8B:E4:F8:5F:40,-102
BLE,1670728559741779774,47:8D:18:D4:A5:B8,-103
BLE,1670728559794621937,C9:7A:46:95:38:06,-80
BLE,1670728560196365909,63:DD:A1:67:56:A8,-97
BLE,1670728560299514265,47:8D:18:D4:A5:B8,-102
BLE,1670728560672858949,42:82:F6:CB:7B:27,-99
BLE,1670728561296384866,63:DD:A1:67:56:A8,-97
BLE,1670728561567571682,63:DD:A1:67:56:A8,-95
BLE,1670728561611752615,47:8D:18:D4:A5:B8,-101
BLE,1670728561837639553,63:DD:A1:67:56:A8,-96
BLE,1670728562011335737,D2:ED:7D:20:05:55,-101
BLE,1670728562107570051,63:DD:A1:67:56:A8,-95
BLE,1670728562343820407,47:8D:18:D4:A5:B8,-101
BLE,1670728562854103671,42:82:F6:CB:7B:27,-96
BLE,1670728563123888129,42:82:F6:CB:7B:27,-97
BLE,1670728563206511438,63:DD:A1:67:56:A8,-96
BLE,1670728563396365846,42:82:F6:CB:7B:27,-101
BLE,1670728563477533381,63:DD:A1:67:56:A8,-95
BLE,1670728563667616161,42:82:F6:CB:7B:27,-101
BLE,1670728563799601716,C9:7A:46:95:38:06,-80
BLE,1670728563937626825,42:82:F6:CB:7B:27,-99
BLE,1670728564017621498,D2:ED:7D:20:05:55,-102
BLE,1670728564310290642,63:DD:A1:67:56:A8,-95
BLE,1670728565802377936,C9:7A:46:95:38:06,-79
BLE,1670728565955090661,63:DD:A1:67:56:A8,-96
BLE,1670728566226272144,63:DD:A1:67:56:A8,-95
BLE,1670728566388039720,42:82:F6:CB:7B:27,-99
BLE,1670728566657870385,42:82:F6:CB:7B:27,-99
BLE,1670728566844837161,54:8B:E4:F8:5F:40,-91
BLE,1670728566931494964,42:82:F6:CB:7B:27,-98
BLE,1670728567054065673,63:DD:A1:67:56:A8,-98
BLE,1670728567328758530,63:DD:A1:67:56:A8,-97
BLE,1670728567543929554,47:8D:18:D4:A5:B8,-100
BLE,1670728567804724660,C9:7A:46:95:38:06,-79
BLE,1670728568158973738,63:DD:A1:67:56:A8,-95
BLE,1670728568285255111,47:8D:18:D4:A5:B8,-100
BLE,1670728568428803029,63:DD:A1:67:56:A8,-97
BLE,1670728569261589207,63:DD:A1:67:56:A8,-96
BLE,1670728569807331674,C9:7A:46:95:38:06,-79
BLE,1670728570042707707,D2:ED:7D:20:05:55,-102
BLE,1670728570538515935,47:8D:18:D4:A5:B8,-92
BLE,1670728571269256451,42:82:F6:CB:7B:27,-87
BLE,1670728571466556021,63:DD:A1:67:56:A8,-97
BLE,1670728571542733615,42:82:F6:CB:7B:27,-98
BLE,1670728571809873896,C9:7A:46:95:38:06,-66
BLE,1670728571812735070,42:82:F6:CB:7B:27,-87
BLE,1670728572026308946,63:DD:A1:67:56:A8,-87
BLE,1670728572082725567,42:82:F6:CB:7B:27,-97
BLE,1670728572301106219,63:DD:A1:67:56:A8,-96
BLE,1670728572352725105,42:82:F6:CB:7B:27,-99
BLE,1670728572567521176,63:DD:A1:67:56:A8,-96
BLE,1670728572603897660,47:8D:18:D4:A5:B8,-104
BLE,1670728572840018226,63:DD:A1:67:56:A8,-96
BLE,1670728573814059723,C9:7A:46:95:38:06,-66
BLE,1670728573942578445,63:DD:A1:67:56:A8,-96
BLE,1670728574089221326,47:8D:18:D4:A5:B8,-101
BLE,1670728574278833528,47:8D:18:D4:A5:B8,-90
BLE,1670728574651113225,47:8D:18:D4:A5:B8,-89
BLE,1670728574801506686,42:82:F6:CB:7B:27,-87
BLE,1670728574832833397,54:8B:E4:F8:5F:40,-101
BLE,1670728575044980832,63:DD:A1:67:56:A8,-95
BLE,1670728575346698868,42:82:F6:CB:7B:27,-99
BLE,1670728575814080142,C9:7A:46:95:38:06,-79
BLE,1670728575875019543,63:DD:A1:67:56:A8,-96
BLE,1670728577250526681,63:DD:A1:67:56:A8,-97
BLE,1670728577802175953,47:8D:18:D4:A5:B8,-100
BLE,1670728577817545729,C9:7A:46:95:38:06,-80
BLE,1670728577989157937,47:8D:18:D4:A5:B8,-103
BLE,1670728578354084597,63:DD:A1:67:56:A8,-97
BLE,1670728578604104039,42:82:F6:CB:7B:27,-90
BLE,1670728578876591715,42:82:F6:CB:7B:27,-87
BLE,1670728578911149804,63:DD:A1:67:56:A8,-84
BLE,1670728579146581004,42:82:F6:CB:7B:27,-100
BLE,1670728579419129720,42:82:F6:CB:7B:27,-87
BLE,1670728579454892211,63:DD:A1:67:56:A8,-97
BLE,1670728579516164024,C8:B2:1E:C1:4C:16,-91
BLE,1670728580010436645,54:8B:E4:F8:5F:40,-99
BLE,1670728580013638399,63:DD:A1:67:56:A8,-84
BLE,1670728580287433142,63:DD:A1:67:56:A8,-97
BLE,1670728580846293995,63:DD:A1:67:56:A8,-96
BLE,1670728581121109559,63:DD:A1:67:56:A8,-95
BLE,1670728581139892044,47:8D:18:D4:A5:B8,-102
BLE,1670728581517962339,47:8D:18:D4:A5:B8,-101
BLE,1670728581819500627,C9:7A:46:95:38:06,-81
BLE,1670728582409359111,42:82:F6:CB:7B:27,-99
BLE,1670728582440800695,47:8D:18:D4:A5:B8,-98
BLE,1670728582492436414,63:DD:A1:67:56:A8,-96
BLE,1670728582762450286,63:DD:A1:67:56:A8,-98
BLE,1670728583822099640,C9:7A:46:95:38:06,-80
BLE,1670728583864911589,63:DD:A1:67:56:A8,-97
BLE,1670728583947955018,47:8D:18:D4:A5:B8,-102
BLE,1670728584134944836,63:DD:A1:67:56:A8,-100
BLE,1670728584406490023,63:DD:A1:67:56:A8,-96
BLE,1670728584511613522,47:8D:18:D4:A5:B8,-103
BLE,1670728585236628815,63:DD:A1:67:56:A8,-97
BLE,1670728585254113440,47:8D:18:D4:A5:B8,-100
BLE,1670728585401764559,42:82:F6:CB:7B:27,-99
BLE,1670728585674348358,42:82:F6:CB:7B:27,-96
BLE,1670728586339214117,63:DD:A1:67:56:A8,-98
BLE,1670728586758270716,47:8D:18:D4:A5:B8,-101
BLE,1670728586959354282,54:8B:E4:F8:5F:40,-102
BLE,1670728587711172048,63:DD:A1:67:56:A8,-97
BLE,1670728587982253823,63:DD:A1:67:56:A8,-96
BLE,1670728588060854347,47:8D:18:D4:A5:B8,-101
BLE,1670728588255068662,63:DD:A1:67:56:A8,-95
BLE,1670728588933289345,42:82:F6:CB:7B:27,-100
BLE,1670728589205650772,42:82:F6:CB:7B:27,-100
BLE,1670728589279309187,54:8B:E4:F8:5F:40,-108
BLE,1670728589354698957,63:DD:A1:67:56:A8,-97
BLE,1670728589625945314,63:DD:A1:67:56:A8,-97
BLE,1670728589931568262,47:8D:18:D4:A5:B8,-99
BLE,1670728590454669332,63:DD:A1:67:56:A8,-97
BLE,1670728590729800309,63:DD:A1:67:56:A8,-99
BLE,1670728591234464598,47:8D:18:D4:A5:B8,-100
BLE,1670728591490415637,14:BB:6E:11:32:18,-101
BLE,1670728591562259616,63:DD:A1:67:56:A8,-95
BLE,1670728591655595797,42:82:F6:CB:7B:27,-98
BLE,1670728591785162965,47:8D:18:D4:A5:B8,-101
BLE,1670728591830921712,C9:7A:46:95:38:06,-81
BLE,1670728591925548628,42:82:F6:CB:7B:27,-98
BLE,1670728592199382704,42:82:F6:CB:7B:27,-97
BLE,1670728592392152953,63:DD:A1:67:56:A8,-96
BLE,1670728593222295579,63:DD:A1:67:56:A8,-99
BLE,1670728593495294790,63:DD:A1:67:56:A8,-96
BLE,1670728593831061963,C9:7A:46:95:38:06,-81
BLE,1670728594095815980,D2:ED:7D:20:05:55,-101
BLE,1670728595134683165,63:DD:A1:67:56:A8,-96
BLE,1670728595404572246,63:DD:A1:67:56:A8,-96
BLE,1670728595521888851,14:BB:6E:11:32:18,-89
BLE,1670728595833894265,C9:7A:46:95:38:06,-81
BLE,1670728595856294748,47:8D:18:D4:A5:B8,-102
BLE,1670728596106315899,D2:ED:7D:20:05:55,-102
BLE,1670728596269408459,42:82:F6:CB:7B:27,-100
BLE,1670728597704514723,47:8D:18:D4:A5:B8,-106
BLE,1670728597833812102,C9:7A:46:95:38:06,-81
BLE,1670728597895233746,47:8D:18:D4:A5:B8,-103
BLE,1670728598457906470,47:8D:18:D4:A5:B8,-102
BLE,1670728599005787578,63:DD:A1:67:56:A8,-98
BLE,1670728599548267167,63:DD:A1:67:56:A8,-96
BLE,1670728599827013685,63:DD:A1:67:56:A8,-104
BLE,1670728599838825586,C9:7A:46:95:38:06,-81
BLE,1670728600376496982,63:DD:A1:67:56:A8,-96
BLE,1670728600609627001,42:82:F6:CB:7B:27,-100
BLE,1670728600879537832,42:82:F6:CB:7B:27,-89
BLE,1670728601149531871,42:82:F6:CB:7B:27,-87
BLE,1670728601270199269,47:8D:18:D4:A5:B8,-103
BLE,1670728601422057463,42:82:F6:CB:7B:27,-97
BLE,1670728601480708640,63:DD:A1:67:56:A8,-86
BLE,1670728601652314140,47:8D:18:D4:A5:B8,-101
BLE,1670728601693230487,42:82:F6:CB:7B:27,-88
BLE,1670728601750682970,63:DD:A1:67:56:A8,-85
BLE,1670728601837605353,47:8D:18:D4:A5:B8,-89
BLE,1670728601843803488,C9:7A:46:95:38:06,-67
BLE,1670728602021956869,63:DD:A1:67:56:A8,-98
BLE,1670728603123455308,63:DD:A1:67:56:A8,-84
BLE,1670728603139296870,47:8D:18:D4:A5:B8,-92
BLE,1670728603393266224,63:DD:A1:67:56:A8,-86
BLE,1670728603603308101,42:82:F6:CB:7B:27,-99
BLE,1670728603845188224,C9:7A:46:95:38:06,-81
BLE,1670728603877107094,42:82:F6:CB:7B:27,-86
BLE,1670728604224462837,63:DD:A1:67:56:A8,-98
BLE,1670728604495688945,63:DD:A1:67:56:A8,-96
BLE,1670728605328508997,63:DD:A1:67:56:A8,-96
BLE,1670728605602167659,63:DD:A1:67:56:A8,-95
BLE,1670728605846475628,C9:7A:46:95:38:06,-81
BLE,1670728605890824558,63:DD:A1:67:56:A8,-96
BLE,1670728607075042389,54:8B:E4:F8:5F:40,-100
BLE,1670728607134580514,42:82:F6:CB:7B:27,-100
BLE,1670728607407169689,42:82:F6:CB:7B:27,-99
BLE,1670728607535996365,63:DD:A1:67:56:A8,-96
BLE,1670728607622046258,47:8D:18:D4:A5:B8,-103
BLE,1670728607679621781,42:82:F6:CB:7B:27,-97
BLE,1670728607803267394,47:8D:18:D4:A5:B8,-102
BLE,1670728607805733990,63:DD:A1:67:56:A8,-98
BLE,1670728607850209669,C9:7A:46:95:38:06,-81
BLE,1670728608539466721,47:8D:18:D4:A5:B8,-90
BLE,1670728608627072345,54:8B:E4:F8:5F:40,-90
BLE,1670728609317340176,42:82:F6:CB:7B:27,-98
BLE,1670728609587207841,42:82:F6:CB:7B:27,-88
BLE,1670728609823396490,47:8D:18:D4:A5:B8,-88
BLE,1670728609851539239,C9:7A:46:95:38:06,-80
BLE,1670728609858386407,42:82:F6:CB:7B:27,-101
BLE,1670728610008206917,63:DD:A1:67:56:A8,-97
BLE,1670728610132175109,42:82:F6:CB:7B:27,-98
BLE,1670728610839543862,63:DD:A1:67:56:A8,-96
BLE,1670728611713454884,54:8B:E4:F8:5F:40,-103
BLE,1670728611851690240,C9:7A:46:95:38:06,-81
BLE,1670728611945717621,63:DD:A1:67:56:A8,-98
BLE,1670728612215891783,63:DD:A1:67:56:A8,-97
BLE,1670728612238515263,54:8B:E4:F8:5F:40,-103
BLE,1670728612579727496,42:82:F6:CB:7B:27,-97
BLE,1670728612850939354,42:82:F6:CB:7B:27,-98
BLE,1670728613317011144,63:DD:A1:67:56:A8,-96
BLE,1670728613588204043,63:DD:A1:67:56:A8,-96
BLE,1670728613851418037,C9:7A:46:95:38:06,-65
BLE,1670728614162062925,D2:ED:7D:20:05:55,-99
BLE,1670728614596392343,14:BB:6E:11:32:18,-102
BLE,1670728615424736073,47:8D:18:D4:A5:B8,-100
BLE,1670728615573522220,42:82:F6:CB:7B:27,-98
BLE,1670728615844843076,42:82:F6:CB:7B:27,-85
BLE,1670728615851468081,C9:7A:46:95:38:06,-65
BLE,1670728616114964863,42:82:F6:CB:7B:27,-99
BLE,1670728616169869168,47:8D:18:D4:A5:B8,-92
BLE,1670728616384822528,42:82:F6:CB:7B:27,-88
BLE,1670728616654780567,42:82:F6:CB:7B:27,-99
BLE,1670728616870722790,63:DD:A1:67:56:A8,-85
BLE,1670728616916114792,47:8D:18:D4:A5:B8,-90
BLE,1670728617650376642,47:8D:18:D4:A5:B8,-100
BLE,1670728617851495291,C9:7A:46:95:38:06,-79
BLE,1670728617919250652,54:8B:E4:F8:5F:40,-100
BLE,1670728617975706480,63:DD:A1:67:56:A8,-96
BLE,1670728618170884200,D2:ED:7D:20:05:55,-102
BLE,1670728618216644531,47:8D:18:D4:A5:B8,-101
BLE,1670728618808350493,63:DD:A1:67:56:A8,-97
BLE,1670728618838570634,42:82:F6:CB:7B:27,-99
BLE,1670728619108578922,42:82:F6:CB:7B:27,-99
BLE,1670728619641775538,63:DD:A1:67:56:A8,-96
BLE,1670728619856557442,C9:7A:46:95:38:06,-79
BLE,1670728621386671908,47:8D:18:D4:A5:B8,-100
BLE,1670728621569845313,47:8D:18:D4:A5:B8,-100
BLE,1670728621819742799,63:DD:A1:67:56:A8,-96
BLE,1670728621861951713,C9:7A:46:95:38:06,-79
BLE,1670728622183663928,D2:ED:7D:20:05:55,-102
BLE,1670728622639014595,42:82:F6:CB:7B:27,-97
BLE,1670728622911421105,42:82:F6:CB:7B:27,-99
BLE,1670728623631075920,47:8D:18:D4:A5:B8,-102
BLE,1670728623861692011,C9:7A:46:95:38:06,-79
BLE,1670728624028191447,63:DD:A1:67:56:A8,-97
BLE,1670728624187431928,D2:ED:7D:20:05:55,-102
BLE,1670728624587325504,63:DD:A1:67:56:A8,-96
BLE,1670728625690881545,63:DD:A1:67:56:A8,-98
BLE,1670728625861793012,C9:7A:46:95:38:06,-79
BLE,1670728625960598628,63:DD:A1:67:56:A8,-97
BLE,1670728626037724919,79:39:39:CC:D8:A4,-90
BLE,1670728626230576375,63:DD:A1:67:56:A8,-95
BLE,1670728626504246662,63:DD:A1:67:56:A8,-96
BLE,1670728626698587142,54:8B:E4:F8:5F:40,-104
BLE,1670728627250290871,42:82:F6:CB:7B:27,-98
BLE,1670728627351750248,47:8D:18:D4:A5:B8,-100
BLE,1670728627519983455,42:82:F6:CB:7B:27,-99
BLE,1670728627601841398,63:DD:A1:67:56:A8,-94
BLE,1670728627790018743,42:82:F6:CB:7B:27,-97
BLE,1670728627862581463,C9:7A:46:95:38:06,-79
BLE,1670728627871794645,63:DD:A1:67:56:A8,-96
BLE,1670728628062455253,42:82:F6:CB:7B:27,-99
BLE,1670728628657007014,47:8D:18:D4:A5:B8,-102
BLE,1670728629246878248,63:DD:A1:67:56:A8,-96
BLE,1670728629517098408,63:DD:A1:67:56:A8,-84
BLE,1670728629703826479,42:82:F6:CB:7B:27,-98
BLE,1670728629802440973,54:8B:E4:F8:5F:40,-100
BLE,1670728629862621174,C9:7A:46:95:38:06,-79
BLE,1670728629975008545,42:82:F6:CB:7B:27,-102
BLE,1670728630247684802,42:82:F6:CB:7B:27,-100
BLE,1670728630517611424,42:82:F6:CB:7B:27,-98
BLE,1670728630526533693,47:8D:18:D4:A5:B8,-92
BLE,1670728630618201603,63:DD:A1:67:56:A8,-86
BLE,1670728630787568630,42:82:F6:CB:7B:27,-88
BLE,1670728631165563301,63:DD:A1:67:56:A8,-99
BLE,1670728631264904952,47:8D:18:D4:A5:B8,-100
BLE,1670728631327550332,42:82:F6:CB:7B:27,-99
BLE,1670728631597668744,42:82:F6:CB:7B:27,-87
BLE,1670728631862927714,C9:7A:46:95:38:06,-80
BLE,1670728631991875139,63:DD:A1:67:56:A8,-84
BLE,1670728632137638863,42:82:F6:CB:7B:27,-88
BLE,1670728632186283785,47:8D:18:D4:A5:B8,-102
BLE,1670728632212194935,D2:ED:7D:20:05:55,-89
BLE,1670728632263117037,63:DD:A1:67:56:A8,-98
BLE,1670728632883741239,54:8B:E4:F8:5F:40,-104
BLE,1670728633864345658,C9:7A:46:95:38:06,-80
BLE,1670728634464610560,63:DD:A1:67:56:A8,-97
BLE,1670728634797555683,47:8D:18:D4:A5:B8,-91
BLE,1670728634857610260,42:82:F6:CB:7B:27,-98
BLE,1670728635127725089,42:82:F6:CB:7B:27,-87
BLE,1670728635841846803,63:DD:A1:67:56:A8,-97
BLE,1670728636112071464,63:DD:A1:67:56:A8,-95
BLE,1670728636247746350,14:BB:6E:11:32:18,-104
BLE,1670728636385590086,63:DD:A1:67:56:A8,-92
BLE,1670728637037717162,42:82:F6:CB:7B:27,-87
BLE,1670728637210424691,63:DD:A1:67:56:A8,-85
BLE,1670728637481697964,63:DD:A1:67:56:A8,-85
BLE,1670728637847702444,42:82:F6:CB:7B:27,-99
BLE,1670728637870334133,C9:7A:46:95:38:06,-65
BLE,1670728638031673256,63:DD:A1:67:56:A8,-93
BLE,1670728638120180578,42:82:F6:CB:7B:27,-87
BLE,1670728638391826514,42:82:F6:CB:7B:27,-87
BLE,1670728638931717842,42:82:F6:CB:7B:27,-99
BLE,1670728639095081815,47:8D:18:D4:A5:B8,-92
BLE,1670728639277640102,47:8D:18:D4:A5:B8,-87
BLE,1670728639471432464,42:82:F6:CB:7B:27,-88
BLE,1670728639689095250,63:DD:A1:67:56:A8,-84
BLE,1670728640216892639,47:8D:18:D4:A5:B8,-92
BLE,1670728640520352029,63:DD:A1:67:56:A8,-96
BLE,1670728640780085565,47:8D:18:D4:A5:B8,-87
BLE,1670728641354394900,63:DD:A1:67:56:A8,-99
BLE,1670728641624151983,63:DD:A1:67:56:A8,-95
BLE,1670728642186044592,63:DD:A1:67:56:A8,-95
BLE,1670728642460293829,42:82:F6:CB:7B:27,-101
BLE,1670728642652361753,47:8D:18:D4:A5:B8,-100
BLE,1670728642725346385,63:DD:A1:67:56:A8,-96
BLE,1670728642731493479,42:82:F6:CB:7B:27,-99
BLE,1670728642782348040,C8:B2:1E:C1:4C:16,-102
BLE,1670728642995623629,63:DD:A1:67:56:A8,-97
BLE,1670728643212569965,47:8D:18:D4:A5:B8,-101
BLE,1670728643393790809,47:8D:18:D4:A5:B8,-102
BLE,1670728643873760059,C9:7A:46:95:38:06,-81
BLE,1670728643957962390,47:8D:18:D4:A5:B8,-102
BLE,1670728644932948251,63:DD:A1:67:56:A8,-97
BLE,1670728645265150842,47:8D:18:D4:A5:B8,-99
BLE,1670728645451618124,42:82:F6:CB:7B:27,-88
BLE,1670728645820808441,47:8D:18:D4:A5:B8,-102
BLE,1670728645875092003,C9:7A:46:95:38:06,-65
BLE,1670728645994138046,42:82:F6:CB:7B:27,-87
BLE,1670728646032728962,63:DD:A1:67:56:A8,-96
BLE,1670728646267927164,42:82:F6:CB:7B:27,-96
BLE,1670728646382019682,47:8D:18:D4:A5:B8,-92
BLE,1670728646572630790,47:8D:18:D4:A5:B8,-101
BLE,1670728647307328134,47:8D:18:D4:A5:B8,-90
BLE,1670728647406811201,63:DD:A1:67:56:A8,-95
BLE,1670728647880299902,C9:7A:46:95:38:06,-81
BLE,1670728647891221022,42:82:F6:CB:7B:27,-103
BLE,1670728648237935023,63:DD:A1:67:56:A8,-95
BLE,1670728648984739307,47:8D:18:D4:A5:B8,-106
BLE,1670728649342807173,63:DD:A1:67:56:A8,-96
BLE,1670728649362478606,47:8D:18:D4:A5:B8,-103
BLE,1670728649882762501,C9:7A:46:95:38:06,-80
BLE,1670728649919251733,47:8D:18:D4:A5:B8,-102
BLE,1670728650710352823,63:DD:A1:67:56:A8,-97
BLE,1670728650878049954,42:82:F6:CB:7B:27,-97
BLE,1670728651147959535,42:82:F6:CB:7B:27,-98
BLE,1670728651418069197,42:82:F6:CB:7B:27,-98
BLE,1670728651687963487,42:82:F6:CB:7B:27,-97
BLE,1670728651813250205,63:DD:A1:67:56:A8,-95
BLE,1670728651887455072,C9:7A:46:95:38:06,-80
BLE,1670728651960804075,42:82:F6:CB:7B:27,-98
BLE,1670728652083957568,63:DD:A1:67:56:A8,-98
BLE,1670728652776522039,42:82:F6:CB:7B:27,-102
BLE,1670728653190279076,63:DD:A1:67:56:A8,-99
BLE,1670728654257406299,D2:ED:7D:20:05:55,-102
BLE,1670728654557746935,63:DD:A1:67:56:A8,-97
BLE,1670728654676815185,42:82:F6:CB:7B:27,-96
BLE,1670728654832800455,63:DD:A1:67:56:A8,-94
BLE,1670728654917524906,14:BB:6E:11:32:18,-94
BLE,1670728654949275278,42:82:F6:CB:7B:27,-98
BLE,1670728655135201525,54:8B:E4:F8:5F:40,-103
BLE,1670728655223063605,42:82:F6:CB:7B:27,-88
BLE,1670728655391823681,63:DD:A1:67:56:A8,-96
BLE,1670728655683977122,63:DD:A1:67:56:A8,-96
BLE,1670728655725114841,47:8D:18:D4:A5:B8,-98
BLE,1670728655892171146,C9:7A:46:95:38:06,-79
BLE,1670728656223913158,63:DD:A1:67:56:A8,-95
BLE,1670728656263376189,D2:ED:7D:20:05:55,-100
BLE,1670728656283923986,47:8D:18:D4:A5:B8,-101
BLE,1670728656497085909,63:DD:A1:67:56:A8,-97
BLE,1670728656589323687,42:82:F6:CB:7B:27,-97
BLE,1670728656863120514,42:82:F6:CB:7B:27,-99
BLE,1670728657133149302,42:82:F6:CB:7B:27,-100
BLE,1670728657326559543,63:DD:A1:67:56:A8,-95
BLE,1670728657600226788,63:DD:A1:67:56:A8,-97
BLE,1670728657892756892,C9:7A:46:95:38:06,-80
BLE,1670728659312127675,42:82:F6:CB:7B:27,-99
BLE,1670728659584559143,42:82:F6:CB:7B:27,-97
BLE,1670728659858305762,42:82:F6:CB:7B:27,-98
BLE,1670728659892788227,C9:7A:46:95:38:06,-80
BLE,1670728660341860344,63:DD:A1:67:56:A8,-96
BLE,1670728660385751780,47:8D:18:D4:A5:B8,-89
BLE,1670728660612819329,63:DD:A1:67:56:A8,-85
BLE,1670728660885643126,63:DD:A1:67:56:A8,-95
BLE,1670728661079206657,54:8B:E4:F8:5F:40,-90
BLE,1670728661305363675,47:8D:18:D4:A5:B8,-100
BLE,1670728661714189437,63:DD:A1:67:56:A8,-84
BLE,1670728661892872895,C9:7A:46:95:38:06,-66
BLE,1670728662574440996,42:82:F6:CB:7B:27,-100
BLE,1670728662848173949,42:82:F6:CB:7B:27,-100
BLE,1670728662988171867,47:8D:18:D4:A5:B8,-101
BLE,1670728663743072721,47:8D:18:D4:A5:B8,-104
BLE,1670728663932410302,47:8D:18:D4:A5:B8,-88
BLE,1670728664458983289,63:DD:A1:67:56:A8,-85
BLE,1670728664731432173,63:DD:A1:67:56:A8,-98
BLE,1670728665035144519,47:8D:18:D4:A5:B8,-90
BLE,1670728665290273234,63:DD:A1:67:56:A8,-97
BLE,1670728665300732027,42:82:F6:CB:7B:27,-100
BLE,1670728665894389132,C9:7A:46:95:38:06,-79
BLE,1670728666124138941,63:DD:A1:67:56:A8,-98
BLE,1670728667479590277,42:82:F6:CB:7B:27,-99
BLE,1670728667540387345,54:8B:E4:F8:5F:40,-106
BLE,1670728667753454394,42:82:F6:CB:7B:27,-98
BLE,1670728667896554609,C9:7A:46:95:38:06,-79
BLE,1670728668023288226,42:82:F6:CB:7B:27,-101
BLE,1670728668037694097,63:DD:A1:67:56:A8,-97
BLE,1670728668307756176,63:DD:A1:67:56:A8,-85
BLE,1670728668511761291,14:BB:6E:11:32:18,-93
BLE,1670728668566079062,42:82:F6:CB:7B:27,-101
BLE,1670728668819033803,54:8B:E4:F8:5F:40,-90
BLE,1670728668927376514,47:8D:18:D4:A5:B8,-102
BLE,1670728669111342576,47:8D:18:D4:A5:B8,-90
BLE,1670728669292438547,47:8D:18:D4:A5:B8,-89
BLE,1670728669899529951,C9:7A:46:95:38:06,-65
BLE,1670728670305334082,D2:ED:7D:20:05:55,-103
BLE,1670728670958105610,47:8D:18:D4:A5:B8,-102
BLE,1670728671053938011,63:DD:A1:67:56:A8,-97
BLE,1670728671554644472,42:82:F6:CB:7B:27,-98
BLE,1670728671827102023,42:82:F6:CB:7B:27,-99
BLE,1670728671900469942,C9:7A:46:95:38:06,-79
BLE,1670728672438628999,47:8D:18:D4:A5:B8,-101
BLE,1670728672620266005,47:8D:18:D4:A5:B8,-101
BLE,1670728673256758060,63:DD:A1:67:56:A8,-98
BLE,1670728673542471036,47:8D:18:D4:A5:B8,-100
BLE,1670728673900378946,C9:7A:46:95:38:06,-79
BLE,1670728674091300008,63:DD:A1:67:56:A8,-96
BLE,1670728674275884979,42:82:F6:CB:7B:27,-97
BLE,1670728674546123515,42:82:F6:CB:7B:27,-98
BLE,1670728674818463984,42:82:F6:CB:7B:27,-100
BLE,1670728675029579431,47:8D:18:D4:A5:B8,-103
BLE,1670728675091124574,42:82:F6:CB:7B:27,-88
BLE,1670728675462638447,63:DD:A1:67:56:A8,-84
BLE,1670728675732649443,63:DD:A1:67:56:A8,-97
BLE,1670728676137880498,47:8D:18:D4:A5:B8,-88
BLE,1670728676835227870,63:DD:A1:67:56:A8,-84
BLE,1670728676882756222,47:8D:18:D4:A5:B8,-92
BLE,1670728677808528293,42:82:F6:CB:7B:27,-97
BLE,1670728677901587853,C9:7A:46:95:38:06,-80
BLE,1670728677934997747,63:DD:A1:67:56:A8,-97
BLE,1670728678079685318,42:82:F6:CB:7B:27,-97
BLE,1670728678207633671,63:DD:A1:67:56:A8,-95
BLE,1670728678353660809,42:82:F6:CB:7B:27,-98
BLE,1670728678480319386,63:DD:A1:67:56:A8,-96
BLE,1670728678623630723,42:82:F6:CB:7B:27,-99
BLE,1670728678741531279,47:8D:18:D4:A5:B8,-101
BLE,1670728678755003035,63:DD:A1:67:56:A8,-104
BLE,1670728678923299534,47:8D:18:D4:A5:B8,-100
BLE,1670728679481889473,47:8D:18:D4:A5:B8,-97
BLE,1670728679580030847,63:DD:A1:67:56:A8,-95
BLE,1670728679901609730,C9:7A:46:95:38:06,-79
BLE,1670728680224599680,47:8D:18:D4:A5:B8,-102
BLE,1670728680318028610,D2:ED:7D:20:05:55,-101
BLE,1670728680683855634,63:DD:A1:67:56:A8,-98
BLE,1670728681880034031,42:82:F6:CB:7B:27,-98
BLE,1670728681892216511,47:8D:18:D4:A5:B8,-100
BLE,1670728681904144661,C9:7A:46:95:38:06,-79
BLE,1670728682077582640,63:DD:A1:67:56:A8,-97
BLE,1670728682153685734,42:82:F6:CB:7B:27,-87
BLE,1670728682426238034,42:82:F6:CB:7B:27,-98
BLE,1670728682449680880,47:8D:18:D4:A5:B8,-107
BLE,1670728682618767661,63:DD:A1:67:56:A8,-97
BLE,1670728682632269042,47:8D:18:D4:A5:B8,-101
BLE,1670728682696213990,42:82:F6:CB:7B:27,-99
BLE,1670728683015021197,47:8D:18:D4:A5:B8,-100
BLE,1670728683935620831,47:8D:18:D4:A5:B8,-102
BLE,1670728683991700372,63:DD:A1:67:56:A8,-95
BLE,1670728684063687266,42:82:F6:CB:7B:27,-97
BLE,1670728684261451330,63:DD:A1:67:56:A8,-98
BLE,1670728684333723095,42:82:F6:CB:7B:27,-99
BLE,1670728684604975202,42:82:F6:CB:7B:27,-99
BLE,1670728684682859693,47:8D:18:D4:A5:B8,-101
BLE,1670728684875007615,42:82:F6:CB:7B:27,-98
BLE,1670728685093922345,63:DD:A1:67:56:A8,-97
BLE,1670728685418972103,42:82:F6:CB:7B:27,-98
BLE,1670728685423031555,47:8D:18:D4:A5:B8,-101
BLE,1670728685601868761,54:8B:E4:F8:5F:40,-101
BLE,1670728685909522269,C9:7A:46:95:38:06,-79
BLE,1670728685923816974,63:DD:A1:67:56:A8,-96
BLE,1670728685958779891,42:82:F6:CB:7B:27,-97
BLE,1670728686198820869,63:DD:A1:67:56:A8,-97
BLE,1670728686324375167,D2:ED:7D:20:05:55,-101
BLE,1670728686755047086,63:DD:A1:67:56:A8,-96
BLE,1670728687028605374,63:DD:A1:67:56:A8,-96
BLE,1670728688137788848,42:82:F6:CB:7B:27,-100
BLE,1670728688401154757,63:DD:A1:67:56:A8,-96
BLE,1670728688410020985,42:82:F6:CB:7B:27,-98
BLE,1670728688673851013,63:DD:A1:67:56:A8,-96
BLE,1670728689232898697,63:DD:A1:67:56:A8,-97
BLE,1670728689910094433,C9:7A:46:95:38:06,-81
BLE,1670728690321526165,42:82:F6:CB:7B:27,-98
BLE,1670728691910414932,C9:7A:46:95:38:06,-81
BLE,1670728691961413950,42:82:F6:CB:7B:27,-100
BLE,1670728692235062154,42:82:F6:CB:7B:27,-86
BLE,1670728692309539893,54:8B:E4:F8:5F:40,-92
BLE,1670728693077968003,63:DD:A1:67:56:A8,-95
BLE,1670728693912801989,C9:7A:46:95:38:06,-82
BLE,1670728694110364848,54:8B:E4:F8:5F:40,-89
BLE,1670728694413928904,42:82:F6:CB:7B:27,-99
BLE,1670728694454696211,63:DD:A1:67:56:A8,-86
BLE,1670728695912987990,C9:7A:46:95:38:06,-81
BLE,1670728696102381779,63:DD:A1:67:56:A8,-91
BLE,1670728696927297717,63:DD:A1:67:56:A8,-85
BLE,1670728697031817848,C8:B2:1E:C1:4C:16,-100
BLE,1670728697761551460,63:DD:A1:67:56:A8,-95
BLE,1670728697870815577,47:8D:18:D4:A5:B8,-103
BLE,1670728697912305334,C9:7A:46:95:38:06,-79
BLE,1670728698216470091,42:82:F6:CB:7B:27,-97
BLE,1670728698487705614,42:82:F6:CB:7B:27,-98
BLE,1670728698863300855,63:DD:A1:67:56:A8,-97
BLE,1670728699746500017,47:8D:18:D4:A5:B8,-106
BLE,1670728699914922513,C9:7A:46:95:38:06,-79
BLE,1670728700341029778,D2:ED:7D:20:05:55,-102
BLE,1670728700795049836,63:DD:A1:67:56:A8,-97
BLE,1670728701257849373,47:8D:18:D4:A5:B8,-101
BLE,1670728701630856145,47:8D:18:D4:A5:B8,-103
BLE,1670728701915075097,C9:7A:46:95:38:06,-66
BLE,1670728702173516523,63:DD:A1:67:56:A8,-97
BLE,1670728702341157404,D2:ED:7D:20:05:55,-102
BLE,1670728702829117267,42:82:F6:CB:7B:27,-99
BLE,1670728702930437312,47:8D:18:D4:A5:B8,-101
BLE,1670728703099049764,42:82:F6:CB:7B:27,-100
BLE,1670728703370305538,42:82:F6:CB:7B:27,-100
BLE,1670728703640690197,42:82:F6:CB:7B:27,-98
BLE,1670728703811112878,63:DD:A1:67:56:A8,-98
BLE,1670728703910389489,42:82:F6:CB:7B:27,-99
BLE,1670728703917474071,C9:7A:46:95:38:06,-79
BLE,1670728704084638291,63:DD:A1:67:56:A8,-97
BLE,1670728704180351819,42:82:F6:CB:7B:27,-99
BLE,1670728704355863815,63:DD:A1:67:56:A8,-97
BLE,1670728704408545022,47:8D:18:D4:A5:B8,-104
BLE,1670728705209683909,14:BB:6E:11:32:18,-103
BLE,1670728705533584765,47:8D:18:D4:A5:B8,-93
BLE,1670728705919041722,C9:7A:46:95:38:06,-65
BLE,1670728706095013462,47:8D:18:D4:A5:B8,-103
BLE,1670728706652657704,47:8D:18:D4:A5:B8,-91
BLE,1670728707024941901,54:8B:E4:F8:5F:40,-89
BLE,1670728707396708979,47:8D:18:D4:A5:B8,-106
BLE,1670728707918542814,C9:7A:46:95:38:06,-80
BLE,1670728707980412453,42:82:F6:CB:7B:27,-99
BLE,1670728708222411907,63:DD:A1:67:56:A8,-98
BLE,1670728708250451699,42:82:F6:CB:7B:27,-99
BLE,1670728708471000867,14:BB:6E:11:32:18,-92
BLE,1670728708520391363,42:82:F6:CB:7B:27,-100
BLE,1670728708790532567,42:82:F6:CB:7B:27,-98
BLE,1670728709058311923,63:DD:A1:67:56:A8,-96
BLE,1670728709060387190,42:82:F6:CB:7B:27,-98
BLE,1670728709063336655,47:8D:18:D4:A5:B8,-98
BLE,1670728709244698581,47:8D:18:D4:A5:B8,-100
BLE,1670728709331651255,42:82:F6:CB:7B:27,-100
BLE,1670728709364666654,54:8B:E4:F8:5F:40,-107
BLE,1670728709595820530,63:DD:A1:67:56:A8,-84
BLE,1670728709602902112,42:82:F6:CB:7B:27,-102
BLE,1670728709617130359,47:8D:18:D4:A5:B8,-102
BLE,1670728709807179974,47:8D:18:D4:A5:B8,-100
BLE,1670728709868242956,63:DD:A1:67:56:A8,-99
BLE,1670728709918473358,C9:7A:46:95:38:06,-79
BLE,1670728710369196622,47:8D:18:D4:A5:B8,-100
BLE,1670728710746569967,47:8D:18:D4:A5:B8,-104
BLE,1670728711784320957,42:82:F6:CB:7B:27,-99
BLE,1670728711862252738,47:8D:18:D4:A5:B8,-102
BLE,1670728711918555652,C9:7A:46:95:38:06,-80
BLE,1670728712242229843,47:8D:18:D4:A5:B8,-100
BLE,1670728712468314363,54:8B:E4:F8:5F:40,-100
BLE,1670728712612387565,63:DD:A1:67:56:A8,-97
BLE,1670728712882323646,63:DD:A1:67:56:A8,-96
BLE,1670728713153353839,63:DD:A1:67:56:A8,-97
BLE,1670728713922418858,C9:7A:46:95:38:06,-79
BLE,1670728714286299613,47:8D:18:D4:A5:B8,-100
BLE,1670728714372574712,D2:ED:7D:20:05:55,-101
BLE,1670728714468007535,47:8D:18:D4:A5:B8,-104
BLE,1670728714655172351,47:8D:18:D4:A5:B8,-100
BLE,1670728715221373533,47:8D:18:D4:A5:B8,-102
BLE,1670728715334629311,63:DD:A1:67:56:A8,-96
BLE,1670728715780715921,47:8D:18:D4:A5:B8,-101
BLE,1670728715924966330,C9:7A:46:95:38:06,-80
BLE,1670728716125532986,42:82:F6:CB:7B:27,-99
BLE,1670728716150183902,47:8D:18:D4:A5:B8,-90
BLE,1670728716334184005,47:8D:18:D4:A5:B8,-103
BLE,1670728716361367015,C8:B2:1E:C1:4C:16,-102
BLE,1670728716395505733,42:82:F6:CB:7B:27,-99
BLE,1670728716668038992,42:82:F6:CB:7B:27,-99
BLE,1670728716708085641,63:DD:A1:67:56:A8,-97
BLE,1670728716938076530,42:82:F6:CB:7B:27,-101
BLE,1670728717210749286,42:82:F6:CB:7B:27,-101
BLE,1670728717262323048,47:8D:18:D4:A5:B8,-104
BLE,1670728717635700815,47:8D:18:D4:A5:B8,-101
BLE,1670728717808287887,63:DD:A1:67:56:A8,-98
BLE,1670728717924969666,C9:7A:46:95:38:06,-79
BLE,1670728718008568713,47:8D:18:D4:A5:B8,-102
BLE,1670728718380029378,D2:ED:7D:20:05:55,-99
BLE,1670728718676862848,54:8B:E4:F8:5F:40,-101
BLE,1670728718762152125,47:8D:18:D4:A5:B8,-102
BLE,1670728718908250512,63:DD:A1:67:56:A8,-96
BLE,1670728719136205176,47:8D:18:D4:A5:B8,-102
BLE,1670728719182033631,63:DD:A1:67:56:A8,-98
BLE,1670728719322301962,47:8D:18:D4:A5:B8,-102
BLE,1670728719741275187,63:DD:A1:67:56:A8,-96
BLE,1670728719925902199,C9:7A:46:95:38:06,-81
BLE,1670728719929332533,42:82:F6:CB:7B:27,-100
BLE,1670728720013189994,63:DD:A1:67:56:A8,-96
BLE,1670728720067388850,47:8D:18:D4:A5:B8,-105
BLE,1670728720284639057,63:DD:A1:67:56:A8,-96
BLE,1670728720438210897,47:8D:18:D4:A5:B8,-88
BLE,1670728720470606845,42:82:F6:CB:7B:27,-89
BLE,1670728720740684341,42:82:F6:CB:7B:27,-89
BLE,1670728720833082992,63:DD:A1:67:56:A8,-95
BLE,1670728721010592797,42:82:F6:CB:7B:27,-93
BLE,1670728721384496058,63:DD:A1:67:56:A8,-96
BLE,1670728721511143302,54:8B:E4:F8:5F:40,-90
BLE,1670728721654760468,63:DD:A1:67:56:A8,-85
BLE,1670728721925850869,63:DD:A1:67:56:A8,-98
BLE,1670728721928332673,C9:7A:46:95:38:06,-81
BLE,1670728721933041992,47:8D:18:D4:A5:B8,-90
BLE,1670728722389468854,D2:ED:7D:20:05:55,-90
BLE,1670728722485685210,63:DD:A1:67:56:A8,-95
BLE,1670728722864931199,47:8D:18:D4:A5:B8,-102
BLE,1670728723052202055,47:8D:18:D4:A5:B8,-103
BLE,1670728723423306557,47:8D:18:D4:A5:B8,-101
BLE,1670728723590682858,63:DD:A1:67:56:A8,-95
BLE,1670728723606484337,47:8D:18:D4:A5:B8,-101
BLE,1670728723928739629,C9:7A:46:95:38:06,-66
BLE,1670728723986850896,47:8D:18:D4:A5:B8,-104
BLE,1670728724353732032,47:8D:18:D4:A5:B8,-101
BLE,1670728724390635635,D2:ED:7D:20:05:55,-89
BLE,1670728724420622903,63:DD:A1:67:56:A8,-96
BLE,1670728724541892127,42:82:F6:CB:7B:27,-92
BLE,1670728724543669231,47:8D:18:D4:A5:B8,-91
BLE,1670728724811886749,42:82:F6:CB:7B:27,-89
BLE,1670728725104969013,47:8D:18:D4:A5:B8,-100
BLE,1670728725143528971,54:8B:E4:F8:5F:40,-91
BLE,1670728725292120245,47:8D:18:D4:A5:B8,-92
BLE,1670728725479102355,47:8D:18:D4:A5:B8,-102
BLE,1670728725660664486,47:8D:18:D4:A5:B8,-89
BLE,1670728725848818082,47:8D:18:D4:A5:B8,-101
BLE,1670728725931076228,C9:7A:46:95:38:06,-80
BLE,1670728726156477214,14:BB:6E:11:32:18,-102
BLE,1670728726337111190,63:DD:A1:67:56:A8,-96
BLE,1670728726597646425,47:8D:18:D4:A5:B8,-103
BLE,1670728727263226216,42:82:F6:CB:7B:27,-98
BLE,1670728727538161863,42:82:F6:CB:7B:27,-103
BLE,1670728727808114069,42:82:F6:CB:7B:27,-101
BLE,1670728727901947661,47:8D:18:D4:A5:B8,-100
BLE,1670728727932338258,C9:7A:46:95:38:06,-80
BLE,1670728728247080722,63:DD:A1:67:56:A8,-97
BLE,1670728728520840383,63:DD:A1:67:56:A8,-96
BLE,1670728728652314402,47:8D:18:D4:A5:B8,-102
BLE,1670728728836396629,47:8D:18:D4:A5:B8,-101
BLE,1670728729014687717,54:8B:E4:F8:5F:40,-92
BLE,1670728729278932115,54:8B:E4:F8:5F:40,-105
BLE,1670728729348167875,63:DD:A1:67:56:A8,-99
BLE,1670728729398710982,47:8D:18:D4:A5:B8,-90
BLE,1670728729623067980,63:DD:A1:67:56:A8,-85
BLE,1670728729894393795,63:DD:A1:67:56:A8,-86
BLE,1670728730417842777,D2:ED:7D:20:05:55,-90
BLE,1670728730503822712,47:8D:18:D4:A5:B8,-102
BLE,1670728730537523520,C8:B2:1E:C1:4C:16,-93
BLE,1670728730687897356,47:8D:18:D4:A5:B8,-89
BLE,1670728730724427047,63:DD:A1:67:56:A8,-97
BLE,1670728730796961434,42:82:F6:CB:7B:27,-90
BLE,1670728730878230509,47:8D:18:D4:A5:B8,-105
BLE,1670728731060866337,47:8D:18:D4:A5:B8,-101
BLE,1670728731069492442,42:82:F6:CB:7B:27,-105
BLE,1670728731250391374,47:8D:18:D4:A5:B8,-90
BLE,1670728731554267134,63:DD:A1:67:56:A8,-84
BLE,1670728731824201590,63:DD:A1:67:56:A8,-85
BLE,1670728732006208384,14:BB:6E:11:32:18,-94
BLE,1670728732095907984,63:DD:A1:67:56:A8,-97
BLE,1670728732193390074,47:8D:18:D4:A5:B8,-92
BLE,1670728732366747512,63:DD:A1:67:56:A8,-85
BLE,1670728732570723044,47:8D:18:D4:A5:B8,-92
BLE,1670728732644172962,63:DD:A1:67:56:A8,-94
BLE,1670728732942891617,47:8D:18:D4:A5:B8,-99
BLE,1670728732979576306,42:82:F6:CB:7B:27,-89
BLE,1670728733200464220,63:DD:A1:67:56:A8,-97
BLE,1670728733249551761,42:82:F6:CB:7B:27,-91
BLE,1670728733396863801,54:8B:E4:F8:5F:40,-99
BLE,1670728733520804118,42:82:F6:CB:7B:27,-99
BLE,1670728733790789907,42:82:F6:CB:7B:27,-102
BLE,1670728733934726320,C9:7A:46:95:38:06,-79
BLE,1670728734029183530,63:DD:A1:67:56:A8,-98
BLE,1670728734060780904,42:82:F6:CB:7B:27,-101
BLE,1670728734243869476,47:8D:18:D4:A5:B8,-102
BLE,1670728734304248550,63:DD:A1:67:56:A8,-96
BLE,1670728734330775567,42:82:F6:CB:7B:27,-100
BLE,1670728734431035750,47:8D:18:D4:A5:B8,-105
BLE,1670728734574213422,63:DD:A1:67:56:A8,-97
BLE,1670728734603200369,42:82:F6:CB:7B:27,-99
BLE,1670728735403089313,63:DD:A1:67:56:A8,-85
BLE,1670728735673037852,63:DD:A1:67:56:A8,-98
BLE,1670728735934811030,C9:7A:46:95:38:06,-65
BLE,1670728735945400862,63:DD:A1:67:56:A8,-85
BLE,1670728736646953267,47:8D:18:D4:A5:B8,-95
BLE,1670728737313412507,63:DD:A1:67:56:A8,-85
BLE,1670728737936350097,C9:7A:46:95:38:06,-79
BLE,1670728737947599422,47:8D:18:D4:A5:B8,-100
BLE,1670728738442288621,D2:ED:7D:20:05:55,-99
BLE,1670728738670912652,42:82:F6:CB:7B:27,-103
BLE,1670728738689046269,63:DD:A1:67:56:A8,-98
BLE,1670728738940906732,42:82:F6:CB:7B:27,-101
BLE,1670728738961565653,63:DD:A1:67:56:A8,-96
BLE,1670728739058686956,47:8D:18:D4:A5:B8,-101
BLE,1670728739213389907,42:82:F6:CB:7B:27,-101
BLE,1670728739430236370,47:8D:18:D4:A5:B8,-102
BLE,1670728739483394029,42:82:F6:CB:7B:27,-96
BLE,1670728739520260341,63:DD:A1:67:56:A8,-96
BLE,1670728739792970722,63:DD:A1:67:56:A8,-96
BLE,1670728739808258748,47:8D:18:D4:A5:B8,-89
BLE,1670728739935669150,C9:7A:46:95:38:06,-80
BLE,1670728739991425611,47:8D:18:D4:A5:B8,-100
BLE,1670728740064042456,63:DD:A1:67:56:A8,-96
BLE,1670728740180091367,47:8D:18:D4:A5:B8,-99
BLE,1670728740621640948,63:DD:A1:67:56:A8,-86
BLE,1670728740891537988,63:DD:A1:67:56:A8,-97
BLE,1670728741494098196,47:8D:18:D4:A5:B8,-102
BLE,1670728741870956047,47:8D:18:D4:A5:B8,-100
BLE,1670728741933700675,42:82:F6:CB:7B:27,-100
BLE,1670728741941274252,C9:7A:46:95:38:06,-79
BLE,1670728741995303693,63:DD:A1:67:56:A8,-95
BLE,1670728742207207881,42:82:F6:CB:7B:27,-101
BLE,1670728742265267273,63:DD:A1:67:56:A8,-97
BLE,1670728742423734513,47:8D:18:D4:A5:B8,-100
BLE,1670728742981357297,47:8D:18:D4:A5:B8,-89
BLE,1670728743479431040,54:8B:E4:F8:5F:40,-105
BLE,1670728743715859061,47:8D:18:D4:A5:B8,-99
BLE,1670728743910210749,63:DD:A1:67:56:A8,-95
BLE,1670728743944969377,C9:7A:46:95:38:06,-79
BLE,1670728744273918923,47:8D:18:D4:A5:B8,-100
BLE,1670728744454287194,D2:ED:7D:20:05:55,-100
BLE,1670728744649337124,47:8D:18:D4:A5:B8,-103
BLE,1670728744712982575,C8:B2:1E:C1:4C:16,-103
BLE,1670728744836791228,47:8D:18:D4:A5:B8,-103
BLE,1670728745010210748,63:DD:A1:67:56:A8,-95
BLE,1670728745207872272,47:8D:18:D4:A5:B8,-103
BLE,1670728745466052326,42:82:F6:CB:7B:27,-101
BLE,1670728745545163885,54:8B:E4:F8:5F:40,-100
BLE,1670728745578402198,47:8D:18:D4:A5:B8,-100
BLE,1670728745737301141,42:82:F6:CB:7B:27,-101
BLE,1670728745950208192,C9:7A:46:95:38:06,-64
BLE,1670728746007238931,42:82:F6:CB:7B:27,-101
BLE,1670728746385635846,63:DD:A1:67:56:A8,-96
BLE,1670728746463371588,D2:ED:7D:20:05:55,-101
BLE,1670728746495546831,47:8D:18:D4:A5:B8,-104
BLE,1670728747056410576,47:8D:18:D4:A5:B8,-99
BLE,1670728747426316593,47:8D:18:D4:A5:B8,-99
BLE,1670728747753937904,63:DD:A1:67:56:A8,-96
BLE,1670728747950112029,C9:7A:46:95:38:06,-79
BLE,1670728747988798486,47:8D:18:D4:A5:B8,-97
BLE,1670728748458555732,42:82:F6:CB:7B:27,-101
BLE,1670728748728838183,42:82:F6:CB:7B:27,-99
BLE,1670728749272439676,42:82:F6:CB:7B:27,-97
BLE,1670728749301001294,47:8D:18:D4:A5:B8,-105
BLE,1670728749674189105,47:8D:18:D4:A5:B8,-100
BLE,1670728749857896712,47:8D:18:D4:A5:B8,-99
BLE,1670728749953857237,C9:7A:46:95:38:06,-79
BLE,1670728750230491155,63:DD:A1:67:56:A8,-96
BLE,1670728750236852704,47:8D:18:D4:A5:B8,-100
BLE,1670728750419458366,47:8D:18:D4:A5:B8,-101
BLE,1670728750466688471,D2:ED:7D:20:05:55,-90
BLE,1670728750507801398,63:DD:A1:67:56:A8,-101
BLE,1670728751064274654,63:DD:A1:67:56:A8,-87
BLE,1670728751538529763,47:8D:18:D4:A5:B8,-91
BLE,1670728751723634686,42:82:F6:CB:7B:27,-100
BLE,1670728751879066338,63:DD:A1:67:56:A8,-102
BLE,1670728751957646195,C9:7A:46:95:38:06,-79
BLE,1670728751963910537,14:BB:6E:11:32:18,-90
BLE,1670728752475994112,D2:ED:7D:20:05:55,-103
BLE,1670728752786237672,54:8B:E4:F8:5F:40,-90
BLE,1670728753246737403,63:DD:A1:67:56:A8,-84
BLE,1670728753517894094,63:DD:A1:67:56:A8,-99
BLE,1670728753734146856,C8:B2:1E:C1:4C:16,-101
BLE,1670728753788982412,63:DD:A1:67:56:A8,-86
BLE,1670728753957796529,C9:7A:46:95:38:06,-79
BLE,1670728754058995700,63:DD:A1:67:56:A8,-84
BLE,1670728754129126074,47:8D:18:D4:A5:B8,-89
BLE,1670728754318565112,47:8D:18:D4:A5:B8,-91
BLE,1670728754443608167,42:82:F6:CB:7B:27,-90
BLE,1670728754501033192,47:8D:18:D4:A5:B8,-88
BLE,1670728754882475363,47:8D:18:D4:A5:B8,-92
BLE,1670728754887775509,63:DD:A1:67:56:A8,-85
BLE,1670728755254880392,42:82:F6:CB:7B:27,-99
BLE,1670728755525080345,42:82:F6:CB:7B:27,-101
BLE,1670728755720379980,63:DD:A1:67:56:A8,-97
BLE,1670728755797401939,42:82:F6:CB:7B:27,-98
BLE,1670728755959065183,C9:7A:46:95:38:06,-79
BLE,1670728755990249937,63:DD:A1:67:56:A8,-97
BLE,1670728756068561797,42:82:F6:CB:7B:27,-101
BLE,1670728756338720500,42:82:F6:CB:7B:27,-100
BLE,1670728756436384047,C8:B2:1E:C1:4C:16,-106
BLE,1670728756466787269,14:BB:6E:11:32:18,-102
BLE,1670728756762267504,47:8D:18:D4:A5:B8,-98
BLE,1670728756825226088,63:DD:A1:67:56:A8,-96
BLE,1670728757126150009,47:8D:18:D4:A5:B8,-99
BLE,1670728757874300985,47:8D:18:D4:A5:B8,-99
BLE,1670728758062723077,47:8D:18:D4:A5:B8,-103
BLE,1670728758247593545,47:8D:18:D4:A5:B8,-91
BLE,1670728758307639372,14:BB:6E:11:32:18,-91
BLE,1670728758467714177,63:DD:A1:67:56:A8,-83
BLE,1670728758614330558,47:8D:18:D4:A5:B8,-89
BLE,1670728758786196722,42:82:F6:CB:7B:27,-90
BLE,1670728758983976203,47:8D:18:D4:A5:B8,-101
BLE,1670728759353885303,47:8D:18:D4:A5:B8,-102
BLE,1670728759735442223,47:8D:18:D4:A5:B8,-89
BLE,1670728759840480473,63:DD:A1:67:56:A8,-86
BLE,1670728759920076235,47:8D:18:D4:A5:B8,-93
BLE,1670728759960525420,C9:7A:46:95:38:06,-69
BLE,1670728761029509205,47:8D:18:D4:A5:B8,-102
BLE,1670728761214528671,47:8D:18:D4:A5:B8,-102
BLE,1670728761501502133,63:DD:A1:67:56:A8,-96
BLE,1670728761565202458,54:8B:E4:F8:5F:40,-101
BLE,1670728761950827497,47:8D:18:D4:A5:B8,-100
BLE,1670728761962668939,C9:7A:46:95:38:06,-79
BLE,1670728762322936570,63:DD:A1:67:56:A8,-102
BLE,1670728762496487423,47:8D:18:D4:A5:B8,-103
BLE,1670728762510197635,D2:ED:7D:20:05:55,-104
BLE,1670728762598151047,54:8B:E4:F8:5F:40,-100
BLE,1670728762858789322,42:82:F6:CB:7B:27,-102
BLE,1670728763056172599,47:8D:18:D4:A5:B8,-102
BLE,1670728763128756194,42:82:F6:CB:7B:27,-103
BLE,1670728763147712260,63:DD:A1:67:56:A8,-97
BLE,1670728763398768566,42:82:F6:CB:7B:27,-99
BLE,1670728763605139652,47:8D:18:D4:A5:B8,-102
BLE,1670728763668759854,42:82:F6:CB:7B:27,-90
BLE,1670728763883734130,54:8B:E4:F8:5F:40,-99
BLE,1670728763963946676,C9:7A:46:95:38:06,-79
BLE,1670728763984074062,47:8D:18:D4:A5:B8,-102
BLE,1670728764249036035,63:DD:A1:67:56:A8,-97
BLE,1670728764512923563,D2:ED:7D:20:05:55,-101
BLE,1670728764518967075,63:DD:A1:67:56:A8,-98
BLE,1670728764734625009,47:8D:18:D4:A5:B8,-98
BLE,1670728764750114533,42:82:F6:CB:7B:27,-98
BLE,1670728765433923233,54:8B:E4:F8:5F:40,-86
BLE,1670728765620345557,63:DD:A1:67:56:A8,-97
BLE,1670728765674352332,47:8D:18:D4:A5:B8,-94
BLE,1670728765863656038,47:8D:18:D4:A5:B8,-91
BLE,1670728765953051975,54:8B:E4:F8:5F:40,-87
BLE,1670728765964009178,C9:7A:46:95:38:06,-65
BLE,1670728766230515925,47:8D:18:D4:A5:B8,-91
BLE,1670728766416811459,47:8D:18:D4:A5:B8,-90
BLE,1670728766452680240,63:DD:A1:67:56:A8,-84
BLE,1670728766724135637,63:DD:A1:67:56:A8,-96
BLE,1670728766736557364,54:8B:E4:F8:5F:40,-99
BLE,1670728767534090128,47:8D:18:D4:A5:B8,-99
BLE,1670728767556362654,63:DD:A1:67:56:A8,-85
BLE,1670728767734278121,47:8D:18:D4:A5:B8,-100
BLE,1670728767745081410,42:82:F6:CB:7B:27,-100
BLE,1670728767967804677,C9:7A:46:95:38:06,-80
BLE,1670728768105820535,47:8D:18:D4:A5:B8,-99
BLE,1670728768294059255,47:8D:18:D4:A5:B8,-101
BLE,1670728768668407385,47:8D:18:D4:A5:B8,-102
BLE,1670728769226306791,47:8D:18:D4:A5:B8,-101
BLE,1670728769469284234,63:DD:A1:67:56:A8,-95
BLE,1670728769969310578,C9:7A:46:95:38:06,-79
BLE,1670728770611134611,C8:B2:1E:C1:4C:16,-101
BLE,1670728771275409876,42:82:F6:CB:7B:27,-98
BLE,1670728771638120687,47:8D:18:D4:A5:B8,-101
BLE,1670728771972985204,C9:7A:46:95:38:06,-80
BLE,1670728772011786617,47:8D:18:D4:A5:B8,-103
BLE,1670728772485072529,63:DD:A1:67:56:A8,-96
BLE,1670728772530548447,D2:ED:7D:20:05:55,-100
BLE,1670728772573020316,47:8D:18:D4:A5:B8,-87
BLE,1670728772657515145,54:8B:E4:F8:5F:40,-101
BLE,1670728773443690085,54:8B:E4:F8:5F:40,-98
BLE,1670728773457764210,42:82:F6:CB:7B:27,-99
BLE,1670728773730335301,42:82:F6:CB:7B:27,-102
BLE,1670728773975490051,C9:7A:46:95:38:06,-79
BLE,1670728774001352160,42:82:F6:CB:7B:27,-99
BLE,1670728774420225012,47:8D:18:D4:A5:B8,-101
BLE,1670728774687624372,63:DD:A1:67:56:A8,-97
BLE,1670728774961275784,63:DD:A1:67:56:A8,-96
BLE,1670728775243920214,54:8B:E4:F8:5F:40,-98
BLE,1670728775530368182,47:8D:18:D4:A5:B8,-101
BLE,1670728775639448759,42:82:F6:CB:7B:27,-102
BLE,1670728775910619451,42:82:F6:CB:7B:27,-101
BLE,1670728775980535911,C9:7A:46:95:38:06,-80
BLE,1670728776101077352,47:8D:18:D4:A5:B8,-102
BLE,1670728776182819921,42:82:F6:CB:7B:27,-99
BLE,1670728776328853767,63:DD:A1:67:56:A8,-96
BLE,1670728776541428197,D2:ED:7D:20:05:55,-101
BLE,1670728776843680644,47:8D:18:D4:A5:B8,-101
BLE,1670728776881239822,63:DD:A1:67:56:A8,-102
BLE,1670728777219422008,47:8D:18:D4:A5:B8,-101
BLE,1670728777409353165,47:8D:18:D4:A5:B8,-104
BLE,1670728777552821459,42:82:F6:CB:7B:27,-100
BLE,1670728777822825039,42:82:F6:CB:7B:27,-99
BLE,1670728778094299352,42:82:F6:CB:7B:27,-100
BLE,1670728778517479068,47:8D:18:D4:A5:B8,-89
BLE,1670728778551854909,D2:ED:7D:20:05:55,-101
BLE,1670728778889342145,47:8D:18:D4:A5:B8,-101
BLE,1670728779114307719,54:8B:E4:F8:5F:40,-100
BLE,1670728779636683880,63:DD:A1:67:56:A8,-85
BLE,1670728779826400415,47:8D:18:D4:A5:B8,-103
BLE,1670728779912566932,63:DD:A1:67:56:A8,-95
BLE,1670728779985616813,C9:7A:46:95:38:06,-79
BLE,1670728780581764014,47:8D:18:D4:A5:B8,-99
BLE,1670728780669717301,54:8B:E4:F8:5F:40,-98
BLE,1670728780744026001,63:DD:A1:67:56:A8,-97
BLE,1670728780765386413,47:8D:18:D4:A5:B8,-89
BLE,1670728781139699336,47:8D:18:D4:A5:B8,-91
BLE,1670728781516751309,47:8D:18:D4:A5:B8,-92
BLE,1670728781551135109,63:DD:A1:67:56:A8,-97
BLE,1670728781951369140,54:8B:E4:F8:5F:40,-89
BLE,1670728781985687482,C9:7A:46:95:38:06,-69
BLE,1670728782262406232,47:8D:18:D4:A5:B8,-89
BLE,1670728782381543398,63:DD:A1:67:56:A8,-86
BLE,1670728782468664612,54:8B:E4:F8:5F:40,-100
BLE,1670728782558143548,D2:ED:7D:20:05:55,-100
BLE,1670728782645197929,47:8D:18:D4:A5:B8,-102
BLE,1670728782979040750,42:82:F6:CB:7B:27,-98
BLE,1670728783254295975,54:8B:E4:F8:5F:40,-97
BLE,1670728783488601813,63:DD:A1:67:56:A8,-95
BLE,1670728783763310421,47:8D:18:D4:A5:B8,-100
BLE,1670728783986991594,C9:7A:46:95:38:06,-65
BLE,1670728784318616191,63:DD:A1:67:56:A8,-86
BLE,1670728784589846923,63:DD:A1:67:56:A8,-84
BLE,1670728784700599397,47:8D:18:D4:A5:B8,-107
BLE,1670728784888640869,47:8D:18:D4:A5:B8,-92
BLE,1670728785430642922,42:82:F6:CB:7B:27,-100
BLE,1670728785450238981,47:8D:18:D4:A5:B8,-92
BLE,1670728785580850260,14:BB:6E:11:32:18,-92
BLE,1670728785639771393,47:8D:18:D4:A5:B8,-106
BLE,1670728785701559908,42:82:F6:CB:7B:27,-100
BLE,1670728785820773365,47:8D:18:D4:A5:B8,-100
BLE,1670728785962327806,63:DD:A1:67:56:A8,-95
BLE,1670728785971551696,42:82:F6:CB:7B:27,-97
BLE,1670728785989527774,C9:7A:46:95:38:06,-79
BLE,1670728786011478555,47:8D:18:D4:A5:B8,-103
BLE,1670728786232553384,63:DD:A1:67:56:A8,-97
BLE,1670728786382439517,47:8D:18:D4:A5:B8,-105
BLE,1670728786762136251,47:8D:18:D4:A5:B8,-100
BLE,1670728787144597327,54:8B:E4:F8:5F:40,-98
BLE,1670728787342307184,63:DD:A1:67:56:A8,-105
BLE,1670728787509024367,47:8D:18:D4:A5:B8,-101
BLE,1670728787610514952,42:82:F6:CB:7B:27,-100
BLE,1670728787664631725,54:8B:E4:F8:5F:40,-99
BLE,1670728788150530903,42:82:F6:CB:7B:27,-100
BLE,1670728788265773824,47:8D:18:D4:A5:B8,-103
BLE,1670728788420521442,42:82:F6:CB:7B:27,-98
BLE,1670728788428638720,54:8B:E4:F8:5F:40,-99
BLE,1670728788439828712,63:DD:A1:67:56:A8,-96
BLE,1670728788825916412,47:8D:18:D4:A5:B8,-91
BLE,1670728789016504686,47:8D:18:D4:A5:B8,-103
BLE,1670728789202398350,47:8D:18:D4:A5:B8,-94
BLE,1670728789537318908,63:DD:A1:67:56:A8,-85
BLE,1670728789943522285,47:8D:18:D4:A5:B8,-90
BLE,1670728789991477423,C9:7A:46:95:38:06,-82
BLE,1670728790129771444,47:8D:18:D4:A5:B8,-100
BLE,1670728790226598918,54:8B:E4:F8:5F:40,-86
BLE,1670728790317080466,47:8D:18:D4:A5:B8,-89
BLE,1670728790331815250,42:82:F6:CB:7B:27,-92
BLE,1670728790601806163,42:82:F6:CB:7B:27,-89
BLE,1670728790639778753,63:DD:A1:67:56:A8,-96
BLE,1670728790687685142,47:8D:18:D4:A5:B8,-91
BLE,1670728790913468748,63:DD:A1:67:56:A8,-98
BLE,1670728791146678599,42:82:F6:CB:7B:27,-102
BLE,1670728791743731497,63:DD:A1:67:56:A8,-100
BLE,1670728791809156969,47:8D:18:D4:A5:B8,-99
BLE,1670728791991682881,C9:7A:46:95:38:06,-80
BLE,1670728792013481705,63:DD:A1:67:56:A8,-95
BLE,1670728792732295905,47:8D:18:D4:A5:B8,-103
BLE,1670728792916977292,47:8D:18:D4:A5:B8,-102
BLE,1670728793065015864,54:8B:E4:F8:5F:40,-101
BLE,1670728793100811522,47:8D:18:D4:A5:B8,-102
BLE,1670728793284556753,47:8D:18:D4:A5:B8,-102
BLE,1670728793386577789,63:DD:A1:67:56:A8,-95
BLE,1670728793466618421,47:8D:18:D4:A5:B8,-103
BLE,1670728793651934633,47:8D:18:D4:A5:B8,-102
BLE,1670728793829043568,54:8B:E4:F8:5F:40,-98
BLE,1670728793991723383,C9:7A:46:95:38:06,-81
BLE,1670728794135676921,42:82:F6:CB:7B:27,-100
BLE,1670728794344203732,54:8B:E4:F8:5F:40,-99
BLE,1670728794409238459,42:82:F6:CB:7B:27,-101
BLE,1670728794506660925,7B:4C:B7:B8:08:6F,-100
BLE,1670728794597937631,54:8B:E4:F8:5F:40,-97
BLE,1670728794759675874,63:DD:A1:67:56:A8,-96
BLE,1670728794861579828,54:8B:E4:F8:5F:40,-98
BLE,1670728795037159531,63:DD:A1:67:56:A8,-105
BLE,1670728795318984763,7B:4C:B7:B8:08:6F,-102
BLE,1670728795379743415,54:8B:E4:F8:5F:40,-96
BLE,1670728795589701667,63:DD:A1:67:56:A8,-98
BLE,1670728795861257146,63:DD:A1:67:56:A8,-95
BLE,1670728795880047881,7B:4C:B7:B8:08:6F,-99
BLE,1670728795994499519,C9:7A:46:95:38:06,-82
BLE,1670728796250465808,7B:4C:B7:B8:08:6F,-100
BLE,1670728796416675248,54:8B:E4:F8:5F:40,-99
BLE,1670728796767174662,D2:ED:7D:20:05:55,-99
BLE,1670728796859443523,42:82:F6:CB:7B:27,-101
BLE,1670728796962188759,63:DD:A1:67:56:A8,-97
BLE,1670728796993196098,7B:4C:B7:B8:08:6F,-100
BLE,1670728797130744712,42:82:F6:CB:7B:27,-98
BLE,1670728797179991043,7B:4C:B7:B8:08:6F,-105
BLE,1670728797369767869,7B:4C:B7:B8:08:6F,-100
BLE,1670728797400687793,42:82:F6:CB:7B:27,-100
BLE,1670728797505895667,63:DD:A1:67:56:A8,-96
BLE,1670728797671756986,42:82:F6:CB:7B:27,-100
BLE,1670728797741577447,7B:4C:B7:B8:08:6F,-101
BLE,1670728797971576086,54:8B:E4:F8:5F:40,-87
BLE,1670728797998106604,C9:7A:46:95:38:06,-81
BLE,1670728798118955625,7B:4C:B7:B8:08:6F,-107
BLE,1670728798493137424,7B:4C:B7:B8:08:6F,-100
BLE,1670728798518503289,14:BB:6E:11:32:18,-102
BLE,1670728798676027499,7B:4C:B7:B8:08:6F,-99
BLE,1670728798874663219,63:DD:A1:67:56:A8,-97
BLE,1670728799272573653,54:8B:E4:F8:5F:40,-99
BLE,1670728799793512206,54:8B:E4:F8:5F:40,-97
BLE,1670728800558537524,54:8B:E4:F8:5F:40,-99
BLE,1670728800810979604,63:DD:A1:67:56:A8,-97
BLE,1670728801113098719,7B:4C:B7:B8:08:6F,-102
BLE,1670728801324693494,54:8B:E4:F8:5F:40,-86
BLE,1670728801589161181,54:8B:E4:F8:5F:40,-88
BLE,1670728801997757530,C9:7A:46:95:38:06,-79
BLE,1670728802108717918,54:8B:E4:F8:5F:40,-86
BLE,1670728802432038364,7B:4C:B7:B8:08:6F,-90
BLE,1670728802626249137,54:8B:E4:F8:5F:40,-89
BLE,1670728802810058743,7B:4C:B7:B8:08:6F,-100
BLE,1670728803017300403,63:DD:A1:67:56:A8,-96
BLE,1670728803548142297,7B:4C:B7:B8:08:6F,-101
BLE,1670728803661066120,54:8B:E4:F8:5F:40,-101
BLE,1670728803729660138,7B:4C:B7:B8:08:6F,-101
BLE,1670728803851001111,63:DD:A1:67:56:A8,-98
BLE,1670728804001585862,C9:7A:46:95:38:06,-79
BLE,1670728804177884848,54:8B:E4:F8:5F:40,-98
BLE,1670728804682356389,63:DD:A1:67:56:A8,-96
BLE,1670728805230978738,79:39:39:CC:D8:A4,-99
BLE,1670728805499817749,63:DD:A1:67:56:A8,-94
BLE,1670728805757562558,7B:4C:B7:B8:08:6F,-105
BLE,1670728805834658308,42:82:F6:CB:7B:27,-90
BLE,1670728805943563054,7B:4C:B7:B8:08:6F,-93
BLE,1670728805978547388,54:8B:E4:F8:5F:40,-99
BLE,1670728806108355761,42:82:F6:CB:7B:27,-99
BLE,1670728806494237087,54:8B:E4:F8:5F:40,-87
BLE,1670728806649483866,42:82:F6:CB:7B:27,-87
BLE,1670728806746818625,54:8B:E4:F8:5F:40,-88
BLE,1670728807155084394,63:DD:A1:67:56:A8,-97
BLE,1670728807262775196,54:8B:E4:F8:5F:40,-88
BLE,1670728807518236699,14:BB:6E:11:32:18,-102
BLE,1670728807781418194,54:8B:E4:F8:5F:40,-99
BLE,1670728808001808572,C9:7A:46:95:38:06,-65
BLE,1670728808297310557,54:8B:E4:F8:5F:40,-100
BLE,1670728808791046643,D2:ED:7D:20:05:55,-101
BLE,1670728808811905645,54:8B:E4:F8:5F:40,-98
BLE,1670728808912703654,7B:4C:B7:B8:08:6F,-100
BLE,1670728809068430260,63:DD:A1:67:56:A8,-98
BLE,1670728809099659055,42:82:F6:CB:7B:27,-99
BLE,1670728809338425257,63:DD:A1:67:56:A8,-95
BLE,1670728809370353044,42:82:F6:CB:7B:27,-99
BLE,1670728809465021251,7B:4C:B7:B8:08:6F,-101
BLE,1670728809581569907,54:8B:E4:F8:5F:40,-97
BLE,1670728809611044764,63:DD:A1:67:56:A8,-97
BLE,1670728810006926222,C9:7A:46:95:38:06,-79
BLE,1670728810441165349,63:DD:A1:67:56:A8,-96
BLE,1670728810712319207,63:DD:A1:67:56:A8,-84
BLE,1670728810769933938,7B:4C:B7:B8:08:6F,-88
BLE,1670728810934470064,14:BB:6E:11:32:18,-90
BLE,1670728811320964342,7B:4C:B7:B8:08:6F,-90
BLE,1670728811875712994,7B:4C:B7:B8:08:6F,-92
BLE,1670728812006885975,C9:7A:46:95:38:06,-65
BLE,1670728812377280528,63:DD:A1:67:56:A8,-84
BLE,1670728812431100721,7B:4C:B7:B8:08:6F,-101
BLE,1670728812623725471,7B:4C:B7:B8:08:6F,-102
BLE,1670728812633463606,42:82:F6:CB:7B:27,-99
BLE,1670728812648440094,63:DD:A1:67:56:A8,-97
BLE,1670728812806230592,7B:4C:B7:B8:08:6F,-100
BLE,1670728813171254917,7B:4C:B7:B8:08:6F,-90
BLE,1670728813415347930,14:BB:6E:11:32:18,-90
BLE,1670728813479714831,63:DD:A1:67:56:A8,-96
BLE,1670728813696296422,54:8B:E4:F8:5F:40,-98
BLE,1670728813750936147,63:DD:A1:67:56:A8,-95
BLE,1670728814009652320,C9:7A:46:95:38:06,-65
BLE,1670728814734539572,54:8B:E4:F8:5F:40,-98
BLE,1670728814813674215,D2:ED:7D:20:05:55,-89
BLE,1670728814853451325,63:DD:A1:67:56:A8,-84
BLE,1670728815211825812,7B:4C:B7:B8:08:6F,-101
BLE,1670728815251913627,54:8B:E4:F8:5F:40,-100
BLE,1670728815622266180,42:82:F6:CB:7B:27,-100
BLE,1670728815893577786,42:82:F6:CB:7B:27,-101
BLE,1670728815955805713,7B:4C:B7:B8:08:6F,-103
BLE,1670728816013189947,C9:7A:46:95:38:06,-79
BLE,1670728816141294298,7B:4C:B7:B8:08:6F,-100
BLE,1670728816496507573,63:DD:A1:67:56:A8,-95
BLE,1670728816530788832,54:8B:E4:F8:5F:40,-99
BLE,1670728816704855428,42:82:F6:CB:7B:27,-99
BLE,1670728816977329937,42:82:F6:CB:7B:27,-101
BLE,1670728817247283393,42:82:F6:CB:7B:27,-101
BLE,1670728817259973325,7B:4C:B7:B8:08:6F,-99
BLE,1670728817300591425,54:8B:E4:F8:5F:40,-98
BLE,1670728817628829229,7B:4C:B7:B8:08:6F,-99
BLE,1670728817814268357,54:8B:E4:F8:5F:40,-99
BLE,1670728817865910284,63:DD:A1:67:56:A8,-97
BLE,1670728818012863953,C9:7A:46:95:38:06,-79
BLE,1670728818377454325,7B:4C:B7:B8:08:6F,-104
BLE,1670728818582303763,54:8B:E4:F8:5F:40,-99
BLE,1670728818699723783,63:DD:A1:67:56:A8,-84
BLE,1670728818821215755,D2:ED:7D:20:05:55,-100
BLE,1670728818969704405,63:DD:A1:67:56:A8,-94
BLE,1670728819095050623,54:8B:E4:F8:5F:40,-86
BLE,1670728819424823450,42:82:F6:CB:7B:27,-90
BLE,1670728819612586508,54:8B:E4:F8:5F:40,-88
BLE,1670728819687852946,7B:4C:B7:B8:08:6F,-90
BLE,1670728819864102350,54:8B:E4:F8:5F:40,-101
BLE,1670728819876659492,7B:4C:B7:B8:08:6F,-101
BLE,1670728819967505828,42:82:F6:CB:7B:27,-90
BLE,1670728820012835498,C9:7A:46:95:38:06,-66
BLE,1670728820069563323,63:DD:A1:67:56:A8,-86
BLE,1670728820238567438,42:82:F6:CB:7B:27,-91
BLE,1670728820378623438,54:8B:E4:F8:5F:40,-87
BLE,1670728820436942953,7B:4C:B7:B8:08:6F,-91
BLE,1670728820509780753,42:82:F6:CB:7B:27,-91
BLE,1670728820634306355,63:DD:A1:67:56:A8,-98
BLE,1670728821379831488,7B:4C:B7:B8:08:6F,-100
BLE,1670728821715851574,63:DD:A1:67:56:A8,-97
BLE,1670728821755327730,7B:4C:B7:B8:08:6F,-103
BLE,1670728822012919916,C9:7A:46:95:38:06,-80
BLE,1670728822182346734,54:8B:E4:F8:5F:40,-96
BLE,1670728822302460930,7B:4C:B7:B8:08:6F,-102
BLE,1670728822486301702,7B:4C:B7:B8:08:6F,-99
BLE,1670728822818412210,63:DD:A1:67:56:A8,-96
BLE,1670728823236047242,7B:4C:B7:B8:08:6F,-106
BLE,1670728823795311923,7B:4C:B7:B8:08:6F,-101
BLE,1670728823980064851,7B:4C:B7:B8:08:6F,-93
BLE,1670728824037430377,42:82:F6:CB:7B:27,-89
BLE,1670728824165293897,7B:4C:B7:B8:08:6F,-100
BLE,1670728824307437623,42:82:F6:CB:7B:27,-89
BLE,1670728824355375470,7B:4C:B7:B8:08:6F,-88
BLE,1670728824467019350,63:DD:A1:67:56:A8,-103
BLE,1670728824684566471,14:BB:6E:11:32:18,-91
BLE,1670728824995289442,54:8B:E4:F8:5F:40,-86
BLE,1670728825289743814,63:DD:A1:67:56:A8,-99
BLE,1670728825470912659,7B:4C:B7:B8:08:6F,-91
BLE,1670728825508831917,54:8B:E4:F8:5F:40,-97
BLE,1670728825559527897,63:DD:A1:67:56:A8,-85
BLE,1670728825831449996,63:DD:A1:67:56:A8,-85
BLE,1670728825842080453,7B:4C:B7:B8:08:6F,-91
BLE,1670728826013800202,C9:7A:46:95:38:06,-66
BLE,1670728826100790292,63:DD:A1:67:56:A8,-86
BLE,1670728826209427333,7B:4C:B7:B8:08:6F,-90
BLE,1670728826219930833,42:82:F6:CB:7B:27,-94
BLE,1670728826374534369,63:DD:A1:67:56:A8,-85
BLE,1670728826394830836,7B:4C:B7:B8:08:6F,-88
BLE,1670728826763711490,42:82:F6:CB:7B:27,-87
BLE,1670728827059527888,54:8B:E4:F8:5F:40,-87
BLE,1670728827203291220,63:DD:A1:67:56:A8,-86
BLE,1670728827516865990,7B:4C:B7:B8:08:6F,-100
BLE,1670728827573688648,42:82:F6:CB:7B:27,-100
BLE,1670728827580160654,54:8B:E4:F8:5F:40,-98
BLE,1670728827830201596,54:8B:E4:F8:5F:40,-99
BLE,1670728828017642242,C9:7A:46:95:38:06,-80
BLE,1670728828304765785,63:DD:A1:67:56:A8,-97
BLE,1670728828447687169,7B:4C:B7:B8:08:6F,-101
BLE,1670728828591856579,54:8B:E4:F8:5F:40,-86
BLE,1670728829360399062,54:8B:E4:F8:5F:40,-98
BLE,1670728829374267022,7B:4C:B7:B8:08:6F,-100
BLE,1670728829408257326,63:DD:A1:67:56:A8,-96
BLE,1670728829877727367,54:8B:E4:F8:5F:40,-100
BLE,1670728829928324307,7B:4C:B7:B8:08:6F,-101
BLE,1670728830242131949,63:DD:A1:67:56:A8,-96
BLE,1670728830392766241,54:8B:E4:F8:5F:40,-100
BLE,1670728830490848949,7B:4C:B7:B8:08:6F,-100
BLE,1670728830514427710,63:DD:A1:67:56:A8,-96
BLE,1670728830785859357,63:DD:A1:67:56:A8,-97
BLE,1670728830836274174,42:82:F6:CB:7B:27,-101
BLE,1670728830851289579,D2:ED:7D:20:05:55,-104
BLE,1670728831054664160,7B:4C:B7:B8:08:6F,-99
BLE,1670728831063268016,63:DD:A1:67:56:A8,-101
BLE,1670728831106252338,42:82:F6:CB:7B:27,-102
BLE,1670728831613298265,63:DD:A1:67:56:A8,-96
BLE,1670728831888691864,63:DD:A1:67:56:A8,-98
BLE,1670728832355376730,7B:4C:B7:B8:08:6F,-100
BLE,1670728832537913059,7B:4C:B7:B8:08:6F,-101
BLE,1670728832727677385,7B:4C:B7:B8:08:6F,-97
BLE,1670728832913378926,7B:4C:B7:B8:08:6F,-103
BLE,1670728833098929136,7B:4C:B7:B8:08:6F,-100
BLE,1670728833255556231,63:DD:A1:67:56:A8,-97
BLE,1670728833496446657,54:8B:E4:F8:5F:40,-99
BLE,1670728833555045377,42:82:F6:CB:7B:27,-99
BLE,1670728833798185485,63:DD:A1:67:56:A8,-96
BLE,1670728833825085873,42:82:F6:CB:7B:27,-99
BLE,1670728834015089488,54:8B:E4:F8:5F:40,-90
BLE,1670728834022166862,7B:4C:B7:B8:08:6F,-100
BLE,1670728835707094904,63:DD:A1:67:56:A8,-98
BLE,1670728835732756265,7B:4C:B7:B8:08:6F,-102
BLE,1670728835978116847,63:DD:A1:67:56:A8,-96
BLE,1670728836029646692,C9:7A:46:95:38:06,-79
BLE,1670728836101361048,7B:4C:B7:B8:08:6F,-101
BLE,1670728836601540348,54:8B:E4:F8:5F:40,-98
BLE,1670728837221002230,7B:4C:B7:B8:08:6F,-100
BLE,1670728837360166991,42:82:F6:CB:7B:27,-100
BLE,1670728837622970116,63:DD:A1:67:56:A8,-97
BLE,1670728837635398051,54:8B:E4:F8:5F:40,-98
BLE,1670728837774680978,7B:4C:B7:B8:08:6F,-102
BLE,1670728837895539582,63:DD:A1:67:56:A8,-97
BLE,1670728837900140277,42:82:F6:CB:7B:27,-100
BLE,1670728838030234938,C9:7A:46:95:38:06,-80
BLE,1670728838149135024,7B:4C:B7:B8:08:6F,-102
BLE,1670728838170179815,42:82:F6:CB:7B:27,-102
BLE,1670728838173013865,63:DD:A1:67:56:A8,-104
BLE,1670728838337434492,7B:4C:B7:B8:08:6F,-99
BLE,1670728838441381006,42:82:F6:CB:7B:27,-96
BLE,1670728838524340144,7B:4C:B7:B8:08:6F,-88
BLE,1670728838710924342,7B:4C:B7:B8:08:6F,-102
BLE,1670728838903423552,7B:4C:B7:B8:08:6F,-102
BLE,1670728838920710554,54:8B:E4:F8:5F:40,-99
BLE,1670728839266741730,63:DD:A1:67:56:A8,-96
BLE,1670728839467180846,7B:4C:B7:B8:08:6F,-99
BLE,1670728840021524877,7B:4C:B7:B8:08:6F,-99
BLE,1670728840621628989,42:82:F6:CB:7B:27,-90
BLE,1670728840893134427,42:82:F6:CB:7B:27,-101
BLE,1670728840907016887,63:DD:A1:67:56:A8,-86
BLE,1670728840968779194,54:8B:E4:F8:5F:40,-98
BLE,1670728841162750261,42:82:F6:CB:7B:27,-89
BLE,1670728841435337686,42:82:F6:CB:7B:27,-88
BLE,1670728841522681272,7B:4C:B7:B8:08:6F,-92
BLE,1670728842010433928,63:DD:A1:67:56:A8,-84
BLE,1670728842037323317,C9:7A:46:95:38:06,-69
BLE,1670728842094859549,7B:4C:B7:B8:08:6F,-90
BLE,1670728842520282614,54:8B:E4:F8:5F:40,-97
BLE,1670728842661940721,7B:4C:B7:B8:08:6F,-99
BLE,1670728842802820962,42:82:F6:CB:7B:27,-99
BLE,1670728842844153553,63:DD:A1:67:56:A8,-96
BLE,1670728842890303879,D2:ED:7D:20:05:55,-102
BLE,1670728843072733293,42:82:F6:CB:7B:27,-100
BLE,1670728843287631487,54:8B:E4:F8:5F:40,-100
BLE,1670728843617812226,42:82:F6:CB:7B:27,-101
BLE,1670728843957749933,7B:4C:B7:B8:08:6F,-92
BLE,1670728844182870255,C8:B2:1E:C1:4C:16,-93
BLE,1670728844322909964,54:8B:E4:F8:5F:40,-88
BLE,1670728844330971118,7B:4C:B7:B8:08:6F,-88
BLE,1670728844485370157,63:DD:A1:67:56:A8,-84
BLE,1670728844588291516,54:8B:E4:F8:5F:40,-87
BLE,1670728844892782561,D2:ED:7D:20:05:55,-92
BLE,1670728845317880004,63:DD:A1:67:56:A8,-84
BLE,1670728845588064207,63:DD:A1:67:56:A8,-95
BLE,1670728845634770235,7B:4C:B7:B8:08:6F,-89
BLE,1670728846007426344,7B:4C:B7:B8:08:6F,-101
BLE,1670728846039182925,C9:7A:46:95:38:06,-80
BLE,1670728846192811847,7B:4C:B7:B8:08:6F,-103
BLE,1670728846687915708,63:DD:A1:67:56:A8,-96
BLE,1670728847942366621,54:8B:E4:F8:5F:40,-88
BLE,1670728848041798438,C9:7A:46:95:38:06,-81
BLE,1670728848065413532,63:DD:A1:67:56:A8,-97
BLE,1670728848894303131,63:DD:A1:67:56:A8,-98
BLE,1670728848979064373,7B:4C:B7:B8:08:6F,-90
BLE,1670728849164987411,7B:4C:B7:B8:08:6F,-90
BLE,1670728850042032646,C9:7A:46:95:38:06,-66
BLE,1670728850267933209,63:DD:A1:67:56:A8,-86
BLE,1670728850537911706,63:DD:A1:67:56:A8,-85
BLE,1670728850807967077,63:DD:A1:67:56:A8,-84
BLE,1670728850904870383,D2:ED:7D:20:05:55,-103
BLE,1670728850947887329,42:82:F6:CB:7B:27,-100
BLE,1670728851049925241,54:8B:E4:F8:5F:40,-97
BLE,1670728851191664263,7B:4C:B7:B8:08:6F,-100
BLE,1670728851219141436,42:82:F6:CB:7B:27,-90
BLE,1670728851492832389,42:82:F6:CB:7B:27,-98
BLE,1670728851836266013,54:8B:E4:F8:5F:40,-86
BLE,1670728851911678782,63:DD:A1:67:56:A8,-84
BLE,1670728851926164152,7B:4C:B7:B8:08:6F,-96
BLE,1670728852045582023,C9:7A:46:95:38:06,-81
BLE,1670728852298228101,7B:4C:B7:B8:08:6F,-101
BLE,1670728852672223194,7B:4C:B7:B8:08:6F,-97
BLE,1670728852744197838,63:DD:A1:67:56:A8,-97
BLE,1670728852908729339,D2:ED:7D:20:05:55,-100
BLE,1670728853575484867,63:DD:A1:67:56:A8,-86
BLE,1670728853611515730,7B:4C:B7:B8:08:6F,-104
BLE,1670728853636489433,54:8B:E4:F8:5F:40,-97
BLE,1670728853799517536,7B:4C:B7:B8:08:6F,-100
BLE,1670728853985836236,7B:4C:B7:B8:08:6F,-93
BLE,1670728854048177994,C9:7A:46:95:38:06,-81
BLE,1670728854171076741,7B:4C:B7:B8:08:6F,-101
BLE,1670728854673165894,54:8B:E4:F8:5F:40,-100
BLE,1670728854728749733,7B:4C:B7:B8:08:6F,-100
BLE,1670728854912467797,D2:ED:7D:20:05:55,-101
BLE,1670728854947943625,14:BB:6E:11:32:18,-102
BLE,1670728855186950449,54:8B:E4:F8:5F:40,-100
BLE,1670728855287532378,7B:4C:B7:B8:08:6F,-102
BLE,1670728855704404044,54:8B:E4:F8:5F:40,-88
BLE,1670728856048312370,C9:7A:46:95:38:06,-67
BLE,1670728856393023645,42:82:F6:CB:7B:27,-99
BLE,1670728856492206840,54:8B:E4:F8:5F:40,-88
BLE,1670728856596735139,7B:4C:B7:B8:08:6F,-91
BLE,1670728857153311310,7B:4C:B7:B8:08:6F,-89
BLE,1670728857421716534,63:DD:A1:67:56:A8,-85
BLE,1670728857521722720,7B:4C:B7:B8:08:6F,-102
BLE,1670728857776549897,54:8B:E4:F8:5F:40,-97
BLE,1670728857896907590,7B:4C:B7:B8:08:6F,-100
BLE,1670728858049572316,C9:7A:46:95:38:06,-81
BLE,1670728858083114751,7B:4C:B7:B8:08:6F,-102
BLE,1670728858265855327,7B:4C:B7:B8:08:6F,-99
BLE,1670728858525459197,63:DD:A1:67:56:A8,-97
BLE,1670728858848151317,42:82:F6:CB:7B:27,-98
BLE,1670728858929637556,D2:ED:7D:20:05:55,-101
BLE,1670728859118176939,42:82:F6:CB:7B:27,-99
BLE,1670728859355462116,63:DD:A1:67:56:A8,-97
BLE,1670728859568891328,7B:4C:B7:B8:08:6F,-105
BLE,1670728859629159819,63:DD:A1:67:56:A8,-97
BLE,1670728859899148358,63:DD:A1:67:56:A8,-97
BLE,1670728860049251572,C9:7A:46:95:38:06,-79
BLE,1670728860095086777,54:8B:E4:F8:5F:40,-99
BLE,1670728860459184405,63:DD:A1:67:56:A8,-98
BLE,1670728860502994134,7B:4C:B7:B8:08:6F,-99
BLE,1670728860609697781,54:8B:E4:F8:5F:40,-98
BLE,1670728860937933127,D2:ED:7D:20:05:55,-100
BLE,1670728861129928593,54:8B:E4:F8:5F:40,-98
BLE,1670728861294521260,63:DD:A1:67:56:A8,-95
BLE,1670728861790519319,7B:4C:B7:B8:08:6F,-102
BLE,1670728862051862127,C9:7A:46:95:38:06,-79
BLE,1670728862122927907,63:DD:A1:67:56:A8,-96
BLE,1670728862533547189,7B:4C:B7:B8:08:6F,-101
BLE,1670728862896909576,7B:4C:B7:B8:08:6F,-103
BLE,1670728862940390642,D2:ED:7D:20:05:55,-101
BLE,1670728863189429638,42:82:F6:CB:7B:27,-100
BLE,1670728863229153832,63:DD:A1:67:56:A8,-98
BLE,1670728863639799239,7B:4C:B7:B8:08:6F,-104
BLE,1670728864003581412,7B:4C:B7:B8:08:6F,-99
BLE,1670728864051876879,C9:7A:46:95:38:06,-79
BLE,1670728864194950761,7B:4C:B7:B8:08:6F,-101
BLE,1670728864233942047,54:8B:E4:F8:5F:40,-99
BLE,1670728864329180664,63:DD:A1:67:56:A8,-84
BLE,1670728864936297735,7B:4C:B7:B8:08:6F,-101
BLE,1670728864998108249,54:8B:E4:F8:5F:40,-98
BLE,1670728865118881105,7B:4C:B7:B8:08:6F,-100
BLE,1670728865305164889,7B:4C:B7:B8:08:6F,-102
BLE,1670728865435217550,63:DD:A1:67:56:A8,-95
BLE,1670728865705401295,63:DD:A1:67:56:A8,-97
BLE,1670728865867735239,7B:4C:B7:B8:08:6F,-101
BLE,1670728866060240741,7B:4C:B7:B8:08:6F,-105
BLE,1670728866280006168,54:8B:E4:F8:5F:40,-97
BLE,1670728866424264411,7B:4C:B7:B8:08:6F,-104
BLE,1670728866791760248,7B:4C:B7:B8:08:6F,-109
BLE,1670728867044591866,54:8B:E4:F8:5F:40,-98
BLE,1670728867531930777,7B:4C:B7:B8:08:6F,-101
BLE,1670728867561058264,54:8B:E4:F8:5F:40,-99
BLE,1670728868053297201,C9:7A:46:95:38:06,-79
BLE,1670728868078290279,54:8B:E4:F8:5F:40,-87
BLE,1670728868175322624,14:BB:6E:11:32:18,-92
BLE,1670728869007920054,63:DD:A1:67:56:A8,-84
BLE,1670728869282719661,63:DD:A1:67:56:A8,-97
BLE,1670728869383005051,7B:4C:B7:B8:08:6F,-91
BLE,1670728870053123914,C9:7A:46:95:38:06,-79
BLE,1670728870113153241,63:DD:A1:67:56:A8,-97
BLE,1670728870670905524,54:8B:E4:F8:5F:40,-92
BLE,1670728871058076544,7B:4C:B7:B8:08:6F,-88
BLE,1670728871337018309,42:82:F6:CB:7B:27,-91
BLE,1670728871604222006,7B:4C:B7:B8:08:6F,-100
BLE,1670728872053164707,C9:7A:46:95:38:06,-66
BLE,1670728872319022587,63:DD:A1:67:56:A8,-84
BLE,1670728872711007174,7B:4C:B7:B8:08:6F,-92
BLE,1670728872957130913,D2:ED:7D:20:05:55,-101
BLE,1670728873092050225,7B:4C:B7:B8:08:6F,-102
BLE,1670728873460374844,7B:4C:B7:B8:08:6F,-90
BLE,1670728873818831997,C8:B2:1E:C1:4C:16,-93
BLE,1670728874014673168,7B:4C:B7:B8:08:6F,-102
BLE,1670728874055708388,42:82:F6:CB:7B:27,-91
BLE,1670728874326972953,42:82:F6:CB:7B:27,-100
BLE,1670728874520636816,63:DD:A1:67:56:A8,-85
BLE,1670728874572400117,7B:4C:B7:B8:08:6F,-95
BLE,1670728874596982575,42:82:F6:CB:7B:27,-90
BLE,1670728875056236445,54:8B:E4:F8:5F:40,-87
BLE,1670728875166117847,7B:4C:B7:B8:08:6F,-93
BLE,1670728875352785418,63:DD:A1:67:56:A8,-97
BLE,1670728875623172660,63:DD:A1:67:56:A8,-95
BLE,1670728875820413356,54:8B:E4:F8:5F:40,-98
BLE,1670728875897676020,63:DD:A1:67:56:A8,-98
BLE,1670728876055150397,C9:7A:46:95:38:06,-80
BLE,1670728876275891647,7B:4C:B7:B8:08:6F,-102
BLE,1670728876727785688,63:DD:A1:67:56:A8,-96
BLE,1670728877318532703,42:82:F6:CB:7B:27,-100
BLE,1670728877588340619,42:82:F6:CB:7B:27,-98
BLE,1670728877622761543,54:8B:E4:F8:5F:40,-97
BLE,1670728877858255783,42:82:F6:CB:7B:27,-100
BLE,1670728877963335783,7B:4C:B7:B8:08:6F,-102
BLE,1670728878140973670,54:8B:E4:F8:5F:40,-99
BLE,1670728878146991724,7B:4C:B7:B8:08:6F,-96
BLE,1670728878399579053,42:82:F6:CB:7B:27,-91
BLE,1670728878672026312,42:82:F6:CB:7B:27,-90
BLE,1670728878894703080,7B:4C:B7:B8:08:6F,-90
BLE,1670728878943288336,42:82:F6:CB:7B:27,-100
BLE,1670728878979179825,D2:ED:7D:20:05:55,-91
BLE,1670728879171921324,54:8B:E4:F8:5F:40,-98
BLE,1670728879213419789,42:82:F6:CB:7B:27,-89
BLE,1670728879452700443,7B:4C:B7:B8:08:6F,-99
BLE,1670728879483250080,42:82:F6:CB:7B:27,-87
BLE,1670728880972252827,54:8B:E4:F8:5F:40,-99
BLE,1670728880987225232,D2:ED:7D:20:05:55,-100
BLE,1670728881124104062,7B:4C:B7:B8:08:6F,-101
BLE,1670728881491179113,54:8B:E4:F8:5F:40,-98
BLE,1670728881655215453,63:DD:A1:67:56:A8,-96
BLE,1670728881925272158,63:DD:A1:67:56:A8,-97
BLE,1670728882005752284,54:8B:E4:F8:5F:40,-101
BLE,1670728882065756528,C9:7A:46:95:38:06,-80
BLE,1670728882195407528,63:DD:A1:67:56:A8,-95
BLE,1670728882797808404,7B:4C:B7:B8:08:6F,-100
BLE,1670728883025046076,63:DD:A1:67:56:A8,-98
BLE,1670728883280820284,42:82:F6:CB:7B:27,-98
BLE,1670728883548547433,7B:4C:B7:B8:08:6F,-101
BLE,1670728883550806114,42:82:F6:CB:7B:27,-103
BLE,1670728884069844649,C9:7A:46:95:38:06,-79
BLE,1670728884094642562,42:82:F6:CB:7B:27,-99
BLE,1670728884397605084,63:DD:A1:67:56:A8,-96
BLE,1670728884473576222,7B:4C:B7:B8:08:6F,-104
BLE,1670728884667537123,63:DD:A1:67:56:A8,-97
BLE,1670728884942542352,63:DD:A1:67:56:A8,-97
BLE,1670728885359306311,54:8B:E4:F8:5F:40,-97
BLE,1670728885405921257,7B:4C:B7:B8:08:6F,-103
BLE,1670728886040300461,63:DD:A1:67:56:A8,-96
BLE,1670728886072133041,C9:7A:46:95:38:06,-65
BLE,1670728886127693380,54:8B:E4:F8:5F:40,-87
BLE,1670728886154155607,7B:4C:B7:B8:08:6F,-89
BLE,1670728886334277714,7B:4C:B7:B8:08:6F,-100
BLE,1670728886544687212,42:82:F6:CB:7B:27,-102
BLE,1670728886818444372,42:82:F6:CB:7B:27,-88
BLE,1670728886874998158,63:DD:A1:67:56:A8,-84
BLE,1670728886883230310,7B:4C:B7:B8:08:6F,-93
BLE,1670728887146238598,63:DD:A1:67:56:A8,-97
BLE,1670728887628430738,42:82:F6:CB:7B:27,-99
BLE,1670728887638282454,7B:4C:B7:B8:08:6F,-99
BLE,1670728887976251559,63:DD:A1:67:56:A8,-97
BLE,1670728888009649120,7B:4C:B7:B8:08:6F,-103
BLE,1670728888174501159,54:8B:E4:F8:5F:40,-100
BLE,1670728888248872399,63:DD:A1:67:56:A8,-96
BLE,1670728888388375365,7B:4C:B7:B8:08:6F,-93
BLE,1670728888569681834,7B:4C:B7:B8:08:6F,-100
BLE,1670728888939955887,54:8B:E4:F8:5F:40,-100
BLE,1670728889007803247,D2:ED:7D:20:05:55,-93
BLE,1670728889146066061,7B:4C:B7:B8:08:6F,-99
BLE,1670728889706354730,54:8B:E4:F8:5F:40,-98
BLE,1670728890346027955,42:82:F6:CB:7B:27,-102
BLE,1670728890469727650,54:8B:E4:F8:5F:40,-97
BLE,1670728890721215992,63:DD:A1:67:56:A8,-97
BLE,1670728890888516002,42:82:F6:CB:7B:27,-99
BLE,1670728890988486979,54:8B:E4:F8:5F:40,-100
BLE,1670728891159787400,42:82:F6:CB:7B:27,-101
BLE,1670728891380492817,7B:4C:B7:B8:08:6F,-103
BLE,1670728891503421854,54:8B:E4:F8:5F:40,-98
BLE,1670728892075542508,C9:7A:46:95:38:06,-80
BLE,1670728892095482937,63:DD:A1:67:56:A8,-96
BLE,1670728892292631509,54:8B:E4:F8:5F:40,-99
BLE,1670728892364892774,63:DD:A1:67:56:A8,-95
BLE,1670728892798682198,42:82:F6:CB:7B:27,-98
BLE,1670728892807239846,54:8B:E4:F8:5F:40,-100
BLE,1670728892880816138,7B:4C:B7:B8:08:6F,-99
BLE,1670728893019735735,D2:ED:7D:20:05:55,-102
BLE,1670728893343594133,42:82:F6:CB:7B:27,-101
BLE,1670728893738674475,63:DD:A1:67:56:A8,-97
BLE,1670728894092244353,54:8B:E4:F8:5F:40,-101
BLE,1670728894172419150,7B:4C:B7:B8:08:6F,-101
BLE,1670728894839979834,63:DD:A1:67:56:A8,-98
BLE,1670728895110165370,7B:4C:B7:B8:08:6F,-102
BLE,1670728895521138107,42:82:F6:CB:7B:27,-100
BLE,1670728895643328820,54:8B:E4:F8:5F:40,-99
BLE,1670728895791109938,42:82:F6:CB:7B:27,-101
BLE,1670728895856367411,7B:4C:B7:B8:08:6F,-104
BLE,1670728896061043810,42:82:F6:CB:7B:27,-98
BLE,1670728896080596244,C9:7A:46:95:38:06,-81
BLE,1670728896334793179,42:82:F6:CB:7B:27,-98
BLE,1670728896410879774,7B:4C:B7:B8:08:6F,-102
BLE,1670728896594225218,7B:4C:B7:B8:08:6F,-99
BLE,1670728896776146888,63:DD:A1:67:56:A8,-101
BLE,1670728896777920867,7B:4C:B7:B8:08:6F,-102
BLE,1670728897322545555,63:DD:A1:67:56:A8,-102
BLE,1670728897518399017,7B:4C:B7:B8:08:6F,-100
BLE,1670728897894377295,7B:4C:B7:B8:08:6F,-102
BLE,1670728898080876577,C9:7A:46:95:38:06,-81
BLE,1670728898146161509,63:DD:A1:67:56:A8,-95
BLE,1670728898417343866,63:DD:A1:67:56:A8,-96
BLE,1670728898481154482,54:8B:E4:F8:5F:40,-97
BLE,1670728898822442339,7B:4C:B7:B8:08:6F,-101
BLE,1670728898996360604,54:8B:E4:F8:5F:40,-97
BLE,1670728899006034114,7B:4C:B7:B8:08:6F,-100
BLE,1670728899511790932,54:8B:E4:F8:5F:40,-98
BLE,1670728899522406430,63:DD:A1:67:56:A8,-96
BLE,1670728899593558084,42:82:F6:CB:7B:27,-101
BLE,1670728899867406535,42:82:F6:CB:7B:27,-101
BLE,1670728900033075731,54:8B:E4:F8:5F:40,-100
BLE,1670728900080890079,C9:7A:46:95:38:06,-80
BLE,1670728900546063713,54:8B:E4:F8:5F:40,-99
BLE,1670728900622351722,63:DD:A1:67:56:A8,-98
BLE,1670728900891961307,7B:4C:B7:B8:08:6F,-87
BLE,1670728900896135590,63:DD:A1:67:56:A8,-84
BLE,1670728901078827417,7B:4C:B7:B8:08:6F,-102
BLE,1670728901267237968,7B:4C:B7:B8:08:6F,-90
BLE,1670728901456500300,7B:4C:B7:B8:08:6F,-101
BLE,1670728901637532272,7B:4C:B7:B8:08:6F,-90
BLE,1670728901826996560,7B:4C:B7:B8:08:6F,-88
BLE,1670728901992799838,63:DD:A1:67:56:A8,-97
BLE,1670728902013611965,7B:4C:B7:B8:08:6F,-90
BLE,1670728902268683473,63:DD:A1:67:56:A8,-84
BLE,1670728902758218608,7B:4C:B7:B8:08:6F,-91
BLE,1670728902857435470,42:82:F6:CB:7B:27,-101
BLE,1670728902890350912,54:8B:E4:F8:5F:40,-90
BLE,1670728904087604004,C9:7A:46:95:38:06,-67
BLE,1670728904443887350,54:8B:E4:F8:5F:40,-98
BLE,1670728904620404667,7B:4C:B7:B8:08:6F,-90
BLE,1670728904741198188,63:DD:A1:67:56:A8,-99
BLE,1670728904868399717,C8:B2:1E:C1:4C:16,-100
BLE,1670728904959738839,54:8B:E4:F8:5F:40,-100
BLE,1670728905038701150,42:82:F6:CB:7B:27,-103
BLE,1670728905053570098,D2:ED:7D:20:05:55,-99
BLE,1670728905309968298,42:82:F6:CB:7B:27,-100
BLE,1670728905581203905,42:82:F6:CB:7B:27,-98
BLE,1670728905841268353,63:DD:A1:67:56:A8,-97
BLE,1670728905852476095,42:82:F6:CB:7B:27,-102
BLE,1670728906090251975,7B:4C:B7:B8:08:6F,-101
BLE,1670728906273791750,7B:4C:B7:B8:08:6F,-101
BLE,1670728906944880560,63:DD:A1:67:56:A8,-97
BLE,1670728907215573132,7B:4C:B7:B8:08:6F,-100
BLE,1670728907295693429,54:8B:E4:F8:5F:40,-98
BLE,1670728908086904142,C9:7A:46:95:38:06,-80
BLE,1670728908591271393,63:DD:A1:67:56:A8,-97
BLE,1670728909098980854,54:8B:E4:F8:5F:40,-99
BLE,1670728909622356754,7B:4C:B7:B8:08:6F,-100
BLE,1670728909697368487,63:DD:A1:67:56:A8,-105
BLE,1670728910193819373,42:82:F6:CB:7B:27,-103
BLE,1670728910746847629,7B:4C:B7:B8:08:6F,-101
BLE,1670728911303444425,7B:4C:B7:B8:08:6F,-103
BLE,1670728911354930729,63:DD:A1:67:56:A8,-96
BLE,1670728911625062099,63:DD:A1:67:56:A8,-97
BLE,1670728911895029721,63:DD:A1:67:56:A8,-95
BLE,1670728911909786296,54:8B:E4:F8:5F:40,-96
BLE,1670728911915780724,14:BB:6E:11:32:18,-105
BLE,1670728912097599729,C9:7A:46:95:38:06,-81
BLE,1670728912168696550,63:DD:A1:67:56:A8,-99
BLE,1670728912436730945,7B:4C:B7:B8:08:6F,-103
BLE,1670728912618133870,7B:4C:B7:B8:08:6F,-100
BLE,1670728912677728870,54:8B:E4:F8:5F:40,-98
BLE,1670728912808777103,7B:4C:B7:B8:08:6F,-102
BLE,1670728912998484930,7B:4C:B7:B8:08:6F,-98
BLE,1670728913183844933,42:82:F6:CB:7B:27,-101
BLE,1670728913195144840,54:8B:E4:F8:5F:40,-100
BLE,1670728913267380273,63:DD:A1:67:56:A8,-97
BLE,1670728913375498570,7B:4C:B7:B8:08:6F,-102
BLE,1670728913603785355,14:BB:6E:11:32:18,-101
BLE,1670728914748141785,54:8B:E4:F8:5F:40,-100
BLE,1670728915812883745,7B:4C:B7:B8:08:6F,-103
BLE,1670728916282420660,63:DD:A1:67:56:A8,-86
BLE,1670728916447678528,42:82:F6:CB:7B:27,-89
BLE,1670728916717667483,42:82:F6:CB:7B:27,-89
BLE,1670728916755263369,7B:4C:B7:B8:08:6F,-90
BLE,1670728916939172723,7B:4C:B7:B8:08:6F,-102
BLE,1670728917684820521,7B:4C:B7:B8:08:6F,-99
BLE,1670728918059380940,7B:4C:B7:B8:08:6F,-102
BLE,1670728918217520601,63:DD:A1:67:56:A8,-96
BLE,1670728918988657429,7B:4C:B7:B8:08:6F,-102
BLE,1670728919384274348,54:8B:E4:F8:5F:40,-98
BLE,1670728919923235229,7B:4C:B7:B8:08:6F,-103
BLE,1670728920426038832,63:DD:A1:67:56:A8,-96
BLE,1670728920490163861,7B:4C:B7:B8:08:6F,-100
BLE,1670728920860232501,7B:4C:B7:B8:08:6F,-102
BLE,1670728921253502281,63:DD:A1:67:56:A8,-96
BLE,1670728921450584395,54:8B:E4:F8:5F:40,-98
BLE,1670728921610873864,7B:4C:B7:B8:08:6F,-103
BLE,1670728922356245581,63:DD:A1:67:56:A8,-95
BLE,1670728922718818977,7B:4C:B7:B8:08:6F,-98
BLE,1670728922900855687,7B:4C:B7:B8:08:6F,-101
BLE,1670728922918450477,63:DD:A1:67:56:A8,-96
BLE,1670728923101757172,D2:ED:7D:20:05:55,-102
BLE,1670728923188442599,63:DD:A1:67:56:A8,-96
BLE,1670728923463372246,63:DD:A1:67:56:A8,-97
BLE,1670728923511518756,42:82:F6:CB:7B:27,-100
BLE,1670728923784076681,42:82:F6:CB:7B:27,-100
BLE,1670728924014079737,7B:4C:B7:B8:08:6F,-100
BLE,1670728924017261241,54:8B:E4:F8:5F:40,-98
BLE,1670728924054054803,42:82:F6:CB:7B:27,-101
BLE,1670728924108950900,C9:7A:46:95:38:06,-79
BLE,1670728924324256422,42:82:F6:CB:7B:27,-102
BLE,1670728924536773228,54:8B:E4:F8:5F:40,-98
BLE,1670728924565865424,63:DD:A1:67:56:A8,-99
BLE,1670728924594096463,42:82:F6:CB:7B:27,-100
BLE,1670728924978987426,7B:4C:B7:B8:08:6F,-100
BLE,1670728925398760641,63:DD:A1:67:56:A8,-97
BLE,1670728925569028616,54:8B:E4:F8:5F:40,-99
BLE,1670728925726292746,7B:4C:B7:B8:08:6F,-102
BLE,1670728925955956681,63:DD:A1:67:56:A8,-96
BLE,1670728926100598544,7B:4C:B7:B8:08:6F,-100
BLE,1670728926108795904,C9:7A:46:95:38:06,-79
BLE,1670728926228453481,63:DD:A1:67:56:A8,-96
BLE,1670728926284557730,7B:4C:B7:B8:08:6F,-93
BLE,1670728926335359751,54:8B:E4:F8:5F:40,-98
BLE,1670728926657620501,7B:4C:B7:B8:08:6F,-101
BLE,1670728927022320705,7B:4C:B7:B8:08:6F,-101
BLE,1670728927097790266,54:8B:E4:F8:5F:40,-91
BLE,1670728927104595560,D2:ED:7D:20:05:55,-104
BLE,1670728927204770035,7B:4C:B7:B8:08:6F,-100
BLE,1670728927349429689,54:8B:E4:F8:5F:40,-100
BLE,1670728927584132398,42:82:F6:CB:7B:27,-98
BLE,1670728927599685463,63:DD:A1:67:56:A8,-97
BLE,1670728927854152102,42:82:F6:CB:7B:27,-101
BLE,1670728927866665787,54:8B:E4:F8:5F:40,-98
BLE,1670728928108775907,C9:7A:46:95:38:06,-79
BLE,1670728928124122100,42:82:F6:CB:7B:27,-100
BLE,1670728928397922509,42:82:F6:CB:7B:27,-101
BLE,1670728928456583020,14:BB:6E:11:32:18,-106
BLE,1670728928508834232,7B:4C:B7:B8:08:6F,-100
BLE,1670728928649428143,54:8B:E4:F8:5F:40,-99
BLE,1670728928668128587,42:82:F6:CB:7B:27,-101
BLE,1670728928930773421,14:BB:6E:11:32:18,-106
BLE,1670728929253510666,63:DD:A1:67:56:A8,-93
BLE,1670728929258407358,7B:4C:B7:B8:08:6F,-104
BLE,1670728929815239276,7B:4C:B7:B8:08:6F,-100
BLE,1670728930108618286,C9:7A:46:95:38:06,-80
BLE,1670728930368528487,63:DD:A1:67:56:A8,-97
BLE,1670728930561411859,7B:4C:B7:B8:08:6F,-104
BLE,1670728930742794077,7B:4C:B7:B8:08:6F,-88
BLE,1670728931862530341,7B:4C:B7:B8:08:6F,-101
BLE,1670728932111045760,C9:7A:46:95:38:06,-66
BLE,1670728932234858871,7B:4C:B7:B8:08:6F,-103
BLE,1670728932418533061,7B:4C:B7:B8:08:6F,-90
BLE,1670728932575724608,63:DD:A1:67:56:A8,-96
BLE,1670728932740466940,42:82:F6:CB:7B:27,-103
BLE,1670728933038499020,54:8B:E4:F8:5F:40,-88
BLE,1670728933133751179,63:DD:A1:67:56:A8,-95
BLE,1670728933409939769,63:DD:A1:67:56:A8,-85
BLE,1670728933677035550,63:DD:A1:67:56:A8,-84
BLE,1670728933721597645,7B:4C:B7:B8:08:6F,-101
BLE,1670728933910369566,7B:4C:B7:B8:08:6F,-89
BLE,1670728934091519911,7B:4C:B7:B8:08:6F,-100
BLE,1670728934111122303,C9:7A:46:95:38:06,-68
BLE,1670728934505725860,63:DD:A1:67:56:A8,-95
BLE,1670728934649229611,42:82:F6:CB:7B:27,-101
BLE,1670728934654198427,7B:4C:B7:B8:08:6F,-101
BLE,1670728934846679221,7B:4C:B7:B8:08:6F,-90
BLE,1670728934919231191,42:82:F6:CB:7B:27,-88
BLE,1670728935136117653,D2:ED:7D:20:05:55,-87
BLE,1670728935191717158,42:82:F6:CB:7B:27,-99
BLE,1670728935463194054,42:82:F6:CB:7B:27,-102
BLE,1670728935968431795,7B:4C:B7:B8:08:6F,-100
BLE,1670728936112765036,C9:7A:46:95:38:06,-80
BLE,1670728936148249864,63:DD:A1:67:56:A8,-96
BLE,1670728936420715207,63:DD:A1:67:56:A8,-96
BLE,1670728936706595473,7B:4C:B7:B8:08:6F,-102
BLE,1670728936887912108,7B:4C:B7:B8:08:6F,-101
BLE,1670728937260143430,7B:4C:B7:B8:08:6F,-100
BLE,1670728937521930316,63:DD:A1:67:56:A8,-98
BLE,1670728937629087667,7B:4C:B7:B8:08:6F,-105
BLE,1670728937814246548,7B:4C:B7:B8:08:6F,-99
BLE,1670728938086806348,14:BB:6E:11:32:18,-101
BLE,1670728938113866317,C9:7A:46:95:38:06,-79
BLE,1670728938454441725,42:82:F6:CB:7B:27,-101
BLE,1670728938557956535,7B:4C:B7:B8:08:6F,-88
BLE,1670728938624360329,63:DD:A1:67:56:A8,-85
BLE,1670728938725553125,42:82:F6:CB:7B:27,-92
BLE,1670728938744074071,7B:4C:B7:B8:08:6F,-103
BLE,1670728939124222258,7B:4C:B7:B8:08:6F,-101
BLE,1670728939146266121,D2:ED:7D:20:05:55,-93
BLE,1670728939313813878,7B:4C:B7:B8:08:6F,-95
BLE,1670728939458168369,63:DD:A1:67:56:A8,-85
BLE,1670728939729328810,63:DD:A1:67:56:A8,-85
BLE,1670728940016083733,54:8B:E4:F8:5F:40,-99
BLE,1670728940116332999,C9:7A:46:95:38:06,-65
BLE,1670728940780566306,54:8B:E4:F8:5F:40,-100
BLE,1670728941121898663,63:DD:A1:67:56:A8,-96
BLE,1670728941146493620,D2:ED:7D:20:05:55,-102
BLE,1670728941391839661,63:DD:A1:67:56:A8,-96
BLE,1670728942588546343,14:BB:6E:11:32:18,-101
BLE,1670728942795795419,42:82:F6:CB:7B:27,-101
BLE,1670728943328108296,63:DD:A1:67:56:A8,-97
BLE,1670728943367486744,54:8B:E4:F8:5F:40,-98
BLE,1670728943667660632,14:BB:6E:11:32:18,-102
BLE,1670728943885711122,54:8B:E4:F8:5F:40,-100
BLE,1670728944116979246,C9:7A:46:95:38:06,-81
BLE,1670728944365845994,7B:4C:B7:B8:08:6F,-103
BLE,1670728944433222443,63:DD:A1:67:56:A8,-97
BLE,1670728944436873899,42:82:F6:CB:7B:27,-103
BLE,1670728944707002353,42:82:F6:CB:7B:27,-100
BLE,1670728944979483695,42:82:F6:CB:7B:27,-101
BLE,1670728945126239991,7B:4C:B7:B8:08:6F,-91
BLE,1670728945154116493,D2:ED:7D:20:05:55,-100
BLE,1670728945251970371,42:82:F6:CB:7B:27,-102
BLE,1670728945315601656,7B:4C:B7:B8:08:6F,-105
BLE,1670728945506408553,7B:4C:B7:B8:08:6F,-103
BLE,1670728945521955701,42:82:F6:CB:7B:27,-100
BLE,1670728945792099405,42:82:F6:CB:7B:27,-100
BLE,1670728945805536786,63:DD:A1:67:56:A8,-97
BLE,1670728946119554843,C9:7A:46:95:38:06,-81
BLE,1670728946256219092,7B:4C:B7:B8:08:6F,-101
BLE,1670728946444848765,7B:4C:B7:B8:08:6F,-100
BLE,1670728946905785116,63:DD:A1:67:56:A8,-98
BLE,1670728947429563261,42:82:F6:CB:7B:27,-99
BLE,1670728947716768803,63:DD:A1:67:56:A8,-96
BLE,1670728947756411832,54:8B:E4:F8:5F:40,-98
BLE,1670728947969469839,42:82:F6:CB:7B:27,-100
BLE,1670728947986742925,63:DD:A1:67:56:A8,-96
BLE,1670728948119734843,C9:7A:46:95:38:06,-81
BLE,1670728948131322497,7B:4C:B7:B8:08:6F,-100
BLE,1670728948239500044,42:82:F6:CB:7B:27,-100
BLE,1670728948268479324,54:8B:E4:F8:5F:40,-99
BLE,1670728948509562373,42:82:F6:CB:7B:27,-100
BLE,1670728949037233972,54:8B:E4:F8:5F:40,-101
BLE,1670728949051978338,42:82:F6:CB:7B:27,-99
BLE,1670728949154358829,D2:ED:7D:20:05:55,-99
BLE,1670728949322063625,42:82:F6:CB:7B:27,-89
BLE,1670728949356758588,63:DD:A1:67:56:A8,-96
BLE,1670728949592037289,42:82:F6:CB:7B:27,-102
BLE,1670728949627986612,63:DD:A1:67:56:A8,-85
BLE,1670728950092897665,C8:B2:1E:C1:4C:16,-102
BLE,1670728950122172567,C9:7A:46:95:38:06,-80
BLE,1670728950169249132,63:DD:A1:67:56:A8,-97
BLE,1670728950365125052,7B:4C:B7:B8:08:6F,-101
BLE,1670728950837629932,54:8B:E4:F8:5F:40,-97
BLE,1670728950919606040,7B:4C:B7:B8:08:6F,-101
BLE,1670728951214707905,79:39:39:CC:D8:A4,-99
BLE,1670728951273085419,63:DD:A1:67:56:A8,-97
BLE,1670728951863521354,7B:4C:B7:B8:08:6F,-100
BLE,1670728952053005934,7B:4C:B7:B8:08:6F,-100
BLE,1670728952105858597,63:DD:A1:67:56:A8,-96
BLE,1670728952121852156,C9:7A:46:95:38:06,-79
BLE,1670728952425057050,7B:4C:B7:B8:08:6F,-98
BLE,1670728952854564149,42:82:F6:CB:7B:27,-102
BLE,1670728952934541240,63:DD:A1:67:56:A8,-94
BLE,1670728952988927510,7B:4C:B7:B8:08:6F,-100
BLE,1670728953164393006,D2:ED:7D:20:05:55,-98
BLE,1670728953179503284,7B:4C:B7:B8:08:6F,-101
BLE,1670728953208098944,63:DD:A1:67:56:A8,-96
BLE,1670728953423830087,54:8B:E4:F8:5F:40,-97
BLE,1670728953940226486,7B:4C:B7:B8:08:6F,-103
BLE,1670728954122131281,C9:7A:46:95:38:06,-79
BLE,1670728954188238119,54:8B:E4:F8:5F:40,-100
BLE,1670728954498115350,7B:4C:B7:B8:08:6F,-99
BLE,1670728955054433191,7B:4C:B7:B8:08:6F,-101
BLE,1670728955246785778,C8:B2:1E:C1:4C:16,-100
BLE,1670728955739249962,54:8B:E4:F8:5F:40,-99
BLE,1670728955953316541,63:DD:A1:67:56:A8,-97
BLE,1670728956119782103,42:82:F6:CB:7B:27,-99
BLE,1670728956719005475,7B:4C:B7:B8:08:6F,-102
BLE,1670728956906257665,7B:4C:B7:B8:08:6F,-97
BLE,1670728957051761434,63:DD:A1:67:56:A8,-96
BLE,1670728957282592563,7B:4C:B7:B8:08:6F,-101
BLE,1670728957487220712,42:82:F6:CB:7B:27,-102
BLE,1670728957541082572,54:8B:E4:F8:5F:40,-101
BLE,1670728957760946832,42:82:F6:CB:7B:27,-102
BLE,1670728957841759995,7B:4C:B7:B8:08:6F,-101
BLE,1670728958024558029,7B:4C:B7:B8:08:6F,-101
BLE,1670728958057729927,54:8B:E4:F8:5F:40,-100
BLE,1670728958154302320,63:DD:A1:67:56:A8,-98
BLE,1670728958425568176,63:DD:A1:67:56:A8,-96
BLE,1670728958968510718,7B:4C:B7:B8:08:6F,-100
BLE,1670728959177582440,D2:ED:7D:20:05:55,-100
BLE,1670728959244263147,63:DD:A1:67:56:A8,-105
BLE,1670728959801746182,63:DD:A1:67:56:A8,-98
BLE,1670728960071710388,63:DD:A1:67:56:A8,-97
BLE,1670728960400902847,C8:B2:1E:C1:4C:16,-102
BLE,1670728960644830946,54:8B:E4:F8:5F:40,-97
BLE,1670728960829082671,7B:4C:B7:B8:08:6F,-88
BLE,1670728960899313210,63:DD:A1:67:56:A8,-87
BLE,1670728961019772569,42:82:F6:CB:7B:27,-100
BLE,1670728961173057038,63:DD:A1:67:56:A8,-94
BLE,1670728961177327154,D2:ED:7D:20:05:55,-89
BLE,1670728961733046335,63:DD:A1:67:56:A8,-87
BLE,1670728962122383579,7B:4C:B7:B8:08:6F,-91
BLE,1670728962197423353,54:8B:E4:F8:5F:40,-90
BLE,1670728962310826296,7B:4C:B7:B8:08:6F,-101
BLE,1670728962493491915,7B:4C:B7:B8:08:6F,-91
BLE,1670728962863783760,7B:4C:B7:B8:08:6F,-93
BLE,1670728963239342502,7B:4C:B7:B8:08:6F,-92
BLE,1670728963376952907,63:DD:A1:67:56:A8,-84
BLE,1670728963646787197,63:DD:A1:67:56:A8,-96
BLE,1670728964001421604,54:8B:E4:F8:5F:40,-88
BLE,1670728964011054906,42:82:F6:CB:7B:27,-91
BLE,1670728964128232887,C9:7A:46:95:38:06,-66
BLE,1670728964518348622,54:8B:E4:F8:5F:40,-86
BLE,1670728964556069881,42:82:F6:CB:7B:27,-100
BLE,1670728964735822202,7B:4C:B7:B8:08:6F,-91
BLE,1670728965037119493,54:8B:E4:F8:5F:40,-97
BLE,1670728965554629921,54:8B:E4:F8:5F:40,-98
BLE,1670728965850689607,7B:4C:B7:B8:08:6F,-101
BLE,1670728966132159218,C9:7A:46:95:38:06,-79
BLE,1670728966317143476,54:8B:E4:F8:5F:40,-102
BLE,1670728966417082329,7B:4C:B7:B8:08:6F,-99
BLE,1670728966663334191,63:DD:A1:67:56:A8,-96
BLE,1670728966833148713,54:8B:E4:F8:5F:40,-102
BLE,1670728966984797159,7B:4C:B7:B8:08:6F,-100
BLE,1670728967495638000,63:DD:A1:67:56:A8,-97
BLE,1670728967546152524,42:82:F6:CB:7B:27,-98
BLE,1670728967728567604,7B:4C:B7:B8:08:6F,-100
BLE,1670728967816144438,42:82:F6:CB:7B:27,-101
BLE,1670728968087383586,42:82:F6:CB:7B:27,-98
BLE,1670728968131939889,C9:7A:46:95:38:06,-80
BLE,1670728968140344123,54:8B:E4:F8:5F:40,-102
BLE,1670728968325501004,63:DD:A1:67:56:A8,-98
BLE,1670728968630066881,42:82:F6:CB:7B:27,-101
BLE,1670728969416684316,7B:4C:B7:B8:08:6F,-102
BLE,1670728969422827285,54:8B:E4:F8:5F:40,-98
BLE,1670728969696736402,63:DD:A1:67:56:A8,-86
BLE,1670728969789509840,7B:4C:B7:B8:08:6F,-99
BLE,1670728969859133262,14:BB:6E:11:32:18,-100
BLE,1670728969966710482,63:DD:A1:67:56:A8,-97
BLE,1670728970137028373,C9:7A:46:95:38:06,-80
BLE,1670728970157844459,7B:4C:B7:B8:08:6F,-103
BLE,1670728970344621071,7B:4C:B7:B8:08:6F,-104
BLE,1670728970807536731,42:82:F6:CB:7B:27,-101
BLE,1670728971079952116,42:82:F6:CB:7B:27,-100
BLE,1670728971350094528,42:82:F6:CB:7B:27,-99
BLE,1670728971462249819,7B:4C:B7:B8:08:6F,-101
BLE,1670728971612908610,63:DD:A1:67:56:A8,-98
BLE,1670728971892567575,42:82:F6:CB:7B:27,-100
BLE,1670728972139729802,C9:7A:46:95:38:06,-79
BLE,1670728972205910015,7B:4C:B7:B8:08:6F,-99
BLE,1670728972758721564,7B:4C:B7:B8:08:6F,-99
BLE,1670728973127231473,7B:4C:B7:B8:08:6F,-101
BLE,1670728973313003180,7B:4C:B7:B8:08:6F,-100
BLE,1670728973501006110,7B:4C:B7:B8:08:6F,-103
BLE,1670728974139882094,C9:7A:46:95:38:06,-79
BLE,1670728974252519088,7B:4C:B7:B8:08:6F,-100
BLE,1670728974356733473,63:DD:A1:67:56:A8,-98
BLE,1670728974644400510,7B:4C:B7:B8:08:6F,-101
BLE,1670728975015049601,7B:4C:B7:B8:08:6F,-101
BLE,1670728975153910158,42:82:F6:CB:7B:27,-100
BLE,1670728975206619489,D2:ED:7D:20:05:55,-102
BLE,1670728975394070926,7B:4C:B7:B8:08:6F,-99
BLE,1670728975417271650,14:BB:6E:11:32:18,-103
BLE,1670728975425056933,42:82:F6:CB:7B:27,-101
BLE,1670728975456613974,63:DD:A1:67:56:A8,-96
BLE,1670728975729349688,63:DD:A1:67:56:A8,-84
BLE,1670728975960642354,7B:4C:B7:B8:08:6F,-92
BLE,1670728976143406763,C9:7A:46:95:38:06,-79
BLE,1670728976291692249,63:DD:A1:67:56:A8,-97
BLE,1670728976334566698,7B:4C:B7:B8:08:6F,-90
BLE,1670728976550376881,79:39:39:CC:D8:A4,-90
BLE,1670728976832911228,63:DD:A1:67:56:A8,-84
BLE,1670728977162442100,54:8B:E4:F8:5F:40,-88
BLE,1670728977456589435,7B:4C:B7:B8:08:6F,-89
BLE,1670728977640789536,7B:4C:B7:B8:08:6F,-101
BLE,1670728977921568821,63:DD:A1:67:56:A8,-107
BLE,1670728978143909010,C9:7A:46:95:38:06,-79
BLE,1670728978189965003,7B:4C:B7:B8:08:6F,-100
BLE,1670728978201708572,63:DD:A1:67:56:A8,-100
BLE,1670728979212018055,D2:ED:7D:20:05:55,-90
BLE,1670728979222626512,42:82:F6:CB:7B:27,-90
BLE,1670728979576427179,14:BB:6E:11:32:18,-91
BLE,1670728979688816509,7B:4C:B7:B8:08:6F,-86
BLE,1670728979766345878,42:82:F6:CB:7B:27,-100
BLE,1670728979849057769,63:DD:A1:67:56:A8,-96
BLE,1670728979875101418,7B:4C:B7:B8:08:6F,-90
BLE,1670728980036339667,42:82:F6:CB:7B:27,-89
BLE,1670728980119085891,63:DD:A1:67:56:A8,-88
BLE,1670728980306480537,42:82:F6:CB:7B:27,-88
BLE,1670728980511910468,5A:DB:DB:C4:23:38,-99
BLE,1670728980814443453,7B:4C:B7:B8:08:6F,-100
BLE,1670728981218044527,63:DD:A1:67:56:A8,-96
BLE,1670728981558533227,7B:4C:B7:B8:08:6F,-100
BLE,1670728982144302343,C9:7A:46:95:38:06,-82
BLE,1670728982213912974,42:82:F6:CB:7B:27,-100
BLE,1670728982313415915,5A:DB:DB:C4:23:38,-99
BLE,1670728982485156539,42:82:F6:CB:7B:27,-100
BLE,1670728982488457208,7B:4C:B7:B8:08:6F,-100
BLE,1670728982675967103,7B:4C:B7:B8:08:6F,-99
BLE,1670728982759005865,42:82:F6:CB:7B:27,-100
BLE,1670728982829808481,5A:DB:DB:C4:23:38,-99
BLE,1670728982862192096,7B:4C:B7:B8:08:6F,-99
BLE,1670728983239232694,7B:4C:B7:B8:08:6F,-102
BLE,1670728983607457148,7B:4C:B7:B8:08:6F,-99
BLE,1670728983695187063,63:DD:A1:67:56:A8,-96
BLE,1670728983988654822,7B:4C:B7:B8:08:6F,-97
BLE,1670728984300364239,5D:30:BE:7C:85:23,-97
BLE,1670728984568999086,5D:30:BE:7C:85:23,-96
BLE,1670728984840194110,5D:30:BE:7C:85:23,-97
BLE,1670728984937966822,42:82:F6:CB:7B:27,-101
BLE,1670728985207839529,42:82:F6:CB:7B:27,-97
BLE,1670728985223600258,D2:ED:7D:20:05:55,-100
BLE,1670728985307338470,7B:4C:B7:B8:08:6F,-105
BLE,1670728985482952840,42:82:F6:CB:7B:27,-103
BLE,1670728985491488572,7B:4C:B7:B8:08:6F,-102
BLE,1670728985679294671,7B:4C:B7:B8:08:6F,-101
BLE,1670728985766232595,14:BB:6E:11:32:18,-102
BLE,1670728986056846513,7B:4C:B7:B8:08:6F,-99
BLE,1670728986238158732,7B:4C:B7:B8:08:6F,-99
BLE,1670728986682490905,5A:DB:DB:C4:23:38,-104
BLE,1670728986800798165,7B:4C:B7:B8:08:6F,-90
BLE,1670728987166114903,7B:4C:B7:B8:08:6F,-103
BLE,1670728987318985834,5D:30:BE:7C:85:23,-96
BLE,1670728987719898690,7B:4C:B7:B8:08:6F,-90
BLE,1670728987903671005,7B:4C:B7:B8:08:6F,-101
BLE,1670728988094097239,7B:4C:B7:B8:08:6F,-101
BLE,1670728988418941667,5D:30:BE:7C:85:23,-95
BLE,1670728988688964956,5D:30:BE:7C:85:23,-97
BLE,1670728988739008110,42:82:F6:CB:7B:27,-102
BLE,1670728989014056339,42:82:F6:CB:7B:27,-104
BLE,1670728989525422215,5D:30:BE:7C:85:23,-96
BLE,1670728989942452213,7B:4C:B7:B8:08:6F,-90
BLE,1670728990131671670,7B:4C:B7:B8:08:6F,-89
BLE,1670728990156357793,C9:7A:46:95:38:06,-66
BLE,1670728990304921776,6C:FB:F0:C6:FB:FB,-89
BLE,1670728990869754433,7B:4C:B7:B8:08:6F,-101
BLE,1670728990921573191,42:82:F6:CB:7B:27,-90
BLE,1670728991058098651,7B:4C:B7:B8:08:6F,-89
BLE,1670728991070290006,6C:FB:F0:C6:FB:FB,-85
BLE,1670728991191583938,42:82:F6:CB:7B:27,-89
BLE,1670728991431857455,7B:4C:B7:B8:08:6F,-87
BLE,1670728991617416289,7B:4C:B7:B8:08:6F,-99
BLE,1670728991734359190,42:82:F6:CB:7B:27,-88
BLE,1670728991852844239,6C:FB:F0:C6:FB:FB,-89
BLE,1670728991996892526,5D:30:BE:7C:85:23,-97
BLE,1670728992160235041,C9:7A:46:95:38:06,-68
BLE,1670728992278186555,42:82:F6:CB:7B:27,-86
BLE,1670728992373186925,6C:FB:F0:C6:FB:FB,-99
BLE,1670728992887201561,6C:FB:F0:C6:FB:FB,-100
BLE,1670728993243472656,D2:ED:7D:20:05:55,-101
BLE,1670728993282327611,7B:4C:B7:B8:08:6F,-88
BLE,1670728993368832832,5D:30:BE:7C:85:23,-84
BLE,1670728993850112857,7B:4C:B7:B8:08:6F,-102
BLE,1670728994162899762,C9:7A:46:95:38:06,-65
BLE,1670728994218562558,7B:4C:B7:B8:08:6F,-101
BLE,1670728994399418574,7B:4C:B7:B8:08:6F,-94
BLE,1670728994443223386,6C:FB:F0:C6:FB:FB,-99
BLE,1670728994451930907,14:BB:6E:11:32:18,-94
BLE,1670728994471306219,5D:30:BE:7C:85:23,-85
BLE,1670728994784471577,7B:4C:B7:B8:08:6F,-90
BLE,1670728994968182058,7B:4C:B7:B8:08:6F,-100
BLE,1670728994995374110,42:82:F6:CB:7B:27,-90
BLE,1670728995528472102,7B:4C:B7:B8:08:6F,-89
BLE,1670728995536642380,42:82:F6:CB:7B:27,-89
BLE,1670728995808097610,42:82:F6:CB:7B:27,-87
BLE,1670728996079262634,42:82:F6:CB:7B:27,-102
BLE,1670728996243363057,6C:FB:F0:C6:FB:FB,-87
BLE,1670728996407590937,5D:30:BE:7C:85:23,-84
BLE,1670728997016271239,7B:4C:B7:B8:08:6F,-99
BLE,1670728997488844160,5D:30:BE:7C:85:23,-97
BLE,1670728997942597512,7B:4C:B7:B8:08:6F,-98
BLE,1670728998166562265,C9:7A:46:95:38:06,-80
BLE,1670728998530784683,42:82:F6:CB:7B:27,-99
BLE,1670728998590059894,5D:30:BE:7C:85:23,-96
BLE,1670728998801805751,42:82:F6:CB:7B:27,-102
BLE,1670728998879432661,7B:4C:B7:B8:08:6F,-90
BLE,1670728999248214149,7B:4C:B7:B8:08:6F,-102
BLE,1670728999341806328,42:82:F6:CB:7B:27,-99
BLE,1670728999611801700,42:82:F6:CB:7B:27,-99
BLE,1670728999623610392,7B:4C:B7:B8:08:6F,-99
BLE,1670728999881792238,42:82:F6:CB:7B:27,-102
BLE,1670729000151793110,42:82:F6:CB:7B:27,-99
BLE,1670729000170381722,C9:7A:46:95:38:06,-79
BLE,1670729000421857523,42:82:F6:CB:7B:27,-88
BLE,1670729000550061164,7B:4C:B7:B8:08:6F,-103
BLE,1670729001066533604,5D:30:BE:7C:85:23,-97
BLE,1670729001297598939,7B:4C:B7:B8:08:6F,-100
BLE,1670729001395909728,6C:FB:F0:C6:FB:FB,-99
BLE,1670729001490136191,7B:4C:B7:B8:08:6F,-102
BLE,1670729001862553178,7B:4C:B7:B8:08:6F,-100
BLE,1670729001896207111,5D:30:BE:7C:85:23,-95
BLE,1670729001912888829,6C:FB:F0:C6:FB:FB,-98
BLE,1670729002170269143,5D:30:BE:7C:85:23,-97
BLE,1670729002417823740,7B:4C:B7:B8:08:6F,-103
BLE,1670729002429040856,6C:FB:F0:C6:FB:FB,-100
BLE,1670729002605379259,7B:4C:B7:B8:08:6F,-103
BLE,1670729002984287293,7B:4C:B7:B8:08:6F,-100
BLE,1670729002999979982,5D:30:BE:7C:85:23,-94
BLE,1670729003139394240,42:82:F6:CB:7B:27,-102
BLE,1670729003270396057,5D:30:BE:7C:85:23,-97
BLE,1670729003354934843,7B:4C:B7:B8:08:6F,-102
BLE,1670729003357957474,14:BB:6E:11:32:18,-102
BLE,1670729003409447986,42:82:F6:CB:7B:27,-101
BLE,1670729003516768585,14:BB:6E:11:32:18,-101
BLE,1670729003538195163,7B:4C:B7:B8:08:6F,-99
BLE,1670729003539980434,5D:30:BE:7C:85:23,-97
BLE,1670729003680701552,42:82:F6:CB:7B:27,-101
BLE,1670729003812554483,5D:30:BE:7C:85:23,-97
BLE,1670729003962304160,6C:FB:F0:C6:FB:FB,-98
BLE,1670729004082548563,5D:30:BE:7C:85:23,-96
BLE,1670729004480821826,6C:FB:F0:C6:FB:FB,-98
BLE,1670729004992686488,6C:FB:F0:C6:FB:FB,-100
BLE,1670729005211083765,7B:4C:B7:B8:08:6F,-101
BLE,1670729005721734233,5D:30:BE:7C:85:23,-85
BLE,1670729005774745102,7B:4C:B7:B8:08:6F,-99
BLE,1670729005863269174,42:82:F6:CB:7B:27,-87
BLE,1670729006175007091,C9:7A:46:95:38:06,-66
BLE,1670729006404538194,42:82:F6:CB:7B:27,-87
BLE,1670729006540215289,5D:30:BE:7C:85:23,-91
BLE,1670729006548797353,6C:FB:F0:C6:FB:FB,-88
BLE,1670729006905507485,7B:4C:B7:B8:08:6F,-87
BLE,1670729007097476702,7B:4C:B7:B8:08:6F,-99
BLE,1670729007282433919,7B:4C:B7:B8:08:6F,-90
BLE,1670729007463969551,7B:4C:B7:B8:08:6F,-101
BLE,1670729007635054349,5D:30:BE:7C:85:23,-95
BLE,1670729008176566992,C9:7A:46:95:38:06,-81
BLE,1670729008349801014,6C:FB:F0:C6:FB:FB,-99
BLE,1670729008581495675,7B:4C:B7:B8:08:6F,-99
BLE,1670729009010061619,5D:30:BE:7C:85:23,-95
BLE,1670729009124554466,42:82:F6:CB:7B:27,-98
BLE,1670729009141510931,7B:4C:B7:B8:08:6F,-100
BLE,1670729009292750548,D2:ED:7D:20:05:55,-101
BLE,1670729009399475446,42:82:F6:CB:7B:27,-99
BLE,1670729010112783003,5D:30:BE:7C:85:23,-97
BLE,1670729010177717314,C9:7A:46:95:38:06,-81
BLE,1670729010663536035,6C:FB:F0:C6:FB:FB,-100
BLE,1670729010671507940,5D:30:BE:7C:85:23,-97
BLE,1670729011182717193,7B:4C:B7:B8:08:6F,-102
BLE,1670729011303350217,D2:ED:7D:20:05:55,-102
BLE,1670729011699099551,6C:FB:F0:C6:FB:FB,-97
BLE,1670729012120157876,7B:4C:B7:B8:08:6F,-102
BLE,1670729012180137621,C9:7A:46:95:38:06,-80
BLE,1670729012501418591,7B:4C:B7:B8:08:6F,-89
BLE,1670729012659664792,42:82:F6:CB:7B:27,-98
BLE,1670729012682496021,7B:4C:B7:B8:08:6F,-101
BLE,1670729012734385737,6C:FB:F0:C6:FB:FB,-100
BLE,1670729012864964558,7B:4C:B7:B8:08:6F,-103
BLE,1670729012929591998,42:82:F6:CB:7B:27,-99
BLE,1670729013053256277,7B:4C:B7:B8:08:6F,-100
BLE,1670729013235160447,7B:4C:B7:B8:08:6F,-102
BLE,1670729013416461415,7B:4C:B7:B8:08:6F,-100
BLE,1670729013770889908,6C:FB:F0:C6:FB:FB,-97
BLE,1670729013958787923,5D:30:BE:7C:85:23,-96
BLE,1670729014185414686,C9:7A:46:95:38:06,-81
BLE,1670729014347717547,7B:4C:B7:B8:08:6F,-90
BLE,1670729014645029552,C8:B2:1E:C1:4C:16,-102
BLE,1670729014839673653,42:82:F6:CB:7B:27,-99
BLE,1670729014904138845,7B:4C:B7:B8:08:6F,-100
BLE,1670729015114584175,42:82:F6:CB:7B:27,-99
BLE,1670729015271807013,7B:4C:B7:B8:08:6F,-102
BLE,1670729015312709027,D2:ED:7D:20:05:55,-99
BLE,1670729015327524726,5D:30:BE:7C:85:23,-94
BLE,1670729015384577797,42:82:F6:CB:7B:27,-98
BLE,1670729015649583895,7B:4C:B7:B8:08:6F,-101
BLE,1670729016090365319,6C:FB:F0:C6:FB:FB,-88
BLE,1670729016161304141,5D:30:BE:7C:85:23,-97
BLE,1670729016208487164,7B:4C:B7:B8:08:6F,-100
BLE,1670729016395176735,7B:4C:B7:B8:08:6F,-87
BLE,1670729016435724877,5D:30:BE:7C:85:23,-95
BLE,1670729016705031549,5D:30:BE:7C:85:23,-85
BLE,1670729017009340055,42:82:F6:CB:7B:27,-90
BLE,1670729017143131921,7B:4C:B7:B8:08:6F,-100
BLE,1670729017892730880,7B:4C:B7:B8:08:6F,-97
BLE,1670729018073766685,5D:30:BE:7C:85:23,-95
BLE,1670729018076497194,7B:4C:B7:B8:08:6F,-103
BLE,1670729018188946399,C9:7A:46:95:38:06,-80
BLE,1670729018261557243,7B:4C:B7:B8:08:6F,-101
BLE,1670729018372203427,42:82:F6:CB:7B:27,-98
BLE,1670729018646471207,42:82:F6:CB:7B:27,-98
BLE,1670729018677934749,6C:FB:F0:C6:FB:FB,-100
BLE,1670729018825349412,7B:4C:B7:B8:08:6F,-101
BLE,1670729019208000361,7B:4C:B7:B8:08:6F,-100
BLE,1670729019707349546,6C:FB:F0:C6:FB:FB,-101
BLE,1670729019718754619,5D:30:BE:7C:85:23,-96
BLE,1670729020139011120,7B:4C:B7:B8:08:6F,-107
BLE,1670729020192815022,C9:7A:46:95:38:06,-81
BLE,1670729020550162230,5D:30:BE:7C:85:23,-84
BLE,1670729020706486537,7B:4C:B7:B8:08:6F,-89
BLE,1670729020726149428,6C:FB:F0:C6:FB:FB,-98
BLE,1670729021240598892,6C:FB:F0:C6:FB:FB,-97
BLE,1670729021382552412,5D:30:BE:7C:85:23,-84
BLE,1670729021451065597,7B:4C:B7:B8:08:6F,-88
BLE,1670729021634769204,42:82:F6:CB:7B:27,-87
BLE,1670729021654788215,5D:30:BE:7C:85:23,-84
BLE,1670729021904782159,42:82:F6:CB:7B:27,-96
BLE,1670729022177264626,42:82:F6:CB:7B:27,-86
BLE,1670729022193871012,7B:4C:B7:B8:08:6F,-90
BLE,1670729022195333244,C9:7A:46:95:38:06,-67
BLE,1670729022275427917,6C:FB:F0:C6:FB:FB,-87
BLE,1670729022378746271,7B:4C:B7:B8:08:6F,-102
BLE,1670729022449680011,42:82:F6:CB:7B:27,-99
BLE,1670729022760164401,7B:4C:B7:B8:08:6F,-100
BLE,1670729023047476067,5D:30:BE:7C:85:23,-84
BLE,1670729023264310529,42:82:F6:CB:7B:27,-92
BLE,1670729023317388606,5D:30:BE:7C:85:23,-85
BLE,1670729023406239674,14:BB:6E:11:32:18,-91
BLE,1670729023556584386,6C:FB:F0:C6:FB:FB,-89
BLE,1670729023589770033,5D:30:BE:7C:85:23,-96
BLE,1670729023676717249,7B:4C:B7:B8:08:6F,-92
BLE,1670729023859816113,5D:30:BE:7C:85:23,-95
BLE,1670729024196628773,C9:7A:46:95:38:06,-67
BLE,1670729024241681154,7B:4C:B7:B8:08:6F,-102
BLE,1670729024687404019,5D:30:BE:7C:85:23,-96
BLE,1670729024799404103,7B:4C:B7:B8:08:6F,-90
BLE,1670729024964860135,5D:30:BE:7C:85:23,-94
BLE,1670729024981310606,7B:4C:B7:B8:08:6F,-99
BLE,1670729025377721266,6C:FB:F0:C6:FB:FB,-100
BLE,1670729025544715446,7B:4C:B7:B8:08:6F,-99
BLE,1670729025707461511,42:82:F6:CB:7B:27,-98
BLE,1670729025924876758,7B:4C:B7:B8:08:6F,-102
BLE,1670729025981104464,42:82:F6:CB:7B:27,-99
BLE,1670729026108002246,7B:4C:B7:B8:08:6F,-99
BLE,1670729026198035467,C9:7A:46:95:38:06,-82
BLE,1670729026800396802,42:82:F6:CB:7B:27,-104
BLE,1670729027226778814,7B:4C:B7:B8:08:6F,-102
BLE,1670729027597808067,7B:4C:B7:B8:08:6F,-100
BLE,1670729027890241047,42:82:F6:CB:7B:27,-100
BLE,1670729027975469742,7B:4C:B7:B8:08:6F,-100
BLE,1670729028161171283,42:82:F6:CB:7B:27,-101
BLE,1670729028198041636,C9:7A:46:95:38:06,-81
BLE,1670729028433638959,42:82:F6:CB:7B:27,-97
BLE,1670729029084120513,7B:4C:B7:B8:08:6F,-101
BLE,1670729029097494479,5D:30:BE:7C:85:23,-84
BLE,1670729029268003493,7B:4C:B7:B8:08:6F,-99
BLE,1670729029357289222,D2:ED:7D:20:05:55,-102
BLE,1670729029369003500,5D:30:BE:7C:85:23,-97
BLE,1670729029453814991,7B:4C:B7:B8:08:6F,-100
BLE,1670729029638173881,7B:4C:B7:B8:08:6F,-102
BLE,1670729029767441927,6C:FB:F0:C6:FB:FB,-98
BLE,1670729030107804504,C8:B2:1E:C1:4C:16,-102
BLE,1670729030197888432,C9:7A:46:95:38:06,-79
BLE,1670729030384667710,7B:4C:B7:B8:08:6F,-100
BLE,1670729030534236515,6C:FB:F0:C6:FB:FB,-99
BLE,1670729030565809973,7B:4C:B7:B8:08:6F,-102
BLE,1670729030947362642,7B:4C:B7:B8:08:6F,-100
BLE,1670729031423697935,42:82:F6:CB:7B:27,-100
BLE,1670729031512432796,7B:4C:B7:B8:08:6F,-98
BLE,1670729031836240361,6C:FB:F0:C6:FB:FB,-99
BLE,1670729032136930785,5D:30:BE:7C:85:23,-96
BLE,1670729032198174473,C9:7A:46:95:38:06,-79
BLE,1670729032259936822,7B:4C:B7:B8:08:6F,-101
BLE,1670729032817847602,7B:4C:B7:B8:08:6F,-106
BLE,1670729033009633696,7B:4C:B7:B8:08:6F,-103
BLE,1670729033066200148,42:82:F6:CB:7B:27,-100
BLE,1670729033241140609,5D:30:BE:7C:85:23,-97
BLE,1670729033337435463,42:82:F6:CB:7B:27,-98
BLE,1670729033607437627,42:82:F6:CB:7B:27,-97
BLE,1670729033753619263,7B:4C:B7:B8:08:6F,-102
BLE,1670729033939199806,7B:4C:B7:B8:08:6F,-100
BLE,1670729034122928037,7B:4C:B7:B8:08:6F,-101
BLE,1670729034198099268,C9:7A:46:95:38:06,-79
BLE,1670729034307959253,7B:4C:B7:B8:08:6F,-103
BLE,1670729034613684241,5D:30:BE:7C:85:23,-97
BLE,1670729034866798481,7B:4C:B7:B8:08:6F,-113
BLE,1670729035057461296,7B:4C:B7:B8:08:6F,-103
BLE,1670729035625782661,7B:4C:B7:B8:08:6F,-101
BLE,1670729035728857685,6C:FB:F0:C6:FB:FB,-87
BLE,1670729035787480988,42:82:F6:CB:7B:27,-87
BLE,1670729036062414343,42:82:F6:CB:7B:27,-100
BLE,1670729036184687222,7B:4C:B7:B8:08:6F,-89
BLE,1670729036200401951,C9:7A:46:95:38:06,-68
BLE,1670729036255182925,5D:30:BE:7C:85:23,-85
BLE,1670729036743222578,7B:4C:B7:B8:08:6F,-100
BLE,1670729037084695350,5D:30:BE:7C:85:23,-86
BLE,1670729037357280899,5D:30:BE:7C:85:23,-85
BLE,1670729037394233168,D2:ED:7D:20:05:55,-101
BLE,1670729037630922561,5D:30:BE:7C:85:23,-85
BLE,1670729038177318395,5D:30:BE:7C:85:23,-92
BLE,1670729038200282247,C9:7A:46:95:38:06,-79
BLE,1670729038241269093,42:82:F6:CB:7B:27,-88
BLE,1670729038422774184,7B:4C:B7:B8:08:6F,-101
BLE,1670729038458351636,5D:30:BE:7C:85:23,-97
BLE,1670729038511245340,42:82:F6:CB:7B:27,-89
BLE,1670729039291155855,5D:30:BE:7C:85:23,-95
BLE,1670729039564677268,5D:30:BE:7C:85:23,-96
BLE,1670729039744309048,7B:4C:B7:B8:08:6F,-92
BLE,1670729040113132244,7B:4C:B7:B8:08:6F,-102
BLE,1670729040200388373,C9:7A:46:95:38:06,-79
BLE,1670729040395866131,5D:30:BE:7C:85:23,-96
BLE,1670729040636829765,6C:FB:F0:C6:FB:FB,-97
BLE,1670729040664404396,7B:4C:B7:B8:08:6F,-87
BLE,1670729040668373390,5D:30:BE:7C:85:23,-85
BLE,1670729041774178404,42:82:F6:CB:7B:27,-87
BLE,1670729042043891945,42:82:F6:CB:7B:27,-98
BLE,1670729042201635944,C9:7A:46:95:38:06,-80
BLE,1670729042307028941,5D:30:BE:7C:85:23,-86
BLE,1670729042313823318,42:82:F6:CB:7B:27,-89
BLE,1670729042336296759,7B:4C:B7:B8:08:6F,-101
BLE,1670729042583823981,42:82:F6:CB:7B:27,-89
BLE,1670729042849493738,5D:30:BE:7C:85:23,-97
BLE,1670729042902577273,7B:4C:B7:B8:08:6F,-94
BLE,1670729043987585326,6C:FB:F0:C6:FB:FB,-99
BLE,1670729044219687398,5D:30:BE:7C:85:23,-95
BLE,1670729044763353849,5D:30:BE:7C:85:23,-85
BLE,1670729044967887541,7B:4C:B7:B8:08:6F,-100
BLE,1670729045033269430,5D:30:BE:7C:85:23,-95
BLE,1670729045035118491,42:82:F6:CB:7B:27,-97
BLE,1670729045305152571,42:82:F6:CB:7B:27,-96
BLE,1670729045578889398,42:82:F6:CB:7B:27,-98
BLE,1670729045590716424,5D:30:BE:7C:85:23,-95
BLE,1670729045727096427,7B:4C:B7:B8:08:6F,-101
BLE,1670729045850127963,42:82:F6:CB:7B:27,-100
BLE,1670729045864424460,5D:30:BE:7C:85:23,-95
BLE,1670729045916792921,7B:4C:B7:B8:08:6F,-101
BLE,1670729046247789358,14:BB:6E:11:32:18,-102
BLE,1670729046308510845,6C:FB:F0:C6:FB:FB,-101
BLE,1670729046476910966,7B:4C:B7:B8:08:6F,-100
BLE,1670729046821790698,6C:FB:F0:C6:FB:FB,-100
BLE,1670729046965692194,5D:30:BE:7C:85:23,-94
BLE,1670729047580867794,7B:4C:B7:B8:08:6F,-103
BLE,1670729047760202911,42:82:F6:CB:7B:27,-97
BLE,1670729047766770541,7B:4C:B7:B8:08:6F,-101
BLE,1670729047795005872,5D:30:BE:7C:85:23,-97
BLE,1670729048030499904,42:82:F6:CB:7B:27,-100
BLE,1670729048068184956,5D:30:BE:7C:85:23,-94
BLE,1670729048103091832,6C:FB:F0:C6:FB:FB,-100
BLE,1670729048209202695,C9:7A:46:95:38:06,-79
BLE,1670729048300194113,42:82:F6:CB:7B:27,-98
BLE,1670729048316714874,7B:4C:B7:B8:08:6F,-102
BLE,1670729049626794250,7B:4C:B7:B8:08:6F,-102
BLE,1670729050275975695,5D:30:BE:7C:85:23,-96
BLE,1670729050545783777,5D:30:BE:7C:85:23,-97
BLE,1670729050938393149,6C:FB:F0:C6:FB:FB,-98
BLE,1670729051130673154,7B:4C:B7:B8:08:6F,-89
BLE,1670729051315755910,7B:4C:B7:B8:08:6F,-100
BLE,1670729051831499442,42:82:F6:CB:7B:27,-97
BLE,1670729051868281547,7B:4C:B7:B8:08:6F,-89
BLE,1670729052101485106,42:82:F6:CB:7B:27,-89
BLE,1670729052205696908,5D:30:BE:7C:85:23,-96
BLE,1670729052213161028,C9:7A:46:95:38:06,-68
BLE,1670729052235880008,7B:4C:B7:B8:08:6F,-91
BLE,1670729052373271082,42:82:F6:CB:7B:27,-88
BLE,1670729052612546152,7B:4C:B7:B8:08:6F,-90
BLE,1670729052643066998,42:82:F6:CB:7B:27,-89
BLE,1670729052797481203,7B:4C:B7:B8:08:6F,-100
BLE,1670729052914136773,42:82:F6:CB:7B:27,-97
BLE,1670729052983672946,7B:4C:B7:B8:08:6F,-98
BLE,1670729053038164881,5D:30:BE:7C:85:23,-97
BLE,1670729053184036396,42:82:F6:CB:7B:27,-98
BLE,1670729053530425484,6C:FB:F0:C6:FB:FB,-98
BLE,1670729054104115744,7B:4C:B7:B8:08:6F,-102
BLE,1670729054414580009,5D:30:BE:7C:85:23,-97
BLE,1670729054669467811,7B:4C:B7:B8:08:6F,-87
BLE,1670729054809737059,6C:FB:F0:C6:FB:FB,-88
BLE,1670729055060986862,6C:FB:F0:C6:FB:FB,-88
BLE,1670729055224509001,7B:4C:B7:B8:08:6F,-87
BLE,1670729055247056524,5D:30:BE:7C:85:23,-97
BLE,1670729055784610505,7B:4C:B7:B8:08:6F,-98
BLE,1670729056173016427,42:82:F6:CB:7B:27,-98
BLE,1670729056214091480,C9:7A:46:95:38:06,-82
BLE,1670729056446609048,42:82:F6:CB:7B:27,-99
BLE,1670729056716675377,42:82:F6:CB:7B:27,-100
BLE,1670729056886359234,5D:30:BE:7C:85:23,-96
BLE,1670729056910108035,7B:4C:B7:B8:08:6F,-100
BLE,1670729056987970483,42:82:F6:CB:7B:27,-100
BLE,1670729057457337359,7B:4C:B7:B8:08:6F,-89
BLE,1670729057460246241,D2:ED:7D:20:05:55,-89
BLE,1670729057835314405,7B:4C:B7:B8:08:6F,-100
BLE,1670729057890968784,6C:FB:F0:C6:FB:FB,-98
BLE,1670729058214053775,C9:7A:46:95:38:06,-80
BLE,1670729058259532942,5D:30:BE:7C:85:23,-96
BLE,1670729058532213490,5D:30:BE:7C:85:23,-98
BLE,1670729058585197318,7B:4C:B7:B8:08:6F,-91
BLE,1670729058660387674,6C:FB:F0:C6:FB:FB,-86
BLE,1670729059146908929,7B:4C:B7:B8:08:6F,-101
BLE,1670729059339349848,7B:4C:B7:B8:08:6F,-87
BLE,1670729059528050145,7B:4C:B7:B8:08:6F,-103
BLE,1670729059900839003,5D:30:BE:7C:85:23,-97
BLE,1670729059908129583,7B:4C:B7:B8:08:6F,-91
BLE,1670729059960703957,6C:FB:F0:C6:FB:FB,-99
BLE,1670729060091900897,7B:4C:B7:B8:08:6F,-93
BLE,1670729060174498164,5D:30:BE:7C:85:23,-86
BLE,1670729060218996843,C9:7A:46:95:38:06,-66
BLE,1670729060453208224,5D:30:BE:7C:85:23,-93
BLE,1670729060733359142,5D:30:BE:7C:85:23,-85
BLE,1670729060786668924,42:82:F6:CB:7B:27,-102
BLE,1670729061056665963,42:82:F6:CB:7B:27,-98
BLE,1670729061156652482,C8:B2:1E:C1:4C:16,-103
BLE,1670729061327920695,42:82:F6:CB:7B:27,-99
BLE,1670729061598177772,42:82:F6:CB:7B:27,-98
BLE,1670729061770873176,7B:4C:B7:B8:08:6F,-101
BLE,1670729061836221690,14:BB:6E:11:32:18,-103
BLE,1670729061867945938,42:82:F6:CB:7B:27,-96
BLE,1670729061953966832,7B:4C:B7:B8:08:6F,-100
BLE,1670729062219286259,C9:7A:46:95:38:06,-81
BLE,1670729062387030097,5D:30:BE:7C:85:23,-102
BLE,1670729062446886468,C8:B2:1E:C1:4C:16,-103
BLE,1670729062511033164,7B:4C:B7:B8:08:6F,-99
BLE,1670729062699839251,7B:4C:B7:B8:08:6F,-100
BLE,1670729062887154607,7B:4C:B7:B8:08:6F,-101
BLE,1670729062941948955,5D:30:BE:7C:85:23,-95
BLE,1670729063259021600,7B:4C:B7:B8:08:6F,-103
BLE,1670729063442787206,7B:4C:B7:B8:08:6F,-99
BLE,1670729064220661953,C9:7A:46:95:38:06,-66
BLE,1670729065668177111,42:82:F6:CB:7B:27,-87
BLE,1670729065709575702,5D:30:BE:7C:85:23,-96
BLE,1670729065942074936,42:82:F6:CB:7B:27,-88
BLE,1670729066221366406,C9:7A:46:95:38:06,-79
BLE,1670729066247296722,7B:4C:B7:B8:08:6F,-89
BLE,1670729066428448151,7B:4C:B7:B8:08:6F,-90
BLE,1670729066538223429,5D:30:BE:7C:85:23,-87
BLE,1670729066810717521,5D:30:BE:7C:85:23,-96
BLE,1670729066935980281,6C:FB:F0:C6:FB:FB,-90
BLE,1670729067080697726,5D:30:BE:7C:85:23,-90
BLE,1670729067353015195,5D:30:BE:7C:85:23,-96
BLE,1670729067371361894,7B:4C:B7:B8:08:6F,-88
BLE,1670729067554744754,7B:4C:B7:B8:08:6F,-100
BLE,1670729067704281434,6C:FB:F0:C6:FB:FB,-97
BLE,1670729067932533886,7B:4C:B7:B8:08:6F,-99
BLE,1670729068224305498,C9:7A:46:95:38:06,-79
BLE,1670729068303814469,7B:4C:B7:B8:08:6F,-103
BLE,1670729068453143860,5D:30:BE:7C:85:23,-97
BLE,1670729068496286263,7B:4C:B7:B8:08:6F,-100
BLE,1670729068678859758,7B:4C:B7:B8:08:6F,-103
BLE,1670729069288112386,5D:30:BE:7C:85:23,-97
BLE,1670729069474327296,42:82:F6:CB:7B:27,-98
BLE,1670729069824599172,5D:30:BE:7C:85:23,-96
BLE,1670729070019800183,42:82:F6:CB:7B:27,-100
BLE,1670729070098177084,5D:30:BE:7C:85:23,-96
BLE,1670729070223860173,C9:7A:46:95:38:06,-79
BLE,1670729070348236068,7B:4C:B7:B8:08:6F,-100
BLE,1670729070369039696,5D:30:BE:7C:85:23,-96
BLE,1670729070723588895,7B:4C:B7:B8:08:6F,-100
BLE,1670729071195761821,5D:30:BE:7C:85:23,-97
BLE,1670729071285934415,7B:4C:B7:B8:08:6F,-100
BLE,1670729071465672027,5D:30:BE:7C:85:23,-96
BLE,1670729071475844573,7B:4C:B7:B8:08:6F,-102
BLE,1670729072226590559,C9:7A:46:95:38:06,-79
BLE,1670729072783858639,7B:4C:B7:B8:08:6F,-101
BLE,1670729072856371735,6C:FB:F0:C6:FB:FB,-99
BLE,1670729073157654777,7B:4C:B7:B8:08:6F,-101
BLE,1670729073404357175,5D:30:BE:7C:85:23,-96
BLE,1670729073914769979,7B:4C:B7:B8:08:6F,-101
BLE,1670729073964324265,5D:30:BE:7C:85:23,-97
BLE,1670729074085702029,42:82:F6:CB:7B:27,-99
BLE,1670729074099408741,7B:4C:B7:B8:08:6F,-100
BLE,1670729074235740870,5D:30:BE:7C:85:23,-96
BLE,1670729074358136997,42:82:F6:CB:7B:27,-88
BLE,1670729074928281132,6C:FB:F0:C6:FB:FB,-97
BLE,1670729075030695914,7B:4C:B7:B8:08:6F,-102
BLE,1670729075441854607,6C:FB:F0:C6:FB:FB,-98
BLE,1670729075500838364,D2:ED:7D:20:05:55,-104
BLE,1670729075584633992,7B:4C:B7:B8:08:6F,-102
BLE,1670729075608480083,5D:30:BE:7C:85:23,-95
BLE,1670729075773409497,7B:4C:B7:B8:08:6F,-100
BLE,1670729076147208884,7B:4C:B7:B8:08:6F,-103
BLE,1670729076232873406,C9:7A:46:95:38:06,-79
BLE,1670729076337218415,7B:4C:B7:B8:08:6F,-103
BLE,1670729076475629894,6C:FB:F0:C6:FB:FB,-99
BLE,1670729076522955039,7B:4C:B7:B8:08:6F,-105
BLE,1670729076539514259,42:82:F6:CB:7B:27,-99
BLE,1670729076893539173,7B:4C:B7:B8:08:6F,-102
BLE,1670729076978097751,5D:30:BE:7C:85:23,-96
BLE,1670729077634526443,7B:4C:B7:B8:08:6F,-99
BLE,1670729077761581556,6C:FB:F0:C6:FB:FB,-99
BLE,1670729077996312389,7B:4C:B7:B8:08:6F,-102
BLE,1670729078178710595,7B:4C:B7:B8:08:6F,-103
BLE,1670729078238327302,C9:7A:46:95:38:06,-81
BLE,1670729078351819119,5D:30:BE:7C:85:23,-95
BLE,1670729079041266793,6C:FB:F0:C6:FB:FB,-98
BLE,1670729079102997059,7B:4C:B7:B8:08:6F,-102
BLE,1670729079187978007,5D:30:BE:7C:85:23,-95
BLE,1670729079259547155,42:82:F6:CB:7B:27,-98
BLE,1670729079998392992,5D:30:BE:7C:85:23,-97
BLE,1670729080038381975,7B:4C:B7:B8:08:6F,-101
BLE,1670729080058845023,6C:FB:F0:C6:FB:FB,-102
BLE,1670729080227334186,7B:4C:B7:B8:08:6F,-99
BLE,1670729080238105807,C9:7A:46:95:38:06,-79
BLE,1670729080413946091,7B:4C:B7:B8:08:6F,-100
BLE,1670729080830678509,5D:30:BE:7C:85:23,-96
BLE,1670729081088822730,6C:FB:F0:C6:FB:FB,-87
BLE,1670729081167268880,7B:4C:B7:B8:08:6F,-88
BLE,1670729081388094295,5D:30:BE:7C:85:23,-83
BLE,1670729081442257943,42:82:F6:CB:7B:27,-87
BLE,1670729081611484972,6C:FB:F0:C6:FB:FB,-87
BLE,1670729081712394688,42:82:F6:CB:7B:27,-97
BLE,1670729081908613437,7B:4C:B7:B8:08:6F,-90
BLE,1670729081984655575,42:82:F6:CB:7B:27,-88
BLE,1670729082063057517,14:BB:6E:11:32:18,-90
BLE,1670729082128174201,6C:FB:F0:C6:FB:FB,-92
BLE,1670729082239343045,C9:7A:46:95:38:06,-65
BLE,1670729082285631203,7B:4C:B7:B8:08:6F,-90
BLE,1670729082491831334,5D:30:BE:7C:85:23,-98
BLE,1670729082644063273,6C:FB:F0:C6:FB:FB,-98
BLE,1670729082765492579,5D:30:BE:7C:85:23,-97
BLE,1670729082841484341,7B:4C:B7:B8:08:6F,-101
BLE,1670729082893660804,6C:FB:F0:C6:FB:FB,-99
BLE,1670729083340042453,42:82:F6:CB:7B:27,-107
BLE,1670729083411923681,6C:FB:F0:C6:FB:FB,-100
BLE,1670729083523888724,D2:ED:7D:20:05:55,-93
BLE,1670729083778240074,7B:4C:B7:B8:08:6F,-88
BLE,1670729084139546568,5D:30:BE:7C:85:23,-83
BLE,1670729084243119294,C9:7A:46:95:38:06,-79
BLE,1670729084707101192,7B:4C:B7:B8:08:6F,-92
BLE,1670729084896365149,7B:4C:B7:B8:08:6F,-92
BLE,1670729085448543165,7B:4C:B7:B8:08:6F,-102
BLE,1670729085507865667,5D:30:BE:7C:85:23,-97
BLE,1670729086092117218,14:BB:6E:11:32:18,-104
BLE,1670729086248703397,C9:7A:46:95:38:06,-81
BLE,1670729086593523921,42:82:F6:CB:7B:27,-99
BLE,1670729086609186401,5D:30:BE:7C:85:23,-98
BLE,1670729086864793236,42:82:F6:CB:7B:27,-100
BLE,1670729086879132815,5D:30:BE:7C:85:23,-96
BLE,1670729087135949427,42:82:F6:CB:7B:27,-99
BLE,1670729087149106562,5D:30:BE:7C:85:23,-97
BLE,1670729087405959840,42:82:F6:CB:7B:27,-99
BLE,1670729087422859264,5D:30:BE:7C:85:23,-97
BLE,1670729087485674976,7B:4C:B7:B8:08:6F,-99
BLE,1670729087677189948,42:82:F6:CB:7B:27,-98
BLE,1670729087948267223,42:82:F6:CB:7B:27,-98
BLE,1670729088043616589,7B:4C:B7:B8:08:6F,-102
BLE,1670729088218375969,42:82:F6:CB:7B:27,-86
BLE,1670729088248115865,C9:7A:46:95:38:06,-79
BLE,1670729088410252728,7B:4C:B7:B8:08:6F,-88
BLE,1670729088521735027,5D:30:BE:7C:85:23,-83
BLE,1670729088780653614,7B:4C:B7:B8:08:6F,-91
BLE,1670729088966289031,7B:4C:B7:B8:08:6F,-90
BLE,1670729089354223917,5D:30:BE:7C:85:23,-85
BLE,1670729089538279394,7B:4C:B7:B8:08:6F,-102
BLE,1670729089595972208,6C:FB:F0:C6:FB:FB,-99
BLE,1670729089629108980,5D:30:BE:7C:85:23,-88
BLE,1670729090086132044,7B:4C:B7:B8:08:6F,-90
BLE,1670729090250689128,C9:7A:46:95:38:06,-65
BLE,1670729090641450647,7B:4C:B7:B8:08:6F,-91
BLE,1670729090729728389,5D:30:BE:7C:85:23,-86
BLE,1670729090878957156,6C:FB:F0:C6:FB:FB,-87
BLE,1670729091206144847,42:82:F6:CB:7B:27,-101
BLE,1670729091380102570,7B:4C:B7:B8:08:6F,-88
BLE,1670729091479782884,42:82:F6:CB:7B:27,-88
BLE,1670729091546292051,D2:ED:7D:20:05:55,-89
BLE,1670729091750842160,42:82:F6:CB:7B:27,-87
BLE,1670729091828986105,5D:30:BE:7C:85:23,-84
BLE,1670729091941291186,7B:4C:B7:B8:08:6F,-88
BLE,1670729092256361272,C9:7A:46:95:38:06,-81
BLE,1670729092491534975,7B:4C:B7:B8:08:6F,-98
BLE,1670729092678851997,6C:FB:F0:C6:FB:FB,-102
BLE,1670729093206035018,5D:30:BE:7C:85:23,-95
BLE,1670729093229259491,7B:4C:B7:B8:08:6F,-100
BLE,1670729093412971931,7B:4C:B7:B8:08:6F,-101
BLE,1670729093550170632,D2:ED:7D:20:05:55,-100
BLE,1670729094035873689,5D:30:BE:7C:85:23,-96
BLE,1670729094306514803,5D:30:BE:7C:85:23,-97
BLE,1670729094473428026,42:82:F6:CB:7B:27,-99
BLE,1670729094480046572,6C:FB:F0:C6:FB:FB,-97
BLE,1670729094855231318,5D:30:BE:7C:85:23,-104
BLE,1670729095136877551,5D:30:BE:7C:85:23,-96
BLE,1670729095248797220,7B:4C:B7:B8:08:6F,-104
BLE,1670729096176408144,7B:4C:B7:B8:08:6F,-90
BLE,1670729096225242189,5D:30:BE:7C:85:23,-102
BLE,1670729096257284266,C9:7A:46:95:38:06,-68
BLE,1670729096652400774,42:82:F6:CB:7B:27,-99
BLE,1670729096924881033,42:82:F6:CB:7B:27,-87
BLE,1670729097048933099,5D:30:BE:7C:85:23,-86
BLE,1670729097194912488,42:82:F6:CB:7B:27,-87
BLE,1670729097323975536,5D:30:BE:7C:85:23,-97
BLE,1670729097566376903,D2:ED:7D:20:05:55,-89
BLE,1670729097657771899,7B:4C:B7:B8:08:6F,-98
BLE,1670729097838369209,7B:4C:B7:B8:08:6F,-103
BLE,1670729098020409419,7B:4C:B7:B8:08:6F,-99
BLE,1670729098261080223,C9:7A:46:95:38:06,-79
BLE,1670729098833717329,42:82:F6:CB:7B:27,-96
BLE,1670729099104945019,42:82:F6:CB:7B:27,-99
BLE,1670729099320839409,7B:4C:B7:B8:08:6F,-102
BLE,1670729099374907974,42:82:F6:CB:7B:27,-96
BLE,1670729099502146961,7B:4C:B7:B8:08:6F,-103
BLE,1670729099525152021,5D:30:BE:7C:85:23,-94
BLE,1670729099649126505,42:82:F6:CB:7B:27,-98
BLE,1670729099692294449,7B:4C:B7:B8:08:6F,-101
BLE,1670729099795177934,5D:30:BE:7C:85:23,-97
BLE,1670729100066460916,5D:30:BE:7C:85:23,-96
BLE,1670729100191754467,42:82:F6:CB:7B:27,-90
BLE,1670729100248533292,7B:4C:B7:B8:08:6F,-89
BLE,1670729100261181808,C9:7A:46:95:38:06,-69
BLE,1670729100338985591,5D:30:BE:7C:85:23,-85
BLE,1670729100627433868,7B:4C:B7:B8:08:6F,-89
BLE,1670729101437921311,5D:30:BE:7C:85:23,-96
BLE,1670729101710240988,5D:30:BE:7C:85:23,-84
BLE,1670729102262716000,C9:7A:46:95:38:06,-79
BLE,1670729102490175587,6C:FB:F0:C6:FB:FB,-101
BLE,1670729102637511667,42:82:F6:CB:7B:27,-99
BLE,1670729102697708368,7B:4C:B7:B8:08:6F,-100
BLE,1670729102812643667,5D:30:BE:7C:85:23,-94
BLE,1670729102887636484,7B:4C:B7:B8:08:6F,-100
BLE,1670729102908725858,42:82:F6:CB:7B:27,-98
BLE,1670729103005119961,6C:FB:F0:C6:FB:FB,-98
BLE,1670729103078287591,7B:4C:B7:B8:08:6F,-101
BLE,1670729103178723396,42:82:F6:CB:7B:27,-98
BLE,1670729103457427415,7B:4C:B7:B8:08:6F,-101
BLE,1670729103642618379,5D:30:BE:7C:85:23,-96
BLE,1670729104041268803,6C:FB:F0:C6:FB:FB,-100
BLE,1670729104263929363,C9:7A:46:95:38:06,-79
BLE,1670729104387213605,7B:4C:B7:B8:08:6F,-102
BLE,1670729104475158643,5D:30:BE:7C:85:23,-96
BLE,1670729104574714458,7B:4C:B7:B8:08:6F,-102
BLE,1670729105077893098,6C:FB:F0:C6:FB:FB,-87
BLE,1670729105358833965,42:82:F6:CB:7B:27,-88
BLE,1670729105534804955,7B:4C:B7:B8:08:6F,-100
BLE,1670729105579014263,5D:30:BE:7C:85:23,-84
BLE,1670729105631271141,42:82:F6:CB:7B:27,-89
BLE,1670729105723479044,7B:4C:B7:B8:08:6F,-91
BLE,1670729105851603187,5D:30:BE:7C:85:23,-97
BLE,1670729105913768448,7B:4C:B7:B8:08:6F,-104
BLE,1670729106103951435,7B:4C:B7:B8:08:6F,-90
BLE,1670729106180440817,42:82:F6:CB:7B:27,-95
BLE,1670729106266289879,C9:7A:46:95:38:06,-65
BLE,1670729106361783577,6C:FB:F0:C6:FB:FB,-102
BLE,1670729106474773233,7B:4C:B7:B8:08:6F,-90
BLE,1670729106949163465,5D:30:BE:7C:85:23,-85
BLE,1670729107222740545,7B:4C:B7:B8:08:6F,-99
BLE,1670729107271317300,42:82:F6:CB:7B:27,-98
BLE,1670729107541317422,42:82:F6:CB:7B:27,-99
BLE,1670729107815072832,42:82:F6:CB:7B:27,-98
BLE,1670729107966665196,7B:4C:B7:B8:08:6F,-102
BLE,1670729108271486278,C9:7A:46:95:38:06,-79
BLE,1670729108324190152,5D:30:BE:7C:85:23,-96
BLE,1670729108529422544,7B:4C:B7:B8:08:6F,-101
BLE,1670729108720361398,7B:4C:B7:B8:08:6F,-100
BLE,1670729108832779935,C8:B2:1E:C1:4C:16,-99
BLE,1670729108946771413,6C:FB:F0:C6:FB:FB,-98
BLE,1670729109586707801,D2:ED:7D:20:05:55,-101
BLE,1670729109968944588,5D:30:BE:7C:85:23,-96
BLE,1670729109993866833,42:82:F6:CB:7B:27,-100
BLE,1670729110031059099,7B:4C:B7:B8:08:6F,-103
BLE,1670729110239112291,5D:30:BE:7C:85:23,-96
BLE,1670729110266385842,42:82:F6:CB:7B:27,-97
BLE,1670729110275101655,C9:7A:46:95:38:06,-79
BLE,1670729110396122548,7B:4C:B7:B8:08:6F,-102
BLE,1670729110538778060,42:82:F6:CB:7B:27,-98
BLE,1670729111285092016,6C:FB:F0:C6:FB:FB,-98
BLE,1670729111521907449,7B:4C:B7:B8:08:6F,-103
BLE,1670729111593802928,D2:ED:7D:20:05:55,-102
BLE,1670729111704060199,7B:4C:B7:B8:08:6F,-94
BLE,1670729111802774525,6C:FB:F0:C6:FB:FB,-87
BLE,1670729112082831986,7B:4C:B7:B8:08:6F,-90
BLE,1670729112275154448,C9:7A:46:95:38:06,-68
BLE,1670729112442664747,5D:30:BE:7C:85:23,-83
BLE,1670729112566718063,6C:FB:F0:C6:FB:FB,-87
BLE,1670729112825888939,7B:4C:B7:B8:08:6F,-102
BLE,1670729113274427354,5D:30:BE:7C:85:23,-98
BLE,1670729113796541602,42:82:F6:CB:7B:27,-90
BLE,1670729113853728421,6C:FB:F0:C6:FB:FB,-88
BLE,1670729114066458016,42:82:F6:CB:7B:27,-101
BLE,1670729114103798697,14:BB:6E:11:32:18,-91
BLE,1670729114280193266,C9:7A:46:95:38:06,-79
BLE,1670729114336428347,42:82:F6:CB:7B:27,-101
BLE,1670729114607706870,42:82:F6:CB:7B:27,-88
BLE,1670729114871012363,7B:4C:B7:B8:08:6F,-99
BLE,1670729114880198962,42:82:F6:CB:7B:27,-101
BLE,1670729115053497317,7B:4C:B7:B8:08:6F,-87
BLE,1670729115150257542,42:82:F6:CB:7B:27,-88
BLE,1670729115186419903,5D:30:BE:7C:85:23,-97
BLE,1670729115456711021,5D:30:BE:7C:85:23,-84
BLE,1670729115982784014,7B:4C:B7:B8:08:6F,-103
BLE,1670729116169369878,6C:FB:F0:C6:FB:FB,-101
BLE,1670729116280308058,C9:7A:46:95:38:06,-79
BLE,1670729117106703229,7B:4C:B7:B8:08:6F,-105
BLE,1670729117329008710,42:82:F6:CB:7B:27,-96
BLE,1670729117454518008,6C:FB:F0:C6:FB:FB,-100
BLE,1670729117478220060,7B:4C:B7:B8:08:6F,-103
BLE,1670729117601716924,42:82:F6:CB:7B:27,-99
BLE,1670729117659483029,7B:4C:B7:B8:08:6F,-98
BLE,1670729117840681207,7B:4C:B7:B8:08:6F,-100
BLE,1670729118201552456,5D:30:BE:7C:85:23,-96
BLE,1670729119303998093,5D:30:BE:7C:85:23,-96
BLE,1670729119513583683,7B:4C:B7:B8:08:6F,-89
BLE,1670729120285695749,C9:7A:46:95:38:06,-79
BLE,1670729120406489937,5D:30:BE:7C:85:23,-96
BLE,1670729120592974844,42:82:F6:CB:7B:27,-99
BLE,1670729121509053531,5D:30:BE:7C:85:23,-96
BLE,1670729121579050615,7B:4C:B7:B8:08:6F,-102
BLE,1670729121590128192,6C:FB:F0:C6:FB:FB,-101
BLE,1670729121622357642,D2:ED:7D:20:05:55,-98
BLE,1670729122072660661,5D:30:BE:7C:85:23,-95
BLE,1670729122516283301,7B:4C:B7:B8:08:6F,-103
BLE,1670729122608881366,5D:30:BE:7C:85:23,-94
BLE,1670729122625695458,6C:FB:F0:C6:FB:FB,-100
BLE,1670729123392821291,6C:FB:F0:C6:FB:FB,-96
BLE,1670729123444392428,7B:4C:B7:B8:08:6F,-99
BLE,1670729123585506624,42:82:F6:CB:7B:27,-98
BLE,1670729123624896489,D2:ED:7D:20:05:55,-99
BLE,1670729123856753106,42:82:F6:CB:7B:27,-99
BLE,1670729124127801924,42:82:F6:CB:7B:27,-99
BLE,1670729124399430110,42:82:F6:CB:7B:27,-100
BLE,1670729124559584622,7B:4C:B7:B8:08:6F,-104
BLE,1670729124749968398,7B:4C:B7:B8:08:6F,-103
BLE,1670729124942167654,42:82:F6:CB:7B:27,-99
BLE,1670729125117592109,7B:4C:B7:B8:08:6F,-101
BLE,1670729125193281959,6C:FB:F0:C6:FB:FB,-99
BLE,1670729125672583133,7B:4C:B7:B8:08:6F,-102
BLE,1670729125753436671,42:82:F6:CB:7B:27,-91
BLE,1670729125856334322,7B:4C:B7:B8:08:6F,-89
BLE,1670729125906216562,5D:30:BE:7C:85:23,-92
BLE,1670729126007824145,14:BB:6E:11:32:18,-94
BLE,1670729126287785898,C9:7A:46:95:38:06,-69
BLE,1670729126727783332,5D:30:BE:7C:85:23,-87
BLE,1670729126781655441,7B:4C:B7:B8:08:6F,-101
BLE,1670729126999963511,5D:30:BE:7C:85:23,-99
BLE,1670729127154270467,7B:4C:B7:B8:08:6F,-98
BLE,1670729127271199160,5D:30:BE:7C:85:23,-84
BLE,1670729127386671578,42:82:F6:CB:7B:27,-87
BLE,1670729127526726454,7B:4C:B7:B8:08:6F,-100
BLE,1670729127627611337,D2:ED:7D:20:05:55,-88
BLE,1670729127657868019,42:82:F6:CB:7B:27,-100
BLE,1670729127759375895,6C:FB:F0:C6:FB:FB,-101
BLE,1670729128085532473,7B:4C:B7:B8:08:6F,-102
BLE,1670729128102607187,5D:30:BE:7C:85:23,-96
BLE,1670729128275350424,7B:4C:B7:B8:08:6F,-100
BLE,1670729128291520065,C9:7A:46:95:38:06,-79
BLE,1670729129208672739,7B:4C:B7:B8:08:6F,-102
BLE,1670729129471386156,5D:30:BE:7C:85:23,-96
BLE,1670729129636880271,D2:ED:7D:20:05:55,-103
BLE,1670729129745382522,5D:30:BE:7C:85:23,-96
BLE,1670729130150419746,7B:4C:B7:B8:08:6F,-103
BLE,1670729130291635358,C9:7A:46:95:38:06,-80
BLE,1670729130346545080,6C:FB:F0:C6:FB:FB,-101
BLE,1670729130380403927,42:82:F6:CB:7B:27,-99
BLE,1670729130650427590,42:82:F6:CB:7B:27,-96
BLE,1670729130843850998,5D:30:BE:7C:85:23,-96
BLE,1670729130860688589,6C:FB:F0:C6:FB:FB,-97
BLE,1670729130900400033,7B:4C:B7:B8:08:6F,-101
BLE,1670729130921684989,42:82:F6:CB:7B:27,-99
BLE,1670729131191952982,42:82:F6:CB:7B:27,-99
BLE,1670729131461774731,42:82:F6:CB:7B:27,-100
BLE,1670729131628040253,6C:FB:F0:C6:FB:FB,-101
BLE,1670729131643230739,D2:ED:7D:20:05:55,-101
BLE,1670729131676268846,5D:30:BE:7C:85:23,-98
BLE,1670729131731810061,42:82:F6:CB:7B:27,-99
BLE,1670729131827579213,7B:4C:B7:B8:08:6F,-101
BLE,1670729131947520453,5D:30:BE:7C:85:23,-94
BLE,1670729132001695642,42:82:F6:CB:7B:27,-99
BLE,1670729132018112239,7B:4C:B7:B8:08:6F,-100
BLE,1670729132220011379,5D:30:BE:7C:85:23,-97
BLE,1670729132291644693,C9:7A:46:95:38:06,-79
BLE,1670729132398459715,7B:4C:B7:B8:08:6F,-103
BLE,1670729132582613441,7B:4C:B7:B8:08:6F,-102
BLE,1670729132663772226,6C:FB:F0:C6:FB:FB,-101
BLE,1670729132766876541,7B:4C:B7:B8:08:6F,-100
BLE,1670729132817220859,42:82:F6:CB:7B:27,-101
BLE,1670729133051247242,5D:30:BE:7C:85:23,-97
BLE,1670729133092245754,42:82:F6:CB:7B:27,-103
BLE,1670729133142222284,7B:4C:B7:B8:08:6F,-98
BLE,1670729133689933311,7B:4C:B7:B8:08:6F,-100
BLE,1670729134152654766,5D:30:BE:7C:85:23,-96
BLE,1670729134296727802,C9:7A:46:95:38:06,-80
BLE,1670729134422330016,5D:30:BE:7C:85:23,-96
BLE,1670729134451739833,42:82:F6:CB:7B:27,-99
BLE,1670729134650363721,7B:4C:B7:B8:08:6F,-101
BLE,1670729134693547040,5D:30:BE:7C:85:23,-96
BLE,1670729134725496327,42:82:F6:CB:7B:27,-100
BLE,1670729135528616483,5D:30:BE:7C:85:23,-97
BLE,1670729135646436790,D2:ED:7D:20:05:55,-105
BLE,1670729135800166086,5D:30:BE:7C:85:23,-84
BLE,1670729135952656522,7B:4C:B7:B8:08:6F,-99
BLE,1670729136086456806,14:BB:6E:11:32:18,-99
BLE,1670729136296773804,C9:7A:46:95:38:06,-80
BLE,1670729136627769450,5D:30:BE:7C:85:23,-94
BLE,1670729137624561219,7B:4C:B7:B8:08:6F,-101
BLE,1670729137732309521,5D:30:BE:7C:85:23,-96
BLE,1670729137805646398,7B:4C:B7:B8:08:6F,-102
BLE,1670729138300838550,C9:7A:46:95:38:06,-80
BLE,1670729138723976975,7B:4C:B7:B8:08:6F,-99
BLE,1670729138794370513,42:82:F6:CB:7B:27,-100
BLE,1670729138869430953,6C:FB:F0:C6:FB:FB,-99
BLE,1670729139065571495,42:82:F6:CB:7B:27,-98
BLE,1670729139336833144,42:82:F6:CB:7B:27,-98
BLE,1670729139383495089,5D:30:BE:7C:85:23,-104
BLE,1670729139606913681,42:82:F6:CB:7B:27,-99
BLE,1670729139876875345,42:82:F6:CB:7B:27,-99
BLE,1670729140205031067,5D:30:BE:7C:85:23,-97
BLE,1670729140301900831,C9:7A:46:95:38:06,-79
BLE,1670729140672234926,6C:FB:F0:C6:FB:FB,-88
BLE,1670729141514474992,7B:4C:B7:B8:08:6F,-88
BLE,1670729141582314560,5D:30:BE:7C:85:23,-96
BLE,1670729141701871679,7B:4C:B7:B8:08:6F,-89
BLE,1670729142638423789,7B:4C:B7:B8:08:6F,-88
BLE,1670729142951026946,5D:30:BE:7C:85:23,-96
BLE,1670729143381536200,7B:4C:B7:B8:08:6F,-90
BLE,1670729143674401050,D2:ED:7D:20:05:55,-91
BLE,1670729143939572896,7B:4C:B7:B8:08:6F,-100
BLE,1670729143948219335,42:82:F6:CB:7B:27,-87
BLE,1670729144121589939,7B:4C:B7:B8:08:6F,-90
BLE,1670729144218169666,42:82:F6:CB:7B:27,-89
BLE,1670729144308227053,C9:7A:46:95:38:06,-80
BLE,1670729144322722089,5D:30:BE:7C:85:23,-85
BLE,1670729144488172454,42:82:F6:CB:7B:27,-88
BLE,1670729144489806435,7B:4C:B7:B8:08:6F,-93
BLE,1670729144758510364,42:82:F6:CB:7B:27,-98
BLE,1670729145029519640,42:82:F6:CB:7B:27,-87
BLE,1670729145226431673,7B:4C:B7:B8:08:6F,-87
BLE,1670729145300723414,42:82:F6:CB:7B:27,-89
BLE,1670729145571911563,42:82:F6:CB:7B:27,-98
BLE,1670729145699688085,5D:30:BE:7C:85:23,-96
BLE,1670729145843768288,42:82:F6:CB:7B:27,-105
BLE,1670729146097072609,6C:FB:F0:C6:FB:FB,-99
BLE,1670729146159646948,7B:4C:B7:B8:08:6F,-102
BLE,1670729146313292828,C9:7A:46:95:38:06,-80
BLE,1670729146528412603,5D:30:BE:7C:85:23,-95
BLE,1670729146612131482,6C:FB:F0:C6:FB:FB,-99
BLE,1670729146799644210,5D:30:BE:7C:85:23,-98
BLE,1670729147072372674,5D:30:BE:7C:85:23,-96
BLE,1670729148317155410,C9:7A:46:95:38:06,-65
BLE,1670729148417213595,7B:4C:B7:B8:08:6F,-102
BLE,1670729148444685393,5D:30:BE:7C:85:23,-83
BLE,1670729148757320091,14:BB:6E:11:32:18,-90
BLE,1670729148983946937,7B:4C:B7:B8:08:6F,-90
BLE,1670729149352496720,7B:4C:B7:B8:08:6F,-91
BLE,1670729149369505184,42:82:F6:CB:7B:27,-86
BLE,1670729149539339747,7B:4C:B7:B8:08:6F,-87
BLE,1670729149639634013,42:82:F6:CB:7B:27,-99
BLE,1670729149699543009,D2:ED:7D:20:05:55,-100
BLE,1670729149722477361,7B:4C:B7:B8:08:6F,-89
BLE,1670729149813370821,5D:30:BE:7C:85:23,-85
BLE,1670729149908740062,7B:4C:B7:B8:08:6F,-91
BLE,1670729149912005565,42:82:F6:CB:7B:27,-90
BLE,1670729150095225677,7B:4C:B7:B8:08:6F,-99
BLE,1670729150235654798,6C:FB:F0:C6:FB:FB,-97
BLE,1670729150316978873,C9:7A:46:95:38:06,-80
BLE,1670729150458768645,42:82:F6:CB:7B:27,-102
BLE,1670729150917179900,5D:30:BE:7C:85:23,-97
BLE,1670729151190298652,5D:30:BE:7C:85:23,-98
BLE,1670729151211631690,7B:4C:B7:B8:08:6F,-98
BLE,1670729151594387429,7B:4C:B7:B8:08:6F,-101
BLE,1670729151748387847,5D:30:BE:7C:85:23,-96
BLE,1670729152320965995,C9:7A:46:95:38:06,-80
BLE,1670729152538340659,7B:4C:B7:B8:08:6F,-102
BLE,1670729152582510384,5D:30:BE:7C:85:23,-96
BLE,1670729153090909003,6C:FB:F0:C6:FB:FB,-99
BLE,1670729153712075239,D2:ED:7D:20:05:55,-100
BLE,1670729153839637930,7B:4C:B7:B8:08:6F,-101
BLE,1670729153982259234,42:82:F6:CB:7B:27,-98
BLE,1670729154028439893,7B:4C:B7:B8:08:6F,-98
BLE,1670729154252154774,42:82:F6:CB:7B:27,-97
BLE,1670729154324615079,C9:7A:46:95:38:06,-80
BLE,1670729154514603944,5D:30:BE:7C:85:23,-96
BLE,1670729154524621408,42:82:F6:CB:7B:27,-98
BLE,1670729154583610498,7B:4C:B7:B8:08:6F,-101
BLE,1670729154794637446,42:82:F6:CB:7B:27,-99
BLE,1670729155064642651,42:82:F6:CB:7B:27,-99
BLE,1670729155154599373,7B:4C:B7:B8:08:6F,-103
BLE,1670729155344086952,7B:4C:B7:B8:08:6F,-102
BLE,1670729155433470139,6C:FB:F0:C6:FB:FB,-98
BLE,1670729155714875375,7B:4C:B7:B8:08:6F,-90
BLE,1670729155722190205,D2:ED:7D:20:05:55,-91
BLE,1670729156217339857,6C:FB:F0:C6:FB:FB,-87
BLE,1670729156324692080,C9:7A:46:95:38:06,-65
BLE,1670729156993587457,5D:30:BE:7C:85:23,-85
BLE,1670729157194238987,7B:4C:B7:B8:08:6F,-99
BLE,1670729157252331713,6C:FB:F0:C6:FB:FB,-100
BLE,1670729157725858330,D2:ED:7D:20:05:55,-100
BLE,1670729157784683922,42:82:F6:CB:7B:27,-102
BLE,1670729158055975446,42:82:F6:CB:7B:27,-98
BLE,1670729158094689943,5D:30:BE:7C:85:23,-95
BLE,1670729158324883747,C9:7A:46:95:38:06,-79
BLE,1670729158328435455,42:82:F6:CB:7B:27,-99
BLE,1670729158367084912,5D:30:BE:7C:85:23,-95
BLE,1670729158598520617,42:82:F6:CB:7B:27,-99
BLE,1670729158805426573,6C:FB:F0:C6:FB:FB,-96
BLE,1670729158868449906,42:82:F6:CB:7B:27,-98
BLE,1670729159138510153,42:82:F6:CB:7B:27,-99
BLE,1670729159408459233,42:82:F6:CB:7B:27,-99
BLE,1670729159465932675,5D:30:BE:7C:85:23,-95
BLE,1670729159739944957,5D:30:BE:7C:85:23,-95
BLE,1670729160606071738,6C:FB:F0:C6:FB:FB,-98
BLE,1670729160727257213,7B:4C:B7:B8:08:6F,-98
BLE,1670729160837231780,5D:30:BE:7C:85:23,-96
BLE,1670729161108463637,5D:30:BE:7C:85:23,-97
BLE,1670729161291599001,7B:4C:B7:B8:08:6F,-99
BLE,1670729161317262237,42:82:F6:CB:7B:27,-99
BLE,1670729161592186467,42:82:F6:CB:7B:27,-98
BLE,1670729161644730300,6C:FB:F0:C6:FB:FB,-98
BLE,1670729161725770045,D2:ED:7D:20:05:55,-101
BLE,1670729162031354160,7B:4C:B7:B8:08:6F,-97
BLE,1670729162156887917,6C:FB:F0:C6:FB:FB,-98
BLE,1670729162329799110,C9:7A:46:95:38:06,-80
BLE,1670729162404612179,7B:4C:B7:B8:08:6F,-104
BLE,1670729162965433674,7B:4C:B7:B8:08:6F,-99
BLE,1670729163157780553,7B:4C:B7:B8:08:6F,-100
BLE,1670729163193685085,6C:FB:F0:C6:FB:FB,-97
BLE,1670729163297177520,5D:30:BE:7C:85:23,-103
BLE,1670729163710290565,6C:FB:F0:C6:FB:FB,-98
BLE,1670729164335138466,C9:7A:46:95:38:06,-79
BLE,1670729164396113366,5D:30:BE:7C:85:23,-98
BLE,1670729164478285680,6C:FB:F0:C6:FB:FB,-106
BLE,1670729164667092851,5D:30:BE:7C:85:23,-96
BLE,1670729164852720684,42:82:F6:CB:7B:27,-97
BLE,1670729164956198370,5D:30:BE:7C:85:23,-97
BLE,1670729164995026117,6C:FB:F0:C6:FB:FB,-101
BLE,1670729165029432582,7B:4C:B7:B8:08:6F,-102
BLE,1670729165122281561,42:82:F6:CB:7B:27,-98
BLE,1670729165217469929,7B:4C:B7:B8:08:6F,-100
BLE,1670729165511041562,6C:FB:F0:C6:FB:FB,-100
BLE,1670729165593387041,7B:4C:B7:B8:08:6F,-90
BLE,1670729165765944530,5D:30:BE:7C:85:23,-96
BLE,1670729165962671023,7B:4C:B7:B8:08:6F,-105
BLE,1670729166032353903,6C:FB:F0:C6:FB:FB,-99
BLE,1670729166039646150,5D:30:BE:7C:85:23,-96
BLE,1670729166334723681,7B:4C:B7:B8:08:6F,-102
BLE,1670729166548992133,6C:FB:F0:C6:FB:FB,-100
BLE,1670729166698559646,7B:4C:B7:B8:08:6F,-105
BLE,1670729167069791730,7B:4C:B7:B8:08:6F,-101
BLE,1670729167141251547,5D:30:BE:7C:85:23,-94
BLE,1670729167253806833,7B:4C:B7:B8:08:6F,-101
BLE,1670729167412102158,5D:30:BE:7C:85:23,-96
BLE,1670729167437414232,7B:4C:B7:B8:08:6F,-91
BLE,1670729167627425472,7B:4C:B7:B8:08:6F,-102
BLE,1670729167842387582,42:82:F6:CB:7B:27,-99
BLE,1670729167996771246,7B:4C:B7:B8:08:6F,-98
BLE,1670729168116097660,42:82:F6:CB:7B:27,-98
BLE,1670729168339976080,C9:7A:46:95:38:06,-79
BLE,1670729168363899879,7B:4C:B7:B8:08:6F,-104
BLE,1670729168369900349,6C:FB:F0:C6:FB:FB,-98
BLE,1670729168386121281,42:82:F6:CB:7B:27,-99
BLE,1670729168509719103,5D:30:BE:7C:85:23,-97
BLE,1670729168779635184,5D:30:BE:7C:85:23,-98
BLE,1670729169052122818,5D:30:BE:7C:85:23,-96
BLE,1670729169672080777,6C:FB:F0:C6:FB:FB,-104
BLE,1670729170027514466,42:82:F6:CB:7B:27,-99
BLE,1670729170300060182,42:82:F6:CB:7B:27,-100
BLE,1670729170340070873,C9:7A:46:95:38:06,-79
BLE,1670729170420059172,7B:4C:B7:B8:08:6F,-102
BLE,1670729170569874806,42:82:F6:CB:7B:27,-100
BLE,1670729170603423657,7B:4C:B7:B8:08:6F,-100
BLE,1670729170693735166,5D:30:BE:7C:85:23,-84
BLE,1670729170965939720,5D:30:BE:7C:85:23,-85
BLE,1670729170973669920,7B:4C:B7:B8:08:6F,-98
BLE,1670729171236150173,5D:30:BE:7C:85:23,-84
BLE,1670729171347376558,7B:4C:B7:B8:08:6F,-91
BLE,1670729171505859465,5D:30:BE:7C:85:23,-84
BLE,1670729171745305950,6C:FB:F0:C6:FB:FB,-101
BLE,1670729172087435922,7B:4C:B7:B8:08:6F,-95
BLE,1670729172262887377,6C:FB:F0:C6:FB:FB,-99
BLE,1670729172337098036,5D:30:BE:7C:85:23,-98
BLE,1670729172342635095,C9:7A:46:95:38:06,-79
BLE,1670729172459947325,7B:4C:B7:B8:08:6F,-91
BLE,1670729172749961750,42:82:F6:CB:7B:27,-98
BLE,1670729172835071196,7B:4C:B7:B8:08:6F,-100
BLE,1670729173208506296,7B:4C:B7:B8:08:6F,-105
BLE,1670729173384565868,C8:B2:1E:C1:4C:16,-104
BLE,1670729173764085812,7B:4C:B7:B8:08:6F,-91
BLE,1670729173977201319,5D:30:BE:7C:85:23,-97
BLE,1670729174251962842,5D:30:BE:7C:85:23,-84
BLE,1670729174318731257,14:BB:6E:11:32:18,-91
BLE,1670729174345186484,C9:7A:46:95:38:06,-79
BLE,1670729174518372132,7B:4C:B7:B8:08:6F,-89
BLE,1670729174529409917,5D:30:BE:7C:85:23,-96
BLE,1670729174852871153,6C:FB:F0:C6:FB:FB,-86
BLE,1670729174894954819,7B:4C:B7:B8:08:6F,-92
BLE,1670729175202506578,42:82:F6:CB:7B:27,-90
BLE,1670729175352036466,5D:30:BE:7C:85:23,-97
BLE,1670729175447239917,7B:4C:B7:B8:08:6F,-90
BLE,1670729175472526824,42:82:F6:CB:7B:27,-89
BLE,1670729175622051421,5D:30:BE:7C:85:23,-83
BLE,1670729175894446014,5D:30:BE:7C:85:23,-98
BLE,1670729176186507082,7B:4C:B7:B8:08:6F,-100
BLE,1670729177166247053,6C:FB:F0:C6:FB:FB,-87
BLE,1670729177669082322,7B:4C:B7:B8:08:6F,-99
BLE,1670729177851598235,7B:4C:B7:B8:08:6F,-101
BLE,1670729178349208982,C9:7A:46:95:38:06,-79
BLE,1670729178411281744,7B:4C:B7:B8:08:6F,-102
BLE,1670729178639599070,5D:30:BE:7C:85:23,-98
BLE,1670729178967826208,6C:FB:F0:C6:FB:FB,-86
BLE,1670729178976887350,7B:4C:B7:B8:08:6F,-100
BLE,1670729179003678115,42:82:F6:CB:7B:27,-87
BLE,1670729179273700111,42:82:F6:CB:7B:27,-89
BLE,1670729179536133865,7B:4C:B7:B8:08:6F,-87
BLE,1670729179724549415,7B:4C:B7:B8:08:6F,-92
BLE,1670729179738189628,5D:30:BE:7C:85:23,-97
BLE,1670729179823571654,42:82:F6:CB:7B:27,-104
BLE,1670729179917183499,7B:4C:B7:B8:08:6F,-91
BLE,1670729180004715999,6C:FB:F0:C6:FB:FB,-88
BLE,1670729180010687762,5D:30:BE:7C:85:23,-85
BLE,1670729180349871519,C9:7A:46:95:38:06,-81
BLE,1670729180476962257,7B:4C:B7:B8:08:6F,-100
BLE,1670729180521324479,6C:FB:F0:C6:FB:FB,-87
BLE,1670729181652326735,5D:30:BE:7C:85:23,-100
BLE,1670729181725031037,42:82:F6:CB:7B:27,-98
BLE,1670729181972572176,7B:4C:B7:B8:08:6F,-103
BLE,1670729181994955201,42:82:F6:CB:7B:27,-102
BLE,1670729182073828346,6C:FB:F0:C6:FB:FB,-99
BLE,1670729182153906519,7B:4C:B7:B8:08:6F,-101
BLE,1670729182268793152,42:82:F6:CB:7B:27,-97
BLE,1670729182351173964,C9:7A:46:95:38:06,-82
BLE,1670729182521000652,7B:4C:B7:B8:08:6F,-102
BLE,1670729182592341846,6C:FB:F0:C6:FB:FB,-99
BLE,1670729182709526285,7B:4C:B7:B8:08:6F,-98
BLE,1670729182754502875,5D:30:BE:7C:85:23,-98
BLE,1670729183027153090,5D:30:BE:7C:85:23,-96
BLE,1670729183642062401,7B:4C:B7:B8:08:6F,-103
BLE,1670729183854912869,5D:30:BE:7C:85:23,-96
BLE,1670729184142788570,6C:FB:F0:C6:FB:FB,-99
BLE,1670729184178750309,42:82:F6:CB:7B:27,-98
BLE,1670729184352503284,C9:7A:46:95:38:06,-81
BLE,1670729184394935821,7B:4C:B7:B8:08:6F,-100
BLE,1670729184448744098,42:82:F6:CB:7B:27,-100
BLE,1670729184660200374,6C:FB:F0:C6:FB:FB,-102
BLE,1670729184720060912,42:82:F6:CB:7B:27,-97
BLE,1670729184960779882,5D:30:BE:7C:85:23,-96
BLE,1670729184992562338,42:82:F6:CB:7B:27,-99
BLE,1670729185232102488,5D:30:BE:7C:85:23,-96
BLE,1670729185903683625,7B:4C:B7:B8:08:6F,-106
BLE,1670729186352607910,C9:7A:46:95:38:06,-81
BLE,1670729186394102125,C8:B2:1E:C1:4C:16,-94
BLE,1670729186604388457,5D:30:BE:7C:85:23,-84
BLE,1670729186658273650,7B:4C:B7:B8:08:6F,-102
BLE,1670729186847091237,7B:4C:B7:B8:08:6F,-88
BLE,1670729187030835510,7B:4C:B7:B8:08:6F,-100
BLE,1670729187495290319,6C:FB:F0:C6:FB:FB,-99
BLE,1670729187976957589,5D:30:BE:7C:85:23,-95
BLE,1670729188011417055,6C:FB:F0:C6:FB:FB,-96
BLE,1670729188250294380,42:82:F6:CB:7B:27,-99
BLE,1670729188357662728,C9:7A:46:95:38:06,-82
BLE,1670729188522599641,42:82:F6:CB:7B:27,-101
BLE,1670729189266347836,7B:4C:B7:B8:08:6F,-104
BLE,1670729189322532584,14:BB:6E:11:32:18,-103
BLE,1670729189349265058,5D:30:BE:7C:85:23,-98
BLE,1670729190164149949,42:82:F6:CB:7B:27,-97
BLE,1670729190179306810,5D:30:BE:7C:85:23,-98
BLE,1670729190361414102,C9:7A:46:95:38:06,-80
BLE,1670729190385318360,7B:4C:B7:B8:08:6F,-102
BLE,1670729190433839824,42:82:F6:CB:7B:27,-98
BLE,1670729190451740445,5D:30:BE:7C:85:23,-96
BLE,1670729190571478895,7B:4C:B7:B8:08:6F,-100
BLE,1670729190705143014,42:82:F6:CB:7B:27,-96
BLE,1670729190977734771,42:82:F6:CB:7B:27,-99
BLE,1670729190999267682,5D:30:BE:7C:85:23,-106
BLE,1670729191135525020,7B:4C:B7:B8:08:6F,-101
BLE,1670729191269244262,5D:30:BE:7C:85:23,-104
BLE,1670729191821782565,5D:30:BE:7C:85:23,-96
BLE,1670729192154905311,6C:FB:F0:C6:FB:FB,-99
BLE,1670729192255921359,7B:4C:B7:B8:08:6F,-102
BLE,1670729192363877575,C9:7A:46:95:38:06,-81
BLE,1670729192630985815,7B:4C:B7:B8:08:6F,-99
BLE,1670729192668961447,6C:FB:F0:C6:FB:FB,-99
BLE,1670729192725018321,14:BB:6E:11:32:18,-104
BLE,1670729193156428857,42:82:F6:CB:7B:27,-99
BLE,1670729193192982505,5D:30:BE:7C:85:23,-95
BLE,1670729193698894529,42:82:F6:CB:7B:27,-100
BLE,1670729193940008953,7B:4C:B7:B8:08:6F,-100
BLE,1670729193955232480,6C:FB:F0:C6:FB:FB,-99
BLE,1670729193968878818,42:82:F6:CB:7B:27,-97
BLE,1670729194129765321,7B:4C:B7:B8:08:6F,-102
BLE,1670729194366649087,C9:7A:46:95:38:06,-80
BLE,1670729194566734623,5D:30:BE:7C:85:23,-97
BLE,1670729194838140395,5D:30:BE:7C:85:23,-95
BLE,1670729194887705764,7B:4C:B7:B8:08:6F,-99
BLE,1670729195072697355,7B:4C:B7:B8:08:6F,-103
BLE,1670729195263914081,7B:4C:B7:B8:08:6F,-99
BLE,1670729195940568199,5D:30:BE:7C:85:23,-95
BLE,1670729196024240495,6C:FB:F0:C6:FB:FB,-100
BLE,1670729196366926294,C9:7A:46:95:38:06,-82
BLE,1670729196753408655,7B:4C:B7:B8:08:6F,-99
BLE,1670729196940753802,7B:4C:B7:B8:08:6F,-102
BLE,1670729197131880987,7B:4C:B7:B8:08:6F,-102
BLE,1670729197312907125,5D:30:BE:7C:85:23,-98
BLE,1670729197685264821,7B:4C:B7:B8:08:6F,-99
BLE,1670729197842368494,6C:FB:F0:C6:FB:FB,-97
BLE,1670729197874719193,7B:4C:B7:B8:08:6F,-102
BLE,1670729198037704254,42:82:F6:CB:7B:27,-98
BLE,1670729198310214180,42:82:F6:CB:7B:27,-96
BLE,1670729198367690871,C9:7A:46:95:38:06,-80
BLE,1670729198580269551,42:82:F6:CB:7B:27,-98
BLE,1670729198954426475,5D:30:BE:7C:85:23,-94
BLE,1670729199228009721,5D:30:BE:7C:85:23,-96
BLE,1670729199546377851,7B:4C:B7:B8:08:6F,-100
BLE,1670729200280435495,7B:4C:B7:B8:08:6F,-101
BLE,1670729200367591083,C9:7A:46:95:38:06,-79
BLE,1670729200492784094,42:82:F6:CB:7B:27,-97
BLE,1670729200595411081,5D:30:BE:7C:85:23,-95
BLE,1670729200652856356,7B:4C:B7:B8:08:6F,-89
BLE,1670729200705480314,6C:FB:F0:C6:FB:FB,-100
BLE,1670729200762779841,42:82:F6:CB:7B:27,-98
BLE,1670729200844240122,7B:4C:B7:B8:08:6F,-101
BLE,1670729200865746408,5D:30:BE:7C:85:23,-85
BLE,1670729201140681637,5D:30:BE:7C:85:23,-96
BLE,1670729201415438202,5D:30:BE:7C:85:23,-92
BLE,1670729201589245760,7B:4C:B7:B8:08:6F,-102
BLE,1670729202148214528,7B:4C:B7:B8:08:6F,-88
BLE,1670729202241600292,5D:30:BE:7C:85:23,-98
BLE,1670729202336972408,7B:4C:B7:B8:08:6F,-90
BLE,1670729202526436113,7B:4C:B7:B8:08:6F,-101
BLE,1670729203070362476,5D:30:BE:7C:85:23,-98
BLE,1670729203214383263,42:82:F6:CB:7B:27,-100
BLE,1670729203262306068,7B:4C:B7:B8:08:6F,-100
BLE,1670729203345425038,5D:30:BE:7C:85:23,-95
BLE,1670729203610374303,5D:30:BE:7C:85:23,-86
BLE,1670729203755338704,42:82:F6:CB:7B:27,-87
BLE,1670729203836663653,D2:ED:7D:20:05:55,-88
BLE,1670729203887787837,5D:30:BE:7C:85:23,-89
BLE,1670729204025330909,42:82:F6:CB:7B:27,-98
BLE,1670729204196417874,7B:4C:B7:B8:08:6F,-88
BLE,1670729204295313114,42:82:F6:CB:7B:27,-87
BLE,1670729204372652403,C9:7A:46:95:38:06,-68
BLE,1670729204976426638,7B:4C:B7:B8:08:6F,-91
BLE,1670729205090323825,6C:FB:F0:C6:FB:FB,-89
BLE,1670729205109839551,42:82:F6:CB:7B:27,-95
BLE,1670729205254139126,5D:30:BE:7C:85:23,-85
BLE,1670729205877534128,6C:FB:F0:C6:FB:FB,-99
BLE,1670729205921175108,42:82:F6:CB:7B:27,-103
BLE,1670729206359301689,5D:30:BE:7C:85:23,-96
BLE,1670729206374123263,C9:7A:46:95:38:06,-79
BLE,1670729206393869819,6C:FB:F0:C6:FB:FB,-99
BLE,1670729206468993343,7B:4C:B7:B8:08:6F,-100
BLE,1670729207214232103,7B:4C:B7:B8:08:6F,-101
BLE,1670729207428004394,6C:FB:F0:C6:FB:FB,-99
BLE,1670729207457853664,5D:30:BE:7C:85:23,-95
BLE,1670729207733189639,5D:30:BE:7C:85:23,-96
BLE,1670729208095482538,42:82:F6:CB:7B:27,-97
BLE,1670729208376658402,C9:7A:46:95:38:06,-68
BLE,1670729208463614242,6C:FB:F0:C6:FB:FB,-87
BLE,1670729208628487281,14:BB:6E:11:32:18,-93
BLE,1670729208784867546,14:BB:6E:11:32:18,-91
BLE,1670729208831696239,5D:30:BE:7C:85:23,-85
BLE,1670729208905400987,42:82:F6:CB:7B:27,-87
BLE,1670729208980129015,6C:FB:F0:C6:FB:FB,-88
BLE,1670729209071082892,7B:4C:B7:B8:08:6F,-89
BLE,1670729209176790509,42:82:F6:CB:7B:27,-101
BLE,1670729209439566342,7B:4C:B7:B8:08:6F,-92
BLE,1670729209449159936,42:82:F6:CB:7B:27,-88
BLE,1670729209502946838,6C:FB:F0:C6:FB:FB,-98
BLE,1670729209719167225,42:82:F6:CB:7B:27,-97
BLE,1670729209805457198,7B:4C:B7:B8:08:6F,-91
BLE,1670729209989459968,42:82:F6:CB:7B:27,-96
BLE,1670729210173744234,7B:4C:B7:B8:08:6F,-89
BLE,1670729210264880775,42:82:F6:CB:7B:27,-92
BLE,1670729210379174749,C9:7A:46:95:38:06,-68
BLE,1670729210737762859,7B:4C:B7:B8:08:6F,-102
BLE,1670729210805249598,6C:FB:F0:C6:FB:FB,-100
BLE,1670729211036694220,5D:30:BE:7C:85:23,-98
BLE,1670729211857420874,7B:4C:B7:B8:08:6F,-103
BLE,1670729212140804129,5D:30:BE:7C:85:23,-95
BLE,1670729212168248135,42:82:F6:CB:7B:27,-97
BLE,1670729212384453356,C9:7A:46:95:38:06,-80
BLE,1670729212437946553,42:82:F6:CB:7B:27,-100
BLE,1670729212597736777,7B:4C:B7:B8:08:6F,-91
BLE,1670729212603973244,6C:FB:F0:C6:FB:FB,-98
BLE,1670729212711722588,42:82:F6:CB:7B:27,-100
BLE,1670729213154121784,7B:4C:B7:B8:08:6F,-103
BLE,1670729213521593496,7B:4C:B7:B8:08:6F,-91
BLE,1670729213702759925,7B:4C:B7:B8:08:6F,-100
BLE,1670729213875745784,D2:ED:7D:20:05:55,-103
BLE,1670729214254148783,7B:4C:B7:B8:08:6F,-99
BLE,1670729214388574767,C9:7A:46:95:38:06,-82
BLE,1670729214740978284,C8:B2:1E:C1:4C:16,-102
BLE,1670729214890623879,42:82:F6:CB:7B:27,-98
BLE,1670729215160553710,42:82:F6:CB:7B:27,-99
BLE,1670729215179136114,5D:30:BE:7C:85:23,-97
BLE,1670729215430537040,42:82:F6:CB:7B:27,-98
BLE,1670729215450313347,5D:30:BE:7C:85:23,-96
BLE,1670729215703102298,42:82:F6:CB:7B:27,-88
BLE,1670729215974395196,42:82:F6:CB:7B:27,-97
BLE,1670729216144258134,7B:4C:B7:B8:08:6F,-87
BLE,1670729216244300527,42:82:F6:CB:7B:27,-88
BLE,1670729216333025847,7B:4C:B7:B8:08:6F,-102
BLE,1670729216387954069,C9:7A:46:95:38:06,-65
BLE,1670729216515642008,42:82:F6:CB:7B:27,-88
BLE,1670729216890049388,7B:4C:B7:B8:08:6F,-88
BLE,1670729217013957164,6C:FB:F0:C6:FB:FB,-87
BLE,1670729217261563594,7B:4C:B7:B8:08:6F,-92
BLE,1670729217266248830,6C:FB:F0:C6:FB:FB,-88
BLE,1670729217361794027,5D:30:BE:7C:85:23,-86
BLE,1670729217638271280,7B:4C:B7:B8:08:6F,-92
BLE,1670729218017177815,7B:4C:B7:B8:08:6F,-102
BLE,1670729218191754572,5D:30:BE:7C:85:23,-95
BLE,1670729218392128605,C9:7A:46:95:38:06,-82
BLE,1670729218464153082,5D:30:BE:7C:85:23,-97
BLE,1670729218579728374,7B:4C:B7:B8:08:6F,-100
BLE,1670729218694342427,42:82:F6:CB:7B:27,-98
BLE,1670729218815577485,6C:FB:F0:C6:FB:FB,-102
BLE,1670729219143982995,7B:4C:B7:B8:08:6F,-101
BLE,1670729219294251416,5D:30:BE:7C:85:23,-96
BLE,1670729219329810243,6C:FB:F0:C6:FB:FB,-98
BLE,1670729219565508440,5D:30:BE:7C:85:23,-95
BLE,1670729219849354022,6C:FB:F0:C6:FB:FB,-97
BLE,1670729220073362857,7B:4C:B7:B8:08:6F,-102
BLE,1670729220395881646,C9:7A:46:95:38:06,-81
BLE,1670729220817891585,7B:4C:B7:B8:08:6F,-102
BLE,1670729220940196213,5D:30:BE:7C:85:23,-96
BLE,1670729221651707834,6C:FB:F0:C6:FB:FB,-99
BLE,1670729221686952123,42:82:F6:CB:7B:27,-101
BLE,1670729221738118389,7B:4C:B7:B8:08:6F,-105
BLE,1670729221899341721,D2:ED:7D:20:05:55,-100
BLE,1670729221959386882,42:82:F6:CB:7B:27,-100
BLE,1670729222040397585,5D:30:BE:7C:85:23,-96
BLE,1670729222105829599,7B:4C:B7:B8:08:6F,-100
BLE,1670729222294446105,7B:4C:B7:B8:08:6F,-102
BLE,1670729222395606402,C9:7A:46:95:38:06,-79
BLE,1670729222672078280,7B:4C:B7:B8:08:6F,-100
BLE,1670729222777545567,42:82:F6:CB:7B:27,-104
BLE,1670729223141589112,5D:30:BE:7C:85:23,-98
BLE,1670729223317541519,42:82:F6:CB:7B:27,-102
BLE,1670729224247910120,5D:30:BE:7C:85:23,-96
BLE,1670729224399786605,C9:7A:46:95:38:06,-80
BLE,1670729224542730654,7B:4C:B7:B8:08:6F,-100
BLE,1670729224915871716,7B:4C:B7:B8:08:6F,-100
BLE,1670729224949454692,42:82:F6:CB:7B:27,-99
BLE,1670729225106745154,7B:4C:B7:B8:08:6F,-100
BLE,1670729225222167906,42:82:F6:CB:7B:27,-89
BLE,1670729225274347869,6C:FB:F0:C6:FB:FB,-88
BLE,1670729225615608226,5D:30:BE:7C:85:23,-97
BLE,1670729226399723816,C9:7A:46:95:38:06,-65
BLE,1670729226609433364,7B:4C:B7:B8:08:6F,-91
BLE,1670729227344412329,6C:FB:F0:C6:FB:FB,-98
BLE,1670729227858563339,6C:FB:F0:C6:FB:FB,-99
BLE,1670729227946171714,42:82:F6:CB:7B:27,-100
BLE,1670729228103614299,7B:4C:B7:B8:08:6F,-99
BLE,1670729228215749174,42:82:F6:CB:7B:27,-97
BLE,1670729228292384762,7B:4C:B7:B8:08:6F,-104
BLE,1670729228339282329,5D:30:BE:7C:85:23,-95
BLE,1670729228402049333,C9:7A:46:95:38:06,-79
BLE,1670729229144856081,6C:FB:F0:C6:FB:FB,-98
BLE,1670729229440234817,5D:30:BE:7C:85:23,-96
BLE,1670729229659596666,6C:FB:F0:C6:FB:FB,-100
BLE,1670729229715085131,5D:30:BE:7C:85:23,-97
BLE,1670729229780368313,7B:4C:B7:B8:08:6F,-102
BLE,1670729230404737220,C9:7A:46:95:38:06,-79
BLE,1670729230545639211,5D:30:BE:7C:85:23,-96
BLE,1670729230944810671,6C:FB:F0:C6:FB:FB,-98
BLE,1670729231915247420,5D:30:BE:7C:85:23,-85
BLE,1670729232190460896,5D:30:BE:7C:85:23,-98
BLE,1670729232256552318,14:BB:6E:11:32:18,-103
BLE,1670729232404923429,C9:7A:46:95:38:06,-79
BLE,1670729232570972453,7B:4C:B7:B8:08:6F,-89
BLE,1670729233094750598,42:82:F6:CB:7B:27,-88
BLE,1670729233364652971,42:82:F6:CB:7B:27,-91
BLE,1670729233562604742,5D:30:BE:7C:85:23,-85
BLE,1670729233637104481,42:82:F6:CB:7B:27,-87
BLE,1670729233907119144,42:82:F6:CB:7B:27,-87
BLE,1670729234178400792,42:82:F6:CB:7B:27,-99
BLE,1670729234258904335,7B:4C:B7:B8:08:6F,-102
BLE,1670729234409629458,C9:7A:46:95:38:06,-79
BLE,1670729235204175674,5D:30:BE:7C:85:23,-96
BLE,1670729235474333377,5D:30:BE:7C:85:23,-96
BLE,1670729236121742218,6C:FB:F0:C6:FB:FB,-100
BLE,1670729236124091691,14:BB:6E:11:32:18,-106
BLE,1670729236305017122,5D:30:BE:7C:85:23,-96
BLE,1670729236357166293,42:82:F6:CB:7B:27,-99
BLE,1670729236410933654,C9:7A:46:95:38:06,-79
BLE,1670729236575502821,5D:30:BE:7C:85:23,-95
BLE,1670729236628431233,42:82:F6:CB:7B:27,-98
BLE,1670729236849040109,5D:30:BE:7C:85:23,-98
BLE,1670729237946548596,5D:30:BE:7C:85:23,-85
BLE,1670729238221341370,5D:30:BE:7C:85:23,-98
BLE,1670729238411018322,C9:7A:46:95:38:06,-68
BLE,1670729239720646744,6C:FB:F0:C6:FB:FB,-87
BLE,1670729240151261622,5D:30:BE:7C:85:23,-96
BLE,1670729240412375600,C9:7A:46:95:38:06,-79
BLE,1670729240424931575,5D:30:BE:7C:85:23,-96
BLE,1670729240428463283,42:82:F6:CB:7B:27,-97
BLE,1670729240503458100,6C:FB:F0:C6:FB:FB,-98
BLE,1670729240583075486,7B:4C:B7:B8:08:6F,-107
BLE,1670729240698472030,42:82:F6:CB:7B:27,-100
BLE,1670729240971057871,42:82:F6:CB:7B:27,-100
BLE,1670729241243573546,42:82:F6:CB:7B:27,-100
BLE,1670729241257438256,5D:30:BE:7C:85:23,-95
BLE,1670729241517102584,42:82:F6:CB:7B:27,-104
BLE,1670729241538029294,6C:FB:F0:C6:FB:FB,-98
BLE,1670729242058607060,6C:FB:F0:C6:FB:FB,-98
BLE,1670729242060382539,42:82:F6:CB:7B:27,-107
BLE,1670729242086194899,5D:30:BE:7C:85:23,-95
BLE,1670729242412213437,C9:7A:46:95:38:06,-79
BLE,1670729242578839081,6C:FB:F0:C6:FB:FB,-99
BLE,1670729243421114854,42:82:F6:CB:7B:27,-98
BLE,1670729243692573583,42:82:F6:CB:7B:27,-98
BLE,1670729243962949450,D2:ED:7D:20:05:55,-100
BLE,1670729243966146746,42:82:F6:CB:7B:27,-100
BLE,1670729244412230940,C9:7A:46:95:38:06,-80
BLE,1670729244561668412,5D:30:BE:7C:85:23,-96
BLE,1670729244833597344,5D:30:BE:7C:85:23,-95
BLE,1670729245109830059,5D:30:BE:7C:85:23,-107
BLE,1670729245702188638,6C:FB:F0:C6:FB:FB,-88
BLE,1670729245935069660,5D:30:BE:7C:85:23,-87
BLE,1670729246012221825,79:39:39:CC:D8:A4,-89
BLE,1670729246208639031,5D:30:BE:7C:85:23,-97
BLE,1670729246349702019,7B:4C:B7:B8:08:6F,-102
BLE,1670729246413398928,C9:7A:46:95:38:06,-79
BLE,1670729246954861946,42:82:F6:CB:7B:27,-87
BLE,1670729247224868401,42:82:F6:CB:7B:27,-89
BLE,1670729247268568798,7B:4C:B7:B8:08:6F,-91
BLE,1670729247307271879,5D:30:BE:7C:85:23,-92
BLE,1670729247458231542,7B:4C:B7:B8:08:6F,-95
BLE,1670729247581061456,5D:30:BE:7C:85:23,-84
BLE,1670729248410573548,5D:30:BE:7C:85:23,-98
BLE,1670729248679901011,5D:30:BE:7C:85:23,-97
BLE,1670729249407475107,42:82:F6:CB:7B:27,-99
BLE,1670729249679905033,42:82:F6:CB:7B:27,-100
BLE,1670729249949920529,42:82:F6:CB:7B:27,-100
BLE,1670729250114652237,6C:FB:F0:C6:FB:FB,-99
BLE,1670729250221175136,42:82:F6:CB:7B:27,-99
BLE,1670729250325302523,5D:30:BE:7C:85:23,-95
BLE,1670729250594949441,5D:30:BE:7C:85:23,-96
BLE,1670729250866233339,5D:30:BE:7C:85:23,-95
BLE,1670729251967380199,5D:30:BE:7C:85:23,-97
BLE,1670729252291508177,7B:4C:B7:B8:08:6F,-102
BLE,1670729252670280464,42:82:F6:CB:7B:27,-99
BLE,1670729252797309453,5D:30:BE:7C:85:23,-95
BLE,1670729252850173032,7B:4C:B7:B8:08:6F,-106
BLE,1670729252942585225,42:82:F6:CB:7B:27,-88
BLE,1670729253067263742,5D:30:BE:7C:85:23,-85
BLE,1670729253212519556,42:82:F6:CB:7B:27,-99
BLE,1670729253341033027,5D:30:BE:7C:85:23,-97
BLE,1670729253898520062,5D:30:BE:7C:85:23,-84
BLE,1670729255121436183,42:82:F6:CB:7B:27,-97
BLE,1670729255391342389,42:82:F6:CB:7B:27,-99
BLE,1670729255458538423,7B:4C:B7:B8:08:6F,-102
BLE,1670729255662501539,42:82:F6:CB:7B:27,-98
BLE,1670729255813575242,5D:30:BE:7C:85:23,-97
BLE,1670729255932509036,42:82:F6:CB:7B:27,-98
BLE,1670729256002075042,D2:ED:7D:20:05:55,-103
BLE,1670729256203753393,42:82:F6:CB:7B:27,-97
BLE,1670729256373648414,5D:30:BE:7C:85:23,-95
BLE,1670729256422128087,C9:7A:46:95:38:06,-81
BLE,1670729256473762098,42:82:F6:CB:7B:27,-98
BLE,1670729256643616744,5D:30:BE:7C:85:23,-95
BLE,1670729256743751803,42:82:F6:CB:7B:27,-100
BLE,1670729257013830007,42:82:F6:CB:7B:27,-101
BLE,1670729257068065487,6C:FB:F0:C6:FB:FB,-99
BLE,1670729257283975794,42:82:F6:CB:7B:27,-99
BLE,1670729257553848917,42:82:F6:CB:7B:27,-87
BLE,1670729257751194903,5D:30:BE:7C:85:23,-95
BLE,1670729257826426967,42:82:F6:CB:7B:27,-99
BLE,1670729258101258823,6C:FB:F0:C6:FB:FB,-99
BLE,1670729258354995513,14:BB:6E:11:32:18,-91
BLE,1670729258422168297,C9:7A:46:95:38:06,-67
BLE,1670729258925806432,79:39:39:CC:D8:A4,-90
BLE,1670729259131060199,5D:30:BE:7C:85:23,-109
BLE,1670729260275167923,7B:4C:B7:B8:08:6F,-104
BLE,1670729260426068962,C9:7A:46:95:38:06,-80
BLE,1670729260783745874,5D:30:BE:7C:85:23,-84
BLE,1670729261057368411,5D:30:BE:7C:85:23,-84
BLE,1670729261083852638,42:82:F6:CB:7B:27,-99
BLE,1670729261253448537,C8:B2:1E:C1:4C:16,-92
BLE,1670729261355096786,42:82:F6:CB:7B:27,-88
BLE,1670729261628003457,42:82:F6:CB:7B:27,-87
BLE,1670729261992558746,6C:FB:F0:C6:FB:FB,-88
BLE,1670729262144093235,7B:4C:B7:B8:08:6F,-92
BLE,1670729262428486769,C9:7A:46:95:38:06,-81
BLE,1670729262443425841,42:82:F6:CB:7B:27,-92
BLE,1670729262511356450,6C:FB:F0:C6:FB:FB,-87
BLE,1670729262885636040,7B:4C:B7:B8:08:6F,-101
BLE,1670729263258534562,5D:30:BE:7C:85:23,-96
BLE,1670729263533834663,5D:30:BE:7C:85:23,-84
BLE,1670729263807804362,42:82:F6:CB:7B:27,-100
BLE,1670729264077477196,5D:30:BE:7C:85:23,-91
BLE,1670729264313853760,6C:FB:F0:C6:FB:FB,-100
BLE,1670729264348970717,42:82:F6:CB:7B:27,-89
BLE,1670729264432399808,C9:7A:46:95:38:06,-66
BLE,1670729264735879532,7B:4C:B7:B8:08:6F,-92
BLE,1670729264902283594,5D:30:BE:7C:85:23,-97
BLE,1670729264923708673,7B:4C:B7:B8:08:6F,-89
BLE,1670729265175989672,5D:30:BE:7C:85:23,-86
BLE,1670729265613662549,6C:FB:F0:C6:FB:FB,-100
BLE,1670729266277507445,5D:30:BE:7C:85:23,-96
BLE,1670729266381368251,6C:FB:F0:C6:FB:FB,-102
BLE,1670729266432276687,C9:7A:46:95:38:06,-81
BLE,1670729266547325777,5D:30:BE:7C:85:23,-83
BLE,1670729267609098856,42:82:F6:CB:7B:27,-98
BLE,1670729267880292005,42:82:F6:CB:7B:27,-102
BLE,1670729267919807035,5D:30:BE:7C:85:23,-98
BLE,1670729267933612829,6C:FB:F0:C6:FB:FB,-98
BLE,1670729268154140081,42:82:F6:CB:7B:27,-98
BLE,1670729268435002657,C9:7A:46:95:38:06,-81
BLE,1670729269208834328,7B:4C:B7:B8:08:6F,-91
BLE,1670729269292365751,5D:30:BE:7C:85:23,-84
BLE,1670729269396599553,7B:4C:B7:B8:08:6F,-93
BLE,1670729269730742078,6C:FB:F0:C6:FB:FB,-99
BLE,1670729270124804974,5D:30:BE:7C:85:23,-85
BLE,1670729270252580329,6C:FB:F0:C6:FB:FB,-101
BLE,1670729270334943141,7B:4C:B7:B8:08:6F,-93
BLE,1670729270600456733,42:82:F6:CB:7B:27,-97
BLE,1670729270871874421,42:82:F6:CB:7B:27,-98
BLE,1670729270953591324,5D:30:BE:7C:85:23,-96
BLE,1670729271070636807,7B:4C:B7:B8:08:6F,-99
BLE,1670729271146651320,42:82:F6:CB:7B:27,-99
BLE,1670729271223548363,5D:30:BE:7C:85:23,-96
BLE,1670729271416639650,42:82:F6:CB:7B:27,-98
BLE,1670729271497280816,5D:30:BE:7C:85:23,-96
BLE,1670729272050899231,6C:FB:F0:C6:FB:FB,-99
BLE,1670729272435888527,C9:7A:46:95:38:06,-79
BLE,1670729272555637894,7B:4C:B7:B8:08:6F,-102
BLE,1670729272817504821,6C:FB:F0:C6:FB:FB,-98
BLE,1670729272911292205,14:BB:6E:11:32:18,-94
BLE,1670729273158738053,5D:30:BE:7C:85:23,-97
BLE,1670729273429851079,5D:30:BE:7C:85:23,-96
BLE,1670729273702598918,5D:30:BE:7C:85:23,-94
BLE,1670729273849538378,6C:FB:F0:C6:FB:FB,-102
BLE,1670729273973333323,5D:30:BE:7C:85:23,-94
BLE,1670729274404130282,42:82:F6:CB:7B:27,-97
BLE,1670729274435952112,C9:7A:46:95:38:06,-79
BLE,1670729274607402572,7B:4C:B7:B8:08:6F,-102
BLE,1670729274677879442,42:82:F6:CB:7B:27,-98
BLE,1670729274803585072,5D:30:BE:7C:85:23,-97
BLE,1670729274947927605,42:82:F6:CB:7B:27,-101
BLE,1670729275073506278,5D:30:BE:7C:85:23,-96
BLE,1670729275346138410,5D:30:BE:7C:85:23,-96
BLE,1670729275487971973,42:82:F6:CB:7B:27,-99
BLE,1670729276159906564,5D:30:BE:7C:85:23,-96
BLE,1670729276436079446,C9:7A:46:95:38:06,-65
BLE,1670729276713509979,5D:30:BE:7C:85:23,-98
BLE,1670729278087449803,5D:30:BE:7C:85:23,-94
BLE,1670729278435873867,C9:7A:46:95:38:06,-80
BLE,1670729278748033238,42:82:F6:CB:7B:27,-98
BLE,1670729279018080859,42:82:F6:CB:7B:27,-96
BLE,1670729279289233217,42:82:F6:CB:7B:27,-100
BLE,1670729279459661690,5D:30:BE:7C:85:23,-98
BLE,1670729279560463241,42:82:F6:CB:7B:27,-98
BLE,1670729279732438195,5D:30:BE:7C:85:23,-96
BLE,1670729279788970065,6C:FB:F0:C6:FB:FB,-101
BLE,1670729280055831099,D2:ED:7D:20:05:55,-101
BLE,1670729280311047646,6C:FB:F0:C6:FB:FB,-99
BLE,1670729280437056606,C9:7A:46:95:38:06,-80
BLE,1670729280595032769,7B:4C:B7:B8:08:6F,-89
BLE,1670729281393861850,5D:30:BE:7C:85:23,-98
BLE,1670729281471784090,42:82:F6:CB:7B:27,-99
BLE,1670729281665887781,5D:30:BE:7C:85:23,-96
BLE,1670729282377734689,6C:FB:F0:C6:FB:FB,-100
BLE,1670729282440845605,C9:7A:46:95:38:06,-66
BLE,1670729284408647199,5D:30:BE:7C:85:23,-95
BLE,1670729284448399393,6C:FB:F0:C6:FB:FB,-99
BLE,1670729284463009802,42:82:F6:CB:7B:27,-97
BLE,1670729284682297860,5D:30:BE:7C:85:23,-97
BLE,1670729284688806741,7B:4C:B7:B8:08:6F,-92
BLE,1670729284952229108,5D:30:BE:7C:85:23,-97
BLE,1670729284967866755,6C:FB:F0:C6:FB:FB,-98
BLE,1670729285486700126,6C:FB:F0:C6:FB:FB,-99
BLE,1670729285736545904,14:BB:6E:11:32:18,-102
BLE,1670729286324773990,5D:30:BE:7C:85:23,-95
BLE,1670729286913397781,42:82:F6:CB:7B:27,-97
BLE,1670729287183178114,42:82:F6:CB:7B:27,-98
BLE,1670729287456890233,42:82:F6:CB:7B:27,-99
BLE,1670729287473044999,7B:4C:B7:B8:08:6F,-104
BLE,1670729287964677401,5D:30:BE:7C:85:23,-85
BLE,1670729288071728545,6C:FB:F0:C6:FB:FB,-99
BLE,1670729288234670856,5D:30:BE:7C:85:23,-96
BLE,1670729288392219108,7B:4C:B7:B8:08:6F,-102
BLE,1670729288447198703,C9:7A:46:95:38:06,-79
BLE,1670729289516548401,7B:4C:B7:B8:08:6F,-104
BLE,1670729289610886154,5D:30:BE:7C:85:23,-98
BLE,1670729289870836312,6C:FB:F0:C6:FB:FB,-97
BLE,1670729290175960766,42:82:F6:CB:7B:27,-97
BLE,1670729290445772806,42:82:F6:CB:7B:27,-88
BLE,1670729290448525898,C9:7A:46:95:38:06,-66
BLE,1670729290718254649,42:82:F6:CB:7B:27,-86
BLE,1670729290988470101,42:82:F6:CB:7B:27,-89
BLE,1670729291262143096,42:82:F6:CB:7B:27,-89
BLE,1670729291532054927,42:82:F6:CB:7B:27,-98
BLE,1670729291671510227,6C:FB:F0:C6:FB:FB,-88
BLE,1670729291921051342,6C:FB:F0:C6:FB:FB,-99
BLE,1670729292085710592,5D:30:BE:7C:85:23,-85
BLE,1670729292449816052,C9:7A:46:95:38:06,-65
BLE,1670729292685408083,6C:FB:F0:C6:FB:FB,-89
BLE,1670729292913257706,5D:30:BE:7C:85:23,-84
BLE,1670729293709774524,42:82:F6:CB:7B:27,-99
BLE,1670729293749511468,5D:30:BE:7C:85:23,-85
BLE,1670729293982063785,42:82:F6:CB:7B:27,-87
BLE,1670729294020687576,5D:30:BE:7C:85:23,-85
BLE,1670729294237758619,6C:FB:F0:C6:FB:FB,-100
BLE,1670729294251980700,42:82:F6:CB:7B:27,-88
BLE,1670729294454882328,C9:7A:46:95:38:06,-80
BLE,1670729294579898591,5D:30:BE:7C:85:23,-85
BLE,1670729295123651748,7B:4C:B7:B8:08:6F,-109
BLE,1670729295521715388,6C:FB:F0:C6:FB:FB,-88
BLE,1670729295893413842,42:82:F6:CB:7B:27,-89
BLE,1670729295956101138,5D:30:BE:7C:85:23,-98
BLE,1670729296036145728,6C:FB:F0:C6:FB:FB,-88
BLE,1670729296163476713,42:82:F6:CB:7B:27,-98
BLE,1670729296455005662,C9:7A:46:95:38:06,-79
BLE,1670729296707256995,42:82:F6:CB:7B:27,-98
BLE,1670729296803073522,6C:FB:F0:C6:FB:FB,-99
BLE,1670729296977233659,42:82:F6:CB:7B:27,-100
BLE,1670729297056835004,5D:30:BE:7C:85:23,-95
BLE,1670729297247266405,42:82:F6:CB:7B:27,-100
BLE,1670729297326844417,5D:30:BE:7C:85:23,-96
BLE,1670729297599554007,5D:30:BE:7C:85:23,-98
BLE,1670729297877049998,5D:30:BE:7C:85:23,-101
BLE,1670729297920523522,7B:4C:B7:B8:08:6F,-91
BLE,1670729298096482054,D2:ED:7D:20:05:55,-89
BLE,1670729298158158029,5D:30:BE:7C:85:23,-85
BLE,1670729298431892481,5D:30:BE:7C:85:23,-84
BLE,1670729298481812888,7B:4C:B7:B8:08:6F,-88
BLE,1670729298846818338,6C:FB:F0:C6:FB:FB,-101
BLE,1670729299366791986,6C:FB:F0:C6:FB:FB,-87
BLE,1670729299803114713,5D:30:BE:7C:85:23,-96
BLE,1670729300164358666,7B:4C:B7:B8:08:6F,-103
BLE,1670729300212437469,79:39:39:CC:D8:A4,-103
BLE,1670729300401025934,6C:FB:F0:C6:FB:FB,-99
BLE,1670729300460170856,C9:7A:46:95:38:06,-79
BLE,1670729300631831231,5D:30:BE:7C:85:23,-97
BLE,1670729300774553533,42:82:F6:CB:7B:27,-98
BLE,1670729300918247657,6C:FB:F0:C6:FB:FB,-98
BLE,1670729301049671927,42:82:F6:CB:7B:27,-98
BLE,1670729301319649383,42:82:F6:CB:7B:27,-98
BLE,1670729301733663666,5D:30:BE:7C:85:23,-97
BLE,1670729302197054238,7B:4C:B7:B8:08:6F,-101
BLE,1670729302465203173,C9:7A:46:95:38:06,-80
BLE,1670729303238833680,6C:FB:F0:C6:FB:FB,-99
BLE,1670729303699752114,7B:4C:B7:B8:08:6F,-102
BLE,1670729303770852893,42:82:F6:CB:7B:27,-99
BLE,1670729303879566100,7B:4C:B7:B8:08:6F,-102
BLE,1670729303939841300,5D:30:BE:7C:85:23,-84
BLE,1670729304023195933,6C:FB:F0:C6:FB:FB,-99
BLE,1670729304213001301,5D:30:BE:7C:85:23,-97
BLE,1670729304485176647,5D:30:BE:7C:85:23,-97
BLE,1670729304539251587,6C:FB:F0:C6:FB:FB,-100
BLE,1670729305388712941,7B:4C:B7:B8:08:6F,-102
BLE,1670729305584318281,5D:30:BE:7C:85:23,-98
BLE,1670729305826912437,6C:FB:F0:C6:FB:FB,-89
BLE,1670729305949669435,42:82:F6:CB:7B:27,-87
BLE,1670729306109115914,D2:ED:7D:20:05:55,-89
BLE,1670729306222140111,42:82:F6:CB:7B:27,-98
BLE,1670729306343909538,6C:FB:F0:C6:FB:FB,-89
BLE,1670729306474175863,C9:7A:46:95:38:06,-65
BLE,1670729306477425700,C8:B2:1E:C1:4C:16,-91
BLE,1670729306688276358,5D:30:BE:7C:85:23,-83
BLE,1670729306860428727,6C:FB:F0:C6:FB:FB,-88
BLE,1670729306910409924,14:BB:6E:11:32:18,-91
BLE,1670729307376799669,6C:FB:F0:C6:FB:FB,-87
BLE,1670729307438118898,7B:4C:B7:B8:08:6F,-92
BLE,1670729307517174874,5D:30:BE:7C:85:23,-85
BLE,1670729308182027299,7B:4C:B7:B8:08:6F,-102
BLE,1670729308476762377,C9:7A:46:95:38:06,-80
BLE,1670729309212472376,42:82:F6:CB:7B:27,-99
BLE,1670729309297076411,7B:4C:B7:B8:08:6F,-105
BLE,1670729309451811195,5D:30:BE:7C:85:23,-96
BLE,1670729309484693096,42:82:F6:CB:7B:27,-100
BLE,1670729309727202628,5D:30:BE:7C:85:23,-97
BLE,1670729310406298009,7B:4C:B7:B8:08:6F,-104
BLE,1670729310480484335,C9:7A:46:95:38:06,-79
BLE,1670729310750229751,6C:FB:F0:C6:FB:FB,-99
BLE,1670729310778931368,7B:4C:B7:B8:08:6F,-89
BLE,1670729311095760475,5D:30:BE:7C:85:23,-84
BLE,1670729311266760649,6C:FB:F0:C6:FB:FB,-99
BLE,1670729311366854917,5D:30:BE:7C:85:23,-86
BLE,1670729311631973847,C8:B2:1E:C1:4C:16,-90
BLE,1670729311639316343,5D:30:BE:7C:85:23,-97
BLE,1670729312178533929,14:BB:6E:11:32:18,-91
BLE,1670729312306611322,6C:FB:F0:C6:FB:FB,-101
BLE,1670729312481800113,C9:7A:46:95:38:06,-65
BLE,1670729312736872413,5D:30:BE:7C:85:23,-95
BLE,1670729312744739194,42:82:F6:CB:7B:27,-94
BLE,1670729312823173970,6C:FB:F0:C6:FB:FB,-87
BLE,1670729313948407835,7B:4C:B7:B8:08:6F,-102
BLE,1670729314106621162,6C:FB:F0:C6:FB:FB,-98
BLE,1670729314136089228,7B:4C:B7:B8:08:6F,-107
BLE,1670729314379347335,5D:30:BE:7C:85:23,-95
BLE,1670729314481659951,C9:7A:46:95:38:06,-80
BLE,1670729314650569442,5D:30:BE:7C:85:23,-96
BLE,1670729315466193157,42:82:F6:CB:7B:27,-99
BLE,1670729315486788537,5D:30:BE:7C:85:23,-97
BLE,1670729315738833039,42:82:F6:CB:7B:27,-99
BLE,1670729315928644990,6C:FB:F0:C6:FB:FB,-101
BLE,1670729316011120967,42:82:F6:CB:7B:27,-97
BLE,1670729316315576887,5D:30:BE:7C:85:23,-96
BLE,1670729316442962830,6C:FB:F0:C6:FB:FB,-99
BLE,1670729317690830279,7B:4C:B7:B8:08:6F,-102
BLE,1670729317962025553,5D:30:BE:7C:85:23,-98
BLE,1670729317995719778,6C:FB:F0:C6:FB:FB,-99
BLE,1670729318145743618,D2:ED:7D:20:05:55,-101
BLE,1670729318520582660,5D:30:BE:7C:85:23,-97
BLE,1670729318975094128,7B:4C:B7:B8:08:6F,-104
BLE,1670729319541225811,42:82:F6:CB:7B:27,-87
BLE,1670729319599453535,5D:30:BE:7C:85:23,-85
BLE,1670729320080191359,7B:4C:B7:B8:08:6F,-104
BLE,1670729320435801670,5D:30:BE:7C:85:23,-97
BLE,1670729320636818238,7B:4C:B7:B8:08:6F,-91
BLE,1670729320651937766,C8:B2:1E:C1:4C:16,-91
BLE,1670729321722665780,42:82:F6:CB:7B:27,-89
BLE,1670729321744547062,7B:4C:B7:B8:08:6F,-103
BLE,1670729322137120392,6C:FB:F0:C6:FB:FB,-86
BLE,1670729322148521215,D2:ED:7D:20:05:55,-90
BLE,1670729322310750202,7B:4C:B7:B8:08:6F,-97
BLE,1670729322369790666,5D:30:BE:7C:85:23,-84
BLE,1670729322494780680,C9:7A:46:95:38:06,-68
BLE,1670729322873397759,7B:4C:B7:B8:08:6F,-99
BLE,1670729323743044790,5D:30:BE:7C:85:23,-85
BLE,1670729324177482873,42:82:F6:CB:7B:27,-87
BLE,1670729324291524517,5D:30:BE:7C:85:23,-92
BLE,1670729324499631375,C9:7A:46:95:38:06,-65
BLE,1670729324843169080,5D:30:BE:7C:85:23,-96
BLE,1670729325243433027,6C:FB:F0:C6:FB:FB,-101
BLE,1670729326359132673,42:82:F6:CB:7B:27,-98
BLE,1670729326499749792,C9:7A:46:95:38:06,-79
BLE,1670729326509134389,5D:30:BE:7C:85:23,-96
BLE,1670729326549484909,6C:FB:F0:C6:FB:FB,-98
BLE,1670729326628905214,42:82:F6:CB:7B:27,-97
BLE,1670729326899544662,42:82:F6:CB:7B:27,-100
BLE,1670729327172973368,42:82:F6:CB:7B:27,-98
BLE,1670729327376962733,7B:4C:B7:B8:08:6F,-91
BLE,1670729327442767200,42:82:F6:CB:7B:27,-88
BLE,1670729327566155024,7B:4C:B7:B8:08:6F,-99
BLE,1670729327610386040,5D:30:BE:7C:85:23,-85
BLE,1670729327754891821,7B:4C:B7:B8:08:6F,-90
BLE,1670729327946510834,7B:4C:B7:B8:08:6F,-101
BLE,1670729328348488011,6C:FB:F0:C6:FB:FB,-89
BLE,1670729328441593445,5D:30:BE:7C:85:23,-86
BLE,1670729328504744527,C9:7A:46:95:38:06,-65
BLE,1670729328714208577,5D:30:BE:7C:85:23,-97
BLE,1670729328982859840,5D:30:BE:7C:85:23,-85
BLE,1670729329439639865,7B:4C:B7:B8:08:6F,-92
BLE,1670729329531631646,5D:30:BE:7C:85:23,-103
BLE,1670729330087902446,5D:30:BE:7C:85:23,-85
BLE,1670729330430260790,42:82:F6:CB:7B:27,-98
BLE,1670729330506161304,C9:7A:46:95:38:06,-79
BLE,1670729330703924035,42:82:F6:CB:7B:27,-99
BLE,1670729330974057572,42:82:F6:CB:7B:27,-96
BLE,1670729331189167097,5D:30:BE:7C:85:23,-95
BLE,1670729331453458453,6C:FB:F0:C6:FB:FB,-101
BLE,1670729331459050595,5D:30:BE:7C:85:23,-96
BLE,1670729331730403409,5D:30:BE:7C:85:23,-97
BLE,1670729332486972993,6C:FB:F0:C6:FB:FB,-100
BLE,1670729332506286597,C9:7A:46:95:38:06,-79
BLE,1670729332737599679,6C:FB:F0:C6:FB:FB,-97
BLE,1670729333372927830,5D:30:BE:7C:85:23,-96
BLE,1670729333643268115,5D:30:BE:7C:85:23,-96
BLE,1670729333964363254,42:82:F6:CB:7B:27,-100
BLE,1670729334505964353,C9:7A:46:95:38:06,-80
BLE,1670729334532562037,6C:FB:F0:C6:FB:FB,-98
BLE,1670729334729081408,5D:30:BE:7C:85:23,-103
BLE,1670729335014144392,5D:30:BE:7C:85:23,-96
BLE,1670729335551581166,5D:30:BE:7C:85:23,-98
BLE,1670729335822127740,5D:30:BE:7C:85:23,-85
BLE,1670729335945946684,7B:4C:B7:B8:08:6F,-93
BLE,1670729336138363020,7B:4C:B7:B8:08:6F,-90
BLE,1670729336506041688,C9:7A:46:95:38:06,-65
BLE,1670729336923911551,5D:30:BE:7C:85:23,-99
BLE,1670729337196460184,5D:30:BE:7C:85:23,-84
BLE,1670729337619225531,6C:FB:F0:C6:FB:FB,-102
BLE,1670729337811215039,7B:4C:B7:B8:08:6F,-91
BLE,1670729338137387784,6C:FB:F0:C6:FB:FB,-100
BLE,1670729338508746492,C9:7A:46:95:38:06,-80
BLE,1670729338568909901,5D:30:BE:7C:85:23,-97
BLE,1670729338576622143,42:82:F6:CB:7B:27,-97
BLE,1670729339170928365,6C:FB:F0:C6:FB:FB,-101
BLE,1670729339693366318,7B:4C:B7:B8:08:6F,-106
BLE,1670729340202979381,6C:FB:F0:C6:FB:FB,-98
BLE,1670729340210134379,5D:30:BE:7C:85:23,-97
BLE,1670729340509962855,C9:7A:46:95:38:06,-80
BLE,1670729341239435428,6C:FB:F0:C6:FB:FB,-97
BLE,1670729341270987678,C8:B2:1E:C1:4C:16,-102
BLE,1670729341311329198,5D:30:BE:7C:85:23,-97
BLE,1670729341569186172,42:82:F6:CB:7B:27,-99
BLE,1670729341586290177,5D:30:BE:7C:85:23,-96
BLE,1670729341840418404,42:82:F6:CB:7B:27,-98
BLE,1670729341921830561,7B:4C:B7:B8:08:6F,-104
BLE,1670729342110471776,42:82:F6:CB:7B:27,-100
BLE,1670729342381634634,42:82:F6:CB:7B:27,-99
BLE,1670729342541511899,6C:FB:F0:C6:FB:FB,-100
BLE,1670729343226537917,5D:30:BE:7C:85:23,-99
BLE,1670729343497551277,5D:30:BE:7C:85:23,-98
BLE,1670729343776819997,7B:4C:B7:B8:08:6F,-101
BLE,1670729344512003002,C9:7A:46:95:38:06,-80
BLE,1670729345432095766,5D:30:BE:7C:85:23,-96
BLE,1670729345872275906,6C:FB:F0:C6:FB:FB,-101
BLE,1670729345910552617,42:82:F6:CB:7B:27,-98
BLE,1670729346181766724,42:82:F6:CB:7B:27,-99
BLE,1670729346266307677,5D:30:BE:7C:85:23,-96
BLE,1670729346451785054,42:82:F6:CB:7B:27,-99
BLE,1670729346512031296,C9:7A:46:95:38:06,-82
BLE,1670729346537452952,5D:30:BE:7C:85:23,-98
BLE,1670729346642237789,6C:FB:F0:C6:FB:FB,-99
BLE,1670729346723009370,42:82:F6:CB:7B:27,-99
BLE,1670729347426336171,6C:FB:F0:C6:FB:FB,-99
BLE,1670729347636854458,5D:30:BE:7C:85:23,-96
BLE,1670729347943624518,6C:FB:F0:C6:FB:FB,-100
BLE,1670729348093089615,42:82:F6:CB:7B:27,-98
BLE,1670729348363060779,42:82:F6:CB:7B:27,-97
BLE,1670729348516980156,C9:7A:46:95:38:06,-81
BLE,1670729348634328677,42:82:F6:CB:7B:27,-100
BLE,1670729349175669280,42:82:F6:CB:7B:27,-99
BLE,1670729349570270086,5D:30:BE:7C:85:23,-96
BLE,1670729349844240077,5D:30:BE:7C:85:23,-96
BLE,1670729350402624602,5D:30:BE:7C:85:23,-96
BLE,1670729350477425796,7B:4C:B7:B8:08:6F,-98
BLE,1670729351506334682,5D:30:BE:7C:85:23,-86
BLE,1670729351895899674,42:82:F6:CB:7B:27,-87
BLE,1670729352521113445,C9:7A:46:95:38:06,-66
BLE,1670729352706943568,42:82:F6:CB:7B:27,-99
BLE,1670729353367576460,6C:FB:F0:C6:FB:FB,-87
BLE,1670729353985227155,5D:30:BE:7C:85:23,-84
BLE,1670729354399652434,6C:FB:F0:C6:FB:FB,-87
BLE,1670729354522293975,C9:7A:46:95:38:06,-66
BLE,1670729354618199335,42:82:F6:CB:7B:27,-87
BLE,1670729354888205165,42:82:F6:CB:7B:27,-98
BLE,1670729354947111964,7B:4C:B7:B8:08:6F,-100
BLE,1670729355086208476,5D:30:BE:7C:85:23,-96
BLE,1670729355159413606,42:82:F6:CB:7B:27,-98
BLE,1670729355429418686,42:82:F6:CB:7B:27,-97
BLE,1670729355437528381,6C:FB:F0:C6:FB:FB,-99
BLE,1670729355697277250,7B:4C:B7:B8:08:6F,-101
BLE,1670729355699402141,42:82:F6:CB:7B:27,-99
BLE,1670729356186478764,5D:30:BE:7C:85:23,-98
BLE,1670729356203977223,6C:FB:F0:C6:FB:FB,-99
BLE,1670729356214896426,D2:ED:7D:20:05:55,-102
BLE,1670729356241869980,42:82:F6:CB:7B:27,-98
BLE,1670729356263687721,7B:4C:B7:B8:08:6F,-101
BLE,1670729356522287520,C9:7A:46:95:38:06,-82
BLE,1670729358522262147,C9:7A:46:95:38:06,-65
BLE,1670729358930222962,5D:30:BE:7C:85:23,-85
BLE,1670729359200127918,5D:30:BE:7C:85:23,-84
BLE,1670729359553865044,6C:FB:F0:C6:FB:FB,-101
BLE,1670729360522113318,C9:7A:46:95:38:06,-79
BLE,1670729360572735841,5D:30:BE:7C:85:23,-95
BLE,1670729360843985782,5D:30:BE:7C:85:23,-97
BLE,1670729361116359750,5D:30:BE:7C:85:23,-97
BLE,1670729361123261710,42:82:F6:CB:7B:27,-100
BLE,1670729361352650606,6C:FB:F0:C6:FB:FB,-99
BLE,1670729361869534541,6C:FB:F0:C6:FB:FB,-100
BLE,1670729362217726191,5D:30:BE:7C:85:23,-96
BLE,1670729362387473089,6C:FB:F0:C6:FB:FB,-100
BLE,1670729363033567487,42:82:F6:CB:7B:27,-99
BLE,1670729363304613638,42:82:F6:CB:7B:27,-99
BLE,1670729363320210994,5D:30:BE:7C:85:23,-95
BLE,1670729363575904620,42:82:F6:CB:7B:27,-97
BLE,1670729363772439032,14:BB:6E:11:32:18,-102
BLE,1670729364188908578,6C:FB:F0:C6:FB:FB,-98
BLE,1670729364496756042,7B:4C:B7:B8:08:6F,-105
BLE,1670729364527227179,C9:7A:46:95:38:06,-79
BLE,1670729364698745222,5D:30:BE:7C:85:23,-103
BLE,1670729365227380018,6C:FB:F0:C6:FB:FB,-99
BLE,1670729365740176710,6C:FB:F0:C6:FB:FB,-98
BLE,1670729365795066765,5D:30:BE:7C:85:23,-97
BLE,1670729365980911680,7B:4C:B7:B8:08:6F,-92
BLE,1670729366527297889,C9:7A:46:95:38:06,-65
BLE,1670729366625145225,5D:30:BE:7C:85:23,-85
BLE,1670729366838345523,42:82:F6:CB:7B:27,-88
BLE,1670729366896373208,5D:30:BE:7C:85:23,-97
BLE,1670729367169883496,5D:30:BE:7C:85:23,-84
BLE,1670729368002643382,5D:30:BE:7C:85:23,-95
BLE,1670729368310144891,6C:FB:F0:C6:FB:FB,-99
BLE,1670729368526979770,C9:7A:46:95:38:06,-79
BLE,1670729368825189098,6C:FB:F0:C6:FB:FB,-98
BLE,1670729369101246565,5D:30:BE:7C:85:23,-96
BLE,1670729369124035252,7B:4C:B7:B8:08:6F,-101
BLE,1670729369371265728,5D:30:BE:7C:85:23,-96
BLE,1670729369590904074,6C:FB:F0:C6:FB:FB,-99
BLE,1670729369831098508,42:82:F6:CB:7B:27,-100
BLE,1670729370107369264,6C:FB:F0:C6:FB:FB,-99
BLE,1670729370202477549,5D:30:BE:7C:85:23,-96
BLE,1670729370247106894,D2:ED:7D:20:05:55,-108
BLE,1670729370528370423,C9:7A:46:95:38:06,-79
BLE,1670729370875988788,6C:FB:F0:C6:FB:FB,-98
BLE,1670729371539748560,7B:4C:B7:B8:08:6F,-98
BLE,1670729371847562565,5D:30:BE:7C:85:23,-96
BLE,1670729372097040931,14:BB:6E:11:32:18,-101
BLE,1670729372529702243,C9:7A:46:95:38:06,-79
BLE,1670729372552180976,42:82:F6:CB:7B:27,-99
BLE,1670729372824629735,42:82:F6:CB:7B:27,-97
BLE,1670729372949924328,5D:30:BE:7C:85:23,-96
BLE,1670729373094623732,42:82:F6:CB:7B:27,-101
BLE,1670729373462816394,6C:FB:F0:C6:FB:FB,-99
BLE,1670729373761450259,7B:4C:B7:B8:08:6F,-104
BLE,1670729373779893373,5D:30:BE:7C:85:23,-95
BLE,1670729374530056158,C9:7A:46:95:38:06,-79
BLE,1670729374692960845,7B:4C:B7:B8:08:6F,-103
BLE,1670729375013523699,6C:FB:F0:C6:FB:FB,-99
BLE,1670729375254152795,7B:4C:B7:B8:08:6F,-101
BLE,1670729375532359653,6C:FB:F0:C6:FB:FB,-100
BLE,1670729375697662395,5D:30:BE:7C:85:23,-96
BLE,1670729376083562805,42:82:F6:CB:7B:27,-101
BLE,1670729376377324352,7B:4C:B7:B8:08:6F,-101
BLE,1670729376530523405,C9:7A:46:95:38:06,-82
BLE,1670729376563166100,6C:FB:F0:C6:FB:FB,-99
BLE,1670729376624691868,42:82:F6:CB:7B:27,-101
BLE,1670729377601192753,6C:FB:F0:C6:FB:FB,-99
BLE,1670729377629830621,5D:30:BE:7C:85:23,-95
BLE,1670729377901068936,5D:30:BE:7C:85:23,-84
BLE,1670729378114794852,6C:FB:F0:C6:FB:FB,-97
BLE,1670729378530232911,C9:7A:46:95:38:06,-81
BLE,1670729378632746858,6C:FB:F0:C6:FB:FB,-98
BLE,1670729378732609045,5D:30:BE:7C:85:23,-95
BLE,1670729379192908029,7B:4C:B7:B8:08:6F,-105
BLE,1670729379376029892,7B:4C:B7:B8:08:6F,-101
BLE,1670729379833605866,5D:30:BE:7C:85:23,-96
BLE,1670729379920275335,6C:FB:F0:C6:FB:FB,-99
BLE,1670729380435089045,6C:FB:F0:C6:FB:FB,-88
BLE,1670729380491910661,7B:4C:B7:B8:08:6F,-102
BLE,1670729380534084284,C9:7A:46:95:38:06,-81
BLE,1670729380669809211,5D:30:BE:7C:85:23,-99
BLE,1670729380682605976,7B:4C:B7:B8:08:6F,-106
BLE,1670729381497563657,5D:30:BE:7C:85:23,-96
BLE,1670729382257965404,6C:FB:F0:C6:FB:FB,-88
BLE,1670729382269421851,D2:ED:7D:20:05:55,-101
BLE,1670729382317333656,42:82:F6:CB:7B:27,-89
BLE,1670729382534095953,C9:7A:46:95:38:06,-65
BLE,1670729382551732202,7B:4C:B7:B8:08:6F,-93
BLE,1670729382603545335,5D:30:BE:7C:85:23,-85
BLE,1670729382922884870,7B:4C:B7:B8:08:6F,-91
BLE,1670729383023506923,6C:FB:F0:C6:FB:FB,-98
BLE,1670729383105576239,7B:4C:B7:B8:08:6F,-101
BLE,1670729384058098242,6C:FB:F0:C6:FB:FB,-88
BLE,1670729384539182978,C9:7A:46:95:38:06,-82
BLE,1670729384574997719,6C:FB:F0:C6:FB:FB,-88
BLE,1670729385204455524,C8:B2:1E:C1:4C:16,-102
BLE,1670729385342787045,6C:FB:F0:C6:FB:FB,-98
BLE,1670729385896317128,5D:30:BE:7C:85:23,-107
BLE,1670729386390194295,42:82:F6:CB:7B:27,-100
BLE,1670729386455581767,7B:4C:B7:B8:08:6F,-105
BLE,1670729386539177064,C9:7A:46:95:38:06,-81
BLE,1670729386662330724,42:82:F6:CB:7B:27,-101
BLE,1670729386993539951,5D:30:BE:7C:85:23,-86
BLE,1670729387061069773,14:BB:6E:11:32:18,-102
BLE,1670729388093638116,5D:30:BE:7C:85:23,-96
BLE,1670729388174621403,6C:FB:F0:C6:FB:FB,-100
BLE,1670729388323655255,7B:4C:B7:B8:08:6F,-102
BLE,1670729388362156464,5D:30:BE:7C:85:23,-96
BLE,1670729388541724495,C9:7A:46:95:38:06,-67
BLE,1670729389208890851,6C:FB:F0:C6:FB:FB,-87
BLE,1670729389430134553,7B:4C:B7:B8:08:6F,-92
BLE,1670729389460550857,6C:FB:F0:C6:FB:FB,-88
BLE,1670729389735109717,5D:30:BE:7C:85:23,-85
BLE,1670729389922773026,42:82:F6:CB:7B:27,-90
BLE,1670729389978285074,6C:FB:F0:C6:FB:FB,-89
BLE,1670729390005778372,5D:30:BE:7C:85:23,-83
BLE,1670729390192452110,42:82:F6:CB:7B:27,-100
BLE,1670729390275813702,5D:30:BE:7C:85:23,-86
BLE,1670729390279811238,D2:ED:7D:20:05:55,-89
BLE,1670729390730507752,7B:4C:B7:B8:08:6F,-100
BLE,1670729390734889825,42:82:F6:CB:7B:27,-99
BLE,1670729391004975320,42:82:F6:CB:7B:27,-100
BLE,1670729391255352967,6C:FB:F0:C6:FB:FB,-99
BLE,1670729391274873485,42:82:F6:CB:7B:27,-99
BLE,1670729392549634531,C9:7A:46:95:38:06,-82
BLE,1670729392752127997,5D:30:BE:7C:85:23,-97
BLE,1670729393582156374,5D:30:BE:7C:85:23,-96
BLE,1670729393844311839,6C:FB:F0:C6:FB:FB,-100
BLE,1670729394414152311,5D:30:BE:7C:85:23,-95
BLE,1670729394549478118,C9:7A:46:95:38:06,-80
BLE,1670729395234585719,5D:30:BE:7C:85:23,-104
BLE,1670729395366305736,42:82:F6:CB:7B:27,-99
BLE,1670729395590555402,7B:4C:B7:B8:08:6F,-92
BLE,1670729395636315733,42:82:F6:CB:7B:27,-97
BLE,1670729395908889199,42:82:F6:CB:7B:27,-88
BLE,1670729396408838460,6C:FB:F0:C6:FB:FB,-99
BLE,1670729396554477145,C9:7A:46:95:38:06,-82
BLE,1670729396618818546,5D:30:BE:7C:85:23,-99
BLE,1670729396889626408,5D:30:BE:7C:85:23,-84
BLE,1670729397163296736,5D:30:BE:7C:85:23,-84
BLE,1670729397993248323,5D:30:BE:7C:85:23,-97
BLE,1670729398360260332,42:82:F6:CB:7B:27,-98
BLE,1670729398530686722,5D:30:BE:7C:85:23,-96
BLE,1670729398558367643,C9:7A:46:95:38:06,-81
BLE,1670729398631334066,42:82:F6:CB:7B:27,-90
BLE,1670729398804393841,5D:30:BE:7C:85:23,-96
BLE,1670729399719545831,42:82:F6:CB:7B:27,-104
BLE,1670729399904426673,5D:30:BE:7C:85:23,-97
BLE,1670729400558441394,C9:7A:46:95:38:06,-81
BLE,1670729400673798855,C8:B2:1E:C1:4C:16,-93
BLE,1670729401080382228,42:82:F6:CB:7B:27,-88
BLE,1670729401279375194,14:BB:6E:11:32:18,-92
BLE,1670729401354958295,42:82:F6:CB:7B:27,-88
BLE,1670729401590545451,14:BB:6E:11:32:18,-93
BLE,1670729401695500328,7B:4C:B7:B8:08:6F,-93
BLE,1670729401819363063,5D:30:BE:7C:85:23,-98
BLE,1670729402370970168,6C:FB:F0:C6:FB:FB,-87
BLE,1670729402558328565,C9:7A:46:95:38:06,-81
BLE,1670729402648005165,5D:30:BE:7C:85:23,-96
BLE,1670729402920500882,5D:30:BE:7C:85:23,-97
BLE,1670729402967087578,14:BB:6E:11:32:18,-93
BLE,1670729403532835765,42:82:F6:CB:7B:27,-99
BLE,1670729403751114460,5D:30:BE:7C:85:23,-96
BLE,1670729403805170484,42:82:F6:CB:7B:27,-97
BLE,1670729404420832578,6C:FB:F0:C6:FB:FB,-97
BLE,1670729404480448619,7B:4C:B7:B8:08:6F,-104
BLE,1670729404560993244,C9:7A:46:95:38:06,-81
BLE,1670729404623110505,42:82:F6:CB:7B:27,-104
BLE,1670729406525576043,42:82:F6:CB:7B:27,-98
BLE,1670729406529546995,7B:4C:B7:B8:08:6F,-101
BLE,1670729406566096061,C9:7A:46:95:38:06,-81
BLE,1670729406795243627,42:82:F6:CB:7B:27,-98
BLE,1670729407008184677,6C:FB:F0:C6:FB:FB,-98
BLE,1670729407067689678,42:82:F6:CB:7B:27,-98
BLE,1670729407092218594,7B:4C:B7:B8:08:6F,-104
BLE,1670729407305769679,5D:30:BE:7C:85:23,-96
BLE,1670729407337736299,42:82:F6:CB:7B:27,-97
BLE,1670729407523075178,6C:FB:F0:C6:FB:FB,-98
BLE,1670729407607701254,42:82:F6:CB:7B:27,-99
BLE,1670729407849584961,5D:30:BE:7C:85:23,-98
BLE,1670729408574498588,7B:4C:B7:B8:08:6F,-102
BLE,1670729408810947567,6C:FB:F0:C6:FB:FB,-99
BLE,1670729409249080064,42:82:F6:CB:7B:27,-99
BLE,1670729409315530441,7B:4C:B7:B8:08:6F,-103
BLE,1670729409519009270,42:82:F6:CB:7B:27,-101
BLE,1670729409792639432,42:82:F6:CB:7B:27,-97
BLE,1670729409846476917,6C:FB:F0:C6:FB:FB,-96
BLE,1670729410054626358,5D:30:BE:7C:85:23,-96
BLE,1670729410360548636,6C:FB:F0:C6:FB:FB,-99
BLE,1670729410571363795,C9:7A:46:95:38:06,-81
BLE,1670729411393512599,6C:FB:F0:C6:FB:FB,-86
BLE,1670729411988181775,5D:30:BE:7C:85:23,-96
BLE,1670729412109314709,7B:4C:B7:B8:08:6F,-93
BLE,1670729412258202064,5D:30:BE:7C:85:23,-85
BLE,1670729412431831957,6C:FB:F0:C6:FB:FB,-99
BLE,1670729412510352023,42:82:F6:CB:7B:27,-100
BLE,1670729412571315839,C9:7A:46:95:38:06,-81
BLE,1670729412781596546,42:82:F6:CB:7B:27,-89
BLE,1670729413051769833,42:82:F6:CB:7B:27,-89
BLE,1670729413734667877,6C:FB:F0:C6:FB:FB,-89
BLE,1670729413905630885,5D:30:BE:7C:85:23,-92
BLE,1670729414190629537,5D:30:BE:7C:85:23,-83
BLE,1670729414250772446,6C:FB:F0:C6:FB:FB,-86
BLE,1670729414333412588,7B:4C:B7:B8:08:6F,-89
BLE,1670729414460606450,5D:30:BE:7C:85:23,-95
BLE,1670729414501431131,6C:FB:F0:C6:FB:FB,-89
BLE,1670729414570885514,C9:7A:46:95:38:06,-65
BLE,1670729414735785469,5D:30:BE:7C:85:23,-96
BLE,1670729415232980555,42:82:F6:CB:7B:27,-96
BLE,1670729415502889844,42:82:F6:CB:7B:27,-99
BLE,1670729415777754450,42:82:F6:CB:7B:27,-98
BLE,1670729416104581271,5D:30:BE:7C:85:23,-97
BLE,1670729416571137513,C9:7A:46:95:38:06,-79
BLE,1670729418309672334,5D:30:BE:7C:85:23,-86
BLE,1670729418571028267,C9:7A:46:95:38:06,-68
BLE,1670729418581881096,5D:30:BE:7C:85:23,-86
BLE,1670729418620851174,6C:FB:F0:C6:FB:FB,-99
BLE,1670729418767932300,42:82:F6:CB:7B:27,-86
BLE,1670729419037925338,42:82:F6:CB:7B:27,-88
BLE,1670729419128521094,5D:30:BE:7C:85:23,-91
BLE,1670729419133523201,6C:FB:F0:C6:FB:FB,-88
BLE,1670729419653660514,6C:FB:F0:C6:FB:FB,-93
BLE,1670729419955579548,5D:30:BE:7C:85:23,-87
BLE,1670729420570845605,C9:7A:46:95:38:06,-80
BLE,1670729420791890100,5D:30:BE:7C:85:23,-103
BLE,1670729421055709088,5D:30:BE:7C:85:23,-95
BLE,1670729421326938445,5D:30:BE:7C:85:23,-96
BLE,1670729421598147302,5D:30:BE:7C:85:23,-97
BLE,1670729421868011051,5D:30:BE:7C:85:23,-95
BLE,1670729422238686933,6C:FB:F0:C6:FB:FB,-99
BLE,1670729422488604711,6C:FB:F0:C6:FB:FB,-98
BLE,1670729422570788525,C9:7A:46:95:38:06,-80
BLE,1670729423006399968,6C:FB:F0:C6:FB:FB,-96
BLE,1670729423378162796,42:82:F6:CB:7B:27,-97
BLE,1670729423506853891,5D:30:BE:7C:85:23,-96
BLE,1670729423653214441,42:82:F6:CB:7B:27,-89
BLE,1670729424572364050,C9:7A:46:95:38:06,-79
BLE,1670729424879351982,5D:30:BE:7C:85:23,-97
BLE,1670729425830433752,7B:4C:B7:B8:08:6F,-88
BLE,1670729426253290806,5D:30:BE:7C:85:23,-85
BLE,1670729426360951984,6C:FB:F0:C6:FB:FB,-99
BLE,1670729426370655285,42:82:F6:CB:7B:27,-87
BLE,1670729426524256875,5D:30:BE:7C:85:23,-86
BLE,1670729426574623567,C9:7A:46:95:38:06,-80
BLE,1670729426642054390,42:82:F6:CB:7B:27,-88
BLE,1670729426757962553,7B:4C:B7:B8:08:6F,-92
BLE,1670729426915462513,42:82:F6:CB:7B:27,-89
BLE,1670729427124485360,6C:FB:F0:C6:FB:FB,-97
BLE,1670729427185442719,42:82:F6:CB:7B:27,-98
BLE,1670729427355473488,5D:30:BE:7C:85:23,-99
BLE,1670729427641069799,6C:FB:F0:C6:FB:FB,-90
BLE,1670729428059596946,7B:4C:B7:B8:08:6F,-102
BLE,1670729428576238217,C9:7A:46:95:38:06,-80
BLE,1670729428943647305,6C:FB:F0:C6:FB:FB,-100
BLE,1670729429094464720,42:82:F6:CB:7B:27,-100
BLE,1670729429195197522,6C:FB:F0:C6:FB:FB,-97
BLE,1670729429365675369,42:82:F6:CB:7B:27,-100
BLE,1670729429636931809,42:82:F6:CB:7B:27,-98
BLE,1670729430099202102,5D:30:BE:7C:85:23,-85
BLE,1670729430372743724,5D:30:BE:7C:85:23,-97
BLE,1670729430484217523,7B:4C:B7:B8:08:6F,-107
BLE,1670729431233058491,7B:4C:B7:B8:08:6F,-101
BLE,1670729431475846936,5D:30:BE:7C:85:23,-98
BLE,1670729432355770345,42:82:F6:CB:7B:27,-98
BLE,1670729432568191985,6C:FB:F0:C6:FB:FB,-97
BLE,1670729432575447315,5D:30:BE:7C:85:23,-98
BLE,1670729432577944202,C9:7A:46:95:38:06,-81
BLE,1670729432626322418,42:82:F6:CB:7B:27,-101
BLE,1670729432848181696,5D:30:BE:7C:85:23,-97
BLE,1670729432899583709,42:82:F6:CB:7B:27,-101
BLE,1670729433086251448,6C:FB:F0:C6:FB:FB,-98
BLE,1670729433476575346,14:BB:6E:11:32:18,-92
BLE,1670729433945488727,5D:30:BE:7C:85:23,-84
BLE,1670729434221915189,5D:30:BE:7C:85:23,-97
BLE,1670729434238129580,14:BB:6E:11:32:18,-103
BLE,1670729434579520227,C9:7A:46:95:38:06,-80
BLE,1670729434586130524,7B:4C:B7:B8:08:6F,-102
BLE,1670729434781739905,5D:30:BE:7C:85:23,-85
BLE,1670729435053136552,5D:30:BE:7C:85:23,-96
BLE,1670729435612217152,5D:30:BE:7C:85:23,-98
BLE,1670729435884265666,5D:30:BE:7C:85:23,-86
BLE,1670729436154104832,5D:30:BE:7C:85:23,-83
BLE,1670729436159543642,42:82:F6:CB:7B:27,-88
BLE,1670729436423975788,5D:30:BE:7C:85:23,-97
BLE,1670729436429529806,42:82:F6:CB:7B:27,-100
BLE,1670729436580760423,C9:7A:46:95:38:06,-81
BLE,1670729436703228092,42:82:F6:CB:7B:27,-86
BLE,1670729436879668826,C2:82:7D:65:F5:DA,-103
BLE,1670729437255526814,5D:30:BE:7C:85:23,-96
BLE,1670729437513220165,42:82:F6:CB:7B:27,-99
BLE,1670729437526470591,5D:30:BE:7C:85:23,-95
BLE,1670729437796534879,5D:30:BE:7C:85:23,-96
BLE,1670729438584588297,C9:7A:46:95:38:06,-82
BLE,1670729438896464921,5D:30:BE:7C:85:23,-96
BLE,1670729439168992012,5D:30:BE:7C:85:23,-95
BLE,1670729439251118786,6C:FB:F0:C6:FB:FB,-98
BLE,1670729439964943420,42:82:F6:CB:7B:27,-98
BLE,1670729440234770169,42:82:F6:CB:7B:27,-97
BLE,1670729440268981262,5D:30:BE:7C:85:23,-97
BLE,1670729440287429167,6C:FB:F0:C6:FB:FB,-99
BLE,1670729440505701863,42:82:F6:CB:7B:27,-97
BLE,1670729440587126644,C9:7A:46:95:38:06,-82
BLE,1670729440738137015,C8:B2:1E:C1:4C:16,-102
BLE,1670729440753952868,7B:4C:B7:B8:08:6F,-90
BLE,1670729441322559063,6C:FB:F0:C6:FB:FB,-102
BLE,1670729441372709925,5D:30:BE:7C:85:23,-97
BLE,1670729442354052877,6C:FB:F0:C6:FB:FB,-97
BLE,1670729442473928368,5D:30:BE:7C:85:23,-96
BLE,1670729442590833769,C9:7A:46:95:38:06,-81
BLE,1670729443158562058,7B:4C:B7:B8:08:6F,-91
BLE,1670729443339947192,7B:4C:B7:B8:08:6F,-93
BLE,1670729443586359970,5D:30:BE:7C:85:23,-104
BLE,1670729443857932781,5D:30:BE:7C:85:23,-91
BLE,1670729444036225535,42:82:F6:CB:7B:27,-97
BLE,1670729444154387588,6C:FB:F0:C6:FB:FB,-89
BLE,1670729444306034451,42:82:F6:CB:7B:27,-99
BLE,1670729444463799366,7B:4C:B7:B8:08:6F,-101
BLE,1670729444575949365,42:82:F6:CB:7B:27,-89
BLE,1670729444681366695,5D:30:BE:7C:85:23,-98
BLE,1670729444957638284,5D:30:BE:7C:85:23,-104
BLE,1670729445168606316,6C:FB:F0:C6:FB:FB,-97
BLE,1670729445391350333,42:82:F6:CB:7B:27,-103
BLE,1670729445512607641,5D:30:BE:7C:85:23,-97
BLE,1670729445785148441,5D:30:BE:7C:85:23,-97
BLE,1670729446595085557,C9:7A:46:95:38:06,-81
BLE,1670729446722798121,6C:FB:F0:C6:FB:FB,-98
BLE,1670729446889047686,5D:30:BE:7C:85:23,-95
BLE,1670729446905722446,C2:82:7D:65:F5:DA,-100
BLE,1670729447793895839,7B:4C:B7:B8:08:6F,-102
BLE,1670729447837278198,42:82:F6:CB:7B:27,-100
BLE,1670729447976503751,7B:4C:B7:B8:08:6F,-90
BLE,1670729448110874277,42:82:F6:CB:7B:27,-87
BLE,1670729448594989061,C9:7A:46:95:38:06,-82
BLE,1670729448789000586,6C:FB:F0:C6:FB:FB,-87
BLE,1670729449097954203,7B:4C:B7:B8:08:6F,-102
BLE,1670729449631379442,5D:30:BE:7C:85:23,-83
BLE,1670729450288582791,42:82:F6:CB:7B:27,-99
BLE,1670729450342385734,6C:FB:F0:C6:FB:FB,-99
BLE,1670729450402165273,7B:4C:B7:B8:08:6F,-100
BLE,1670729450561074842,42:82:F6:CB:7B:27,-99
BLE,1670729450584545312,7B:4C:B7:B8:08:6F,-102
BLE,1670729450597388576,C9:7A:46:95:38:06,-80
BLE,1670729450736630420,5D:30:BE:7C:85:23,-95
BLE,1670729450832318615,42:82:F6:CB:7B:27,-100
BLE,1670729451294363744,5D:30:BE:7C:85:23,-95
BLE,1670729451378716949,6C:FB:F0:C6:FB:FB,-99
BLE,1670729452668990644,5D:30:BE:7C:85:23,-97
BLE,1670729453499105103,5D:30:BE:7C:85:23,-95
BLE,1670729453780083636,5D:30:BE:7C:85:23,-103
BLE,1670729454040048377,5D:30:BE:7C:85:23,-96
BLE,1670729454094885933,42:82:F6:CB:7B:27,-98
BLE,1670729454311268943,5D:30:BE:7C:85:23,-97
BLE,1670729454583816243,5D:30:BE:7C:85:23,-97
BLE,1670729454601174286,C9:7A:46:95:38:06,-81
BLE,1670729455415248103,5D:30:BE:7C:85:23,-97
BLE,1670729455685144851,5D:30:BE:7C:85:23,-98
BLE,1670729456276314361,42:82:F6:CB:7B:27,-88
BLE,1670729456600842334,C9:7A:46:95:38:06,-65
BLE,1670729457046491534,6C:FB:F0:C6:FB:FB,-87
BLE,1670729457058862428,5D:30:BE:7C:85:23,-85
BLE,1670729457064873315,7B:4C:B7:B8:08:6F,-90
BLE,1670729457364434127,42:82:F6:CB:7B:27,-91
BLE,1670729457460022490,14:BB:6E:11:32:18,-89
BLE,1670729457626252763,7B:4C:B7:B8:08:6F,-89
BLE,1670729457816778788,7B:4C:B7:B8:08:6F,-97
BLE,1670729459119518292,6C:FB:F0:C6:FB:FB,-99
BLE,1670729459298662453,7B:4C:B7:B8:08:6F,-106
BLE,1670729459536251335,42:82:F6:CB:7B:27,-97
BLE,1670729459804033650,5D:30:BE:7C:85:23,-97
BLE,1670729459806233124,42:82:F6:CB:7B:27,-98
BLE,1670729460605009415,C9:7A:46:95:38:06,-79
BLE,1670729460905224927,5D:30:BE:7C:85:23,-95
BLE,1670729461457333652,6C:FB:F0:C6:FB:FB,-100
BLE,1670729462529045487,42:82:F6:CB:7B:27,-97
BLE,1670729462702800712,14:BB:6E:11:32:18,-104
BLE,1670729462800026264,42:82:F6:CB:7B:27,-98
BLE,1670729463070102718,42:82:F6:CB:7B:27,-98
BLE,1670729463111285770,5D:30:BE:7C:85:23,-96
BLE,1670729463340063799,42:82:F6:CB:7B:27,-99
BLE,1670729463612535433,42:82:F6:CB:7B:27,-101
BLE,1670729464209105837,5D:30:BE:7C:85:23,-96
BLE,1670729464328958703,7B:4C:B7:B8:08:6F,-103
BLE,1670729464482762499,5D:30:BE:7C:85:23,-96
BLE,1670729464566150590,6C:FB:F0:C6:FB:FB,-97
BLE,1670729464610046485,C9:7A:46:95:38:06,-79
BLE,1670729464752787412,5D:30:BE:7C:85:23,-96
BLE,1670729465581405639,5D:30:BE:7C:85:23,-97
BLE,1670729465598761891,6C:FB:F0:C6:FB:FB,-99
BLE,1670729465993217491,7B:4C:B7:B8:08:6F,-101
BLE,1670729466061347222,42:82:F6:CB:7B:27,-98
BLE,1670729466175861652,7B:4C:B7:B8:08:6F,-102
BLE,1670729466331376594,42:82:F6:CB:7B:27,-99
BLE,1670729466604040975,42:82:F6:CB:7B:27,-98
BLE,1670729466613673861,C9:7A:46:95:38:06,-79
BLE,1670729466873927599,42:82:F6:CB:7B:27,-99
BLE,1670729466878629959,6C:FB:F0:C6:FB:FB,-98
BLE,1670729466956324035,5D:30:BE:7C:85:23,-97
BLE,1670729467146374691,42:82:F6:CB:7B:27,-101
BLE,1670729467686310977,42:82:F6:CB:7B:27,-89
BLE,1670729468061237517,5D:30:BE:7C:85:23,-97
BLE,1670729469160381694,5D:30:BE:7C:85:23,-97
BLE,1670729469694895086,6C:FB:F0:C6:FB:FB,-98
BLE,1670729469863923450,42:82:F6:CB:7B:27,-97
BLE,1670729470135291639,42:82:F6:CB:7B:27,-100
BLE,1670729470405248345,42:82:F6:CB:7B:27,-99
BLE,1670729470617789233,C9:7A:46:95:38:06,-79
BLE,1670729471246497214,6C:FB:F0:C6:FB:FB,-98
BLE,1670729472186269785,5D:30:BE:7C:85:23,-92
BLE,1670729472467611480,5D:30:BE:7C:85:23,-84
BLE,1670729472617645904,C9:7A:46:95:38:06,-65
BLE,1670729472740042990,5D:30:BE:7C:85:23,-96
BLE,1670729473126990804,42:82:F6:CB:7B:27,-90
BLE,1670729473318095281,6C:FB:F0:C6:FB:FB,-97
BLE,1670729473399092276,42:82:F6:CB:7B:27,-88
BLE,1670729473555114753,5D:30:BE:7C:85:23,-92
BLE,1670729473662958137,14:BB:6E:11:32:18,-91
BLE,1670729473671377204,42:82:F6:CB:7B:27,-89
BLE,1670729473945744649,42:82:F6:CB:7B:27,-91
BLE,1670729474081826072,6C:FB:F0:C6:FB:FB,-101
BLE,1670729474110065278,5D:30:BE:7C:85:23,-85
BLE,1670729474381285593,5D:30:BE:7C:85:23,-97
BLE,1670729474621455445,C9:7A:46:95:38:06,-79
BLE,1670729474909094440,7B:4C:B7:B8:08:6F,-100
BLE,1670729475613699976,6C:FB:F0:C6:FB:FB,-97
BLE,1670729475650352415,7B:4C:B7:B8:08:6F,-106
BLE,1670729476119403002,42:82:F6:CB:7B:27,-99
BLE,1670729476389220501,42:82:F6:CB:7B:27,-99
BLE,1670729476625283193,C9:7A:46:95:38:06,-80
BLE,1670729476659159874,42:82:F6:CB:7B:27,-98
BLE,1670729476928976164,42:82:F6:CB:7B:27,-100
BLE,1670729477200256438,42:82:F6:CB:7B:27,-101
BLE,1670729477413119072,6C:FB:F0:C6:FB:FB,-87
BLE,1670729477473919891,42:82:F6:CB:7B:27,-99
BLE,1670729477698895257,6E:61:16:55:EB:D2,-103
BLE,1670729477743979887,42:82:F6:CB:7B:27,-101
BLE,1670729478178237847,6C:FB:F0:C6:FB:FB,-97
BLE,1670729478231135759,5D:30:BE:7C:85:23,-85
BLE,1670729478629080651,C9:7A:46:95:38:06,-79
BLE,1670729478753825209,EB:E7:C8:FB:DB:12,-79
BLE,1670729479332816363,5D:30:BE:7C:85:23,-85
BLE,1670729480118565351,6E:61:16:55:EB:D2,-94
BLE,1670729480143674344,14:BB:6E:11:32:18,-106
BLE,1670729480493104354,6C:FB:F0:C6:FB:FB,-104
BLE,1670729480731607975,42:82:F6:CB:7B:27,-98
BLE,1670729480757603291,EB:E7:C8:FB:DB:12,-79
BLE,1670729481002869707,42:82:F6:CB:7B:27,-98
BLE,1670729481266224575,5D:30:BE:7C:85:23,-96
BLE,1670729481536199155,5D:30:BE:7C:85:23,-97
BLE,1670729482294439636,6C:FB:F0:C6:FB:FB,-96
BLE,1670729482531259778,6E:61:16:55:EB:D2,-101
BLE,1670729482638738332,5D:30:BE:7C:85:23,-96
BLE,1670729482760175430,EB:E7:C8:FB:DB:12,-79
BLE,1670729482810125044,6C:FB:F0:C6:FB:FB,-98
BLE,1670729483579483143,6C:FB:F0:C6:FB:FB,-99
BLE,1670729483724256421,42:82:F6:CB:7B:27,-96
BLE,1670729483996641597,42:82:F6:CB:7B:27,-99
BLE,1670729484760505720,EB:E7:C8:FB:DB:12,-79
BLE,1670729484811179950,42:82:F6:CB:7B:27,-105
BLE,1670729484964501252,6E:61:16:55:EB:D2,-102
BLE,1670729486432717246,6C:FB:F0:C6:FB:FB,-86
BLE,1670729486764223095,EB:E7:C8:FB:DB:12,-68
BLE,1670729486781087603,5D:30:BE:7C:85:23,-85
BLE,1670729487529288578,42:82:F6:CB:7B:27,-87
BLE,1670729487717958876,6C:FB:F0:C6:FB:FB,-87
BLE,1670729487799165368,42:82:F6:CB:7B:27,-87
BLE,1670729488069161865,42:82:F6:CB:7B:27,-100
BLE,1670729488151313929,5D:30:BE:7C:85:23,-98
BLE,1670729488223763776,C2:82:7D:65:F5:DA,-105
BLE,1670729488423602024,5D:30:BE:7C:85:23,-96
BLE,1670729488764150973,EB:E7:C8:FB:DB:12,-79
BLE,1670729489268338226,6C:FB:F0:C6:FB:FB,-98
BLE,1670729489570772587,14:BB:6E:11:32:18,-102
BLE,1670729489828473605,C8:B2:1E:C1:4C:16,-102
BLE,1670729490249239059,42:82:F6:CB:7B:27,-97
BLE,1670729490301451854,6C:FB:F0:C6:FB:FB,-101
BLE,1670729490344456801,6E:61:16:55:EB:D2,-102
BLE,1670729490764669970,EB:E7:C8:FB:DB:12,-81
BLE,1670729490792956425,42:82:F6:CB:7B:27,-100
BLE,1670729490871051537,5D:30:BE:7C:85:23,-96
BLE,1670729491064183740,42:82:F6:CB:7B:27,-98
BLE,1670729491146558094,5D:30:BE:7C:85:23,-98
BLE,1670729491334407151,42:82:F6:CB:7B:27,-97
BLE,1670729491422299731,5D:30:BE:7C:85:23,-103
BLE,1670729491836408555,6C:FB:F0:C6:FB:FB,-98
BLE,1670729491979777433,5D:30:BE:7C:85:23,-97
BLE,1670729492765935165,EB:E7:C8:FB:DB:12,-82
BLE,1670729492808474284,5D:30:BE:7C:85:23,-95
BLE,1670729492867827078,6C:FB:F0:C6:FB:FB,-101
BLE,1670729493078459990,5D:30:BE:7C:85:23,-84
BLE,1670729493526813573,6E:61:16:55:EB:D2,-106
BLE,1670729494150732652,6C:FB:F0:C6:FB:FB,-99
BLE,1670729494178490822,5D:30:BE:7C:85:23,-96
BLE,1670729494280531275,6E:61:16:55:EB:D2,-100
BLE,1670729494326726559,42:82:F6:CB:7B:27,-102
BLE,1670729494596734972,42:82:F6:CB:7B:27,-98
BLE,1670729494866804718,42:82:F6:CB:7B:27,-97
BLE,1670729494919152387,6C:FB:F0:C6:FB:FB,-98
BLE,1670729495199477303,6E:61:16:55:EB:D2,-102
BLE,1670729495283461387,5D:30:BE:7C:85:23,-99
BLE,1670729495435175749,6C:FB:F0:C6:FB:FB,-85
BLE,1670729496390069516,5D:30:BE:7C:85:23,-97
BLE,1670729496469462197,6C:FB:F0:C6:FB:FB,-101
BLE,1670729497233576691,6C:FB:F0:C6:FB:FB,-97
BLE,1670729497762230236,5D:30:BE:7C:85:23,-97
BLE,1670729497858474883,42:82:F6:CB:7B:27,-100
BLE,1670729498013067378,6E:61:16:55:EB:D2,-103
BLE,1670729498128455089,42:82:F6:CB:7B:27,-100
BLE,1670729498773678247,EB:E7:C8:FB:DB:12,-80
BLE,1670729498862172778,5D:30:BE:7C:85:23,-95
BLE,1670729499133379302,5D:30:BE:7C:85:23,-96
BLE,1670729500234791368,5D:30:BE:7C:85:23,-96
BLE,1670729500505894768,5D:30:BE:7C:85:23,-96
BLE,1670729500776282969,EB:E7:C8:FB:DB:12,-81
BLE,1670729500834683732,6C:FB:F0:C6:FB:FB,-99
BLE,1670729500984994778,6E:61:16:55:EB:D2,-90
BLE,1670729501603973207,5D:30:BE:7C:85:23,-97
BLE,1670729501928251517,42:82:F6:CB:7B:27,-87
BLE,1670729502709840262,5D:30:BE:7C:85:23,-84
BLE,1670729502776413720,EB:E7:C8:FB:DB:12,-66
BLE,1670729503422227996,6C:FB:F0:C6:FB:FB,-99
BLE,1670729503814615787,5D:30:BE:7C:85:23,-83
BLE,1670729503939532177,6C:FB:F0:C6:FB:FB,-98
BLE,1670729504110699099,42:82:F6:CB:7B:27,-97
BLE,1670729504373285601,5D:30:BE:7C:85:23,-85
BLE,1670729504647461756,5D:30:BE:7C:85:23,-99
BLE,1670729504779090815,EB:E7:C8:FB:DB:12,-80
BLE,1670729504879522996,6E:61:16:55:EB:D2,-103
BLE,1670729505223792692,6C:FB:F0:C6:FB:FB,-96
BLE,1670729505489489782,6C:FB:F0:C6:FB:FB,-99
BLE,1670729505739684598,6C:FB:F0:C6:FB:FB,-99
BLE,1670729505744509749,5D:30:BE:7C:85:23,-96
BLE,1670729506002300849,6E:61:16:55:EB:D2,-106
BLE,1670729506018698154,5D:30:BE:7C:85:23,-96
BLE,1670729506183803399,6E:61:16:55:EB:D2,-101
BLE,1670729506578327164,5D:30:BE:7C:85:23,-95
BLE,1670729506781483956,EB:E7:C8:FB:DB:12,-81
BLE,1670729507024308443,6C:FB:F0:C6:FB:FB,-98
BLE,1670729507104518905,42:82:F6:CB:7B:27,-98
BLE,1670729507118313658,5D:30:BE:7C:85:23,-97
BLE,1670729507377044705,42:82:F6:CB:7B:27,-99
BLE,1670729508223412638,5D:30:BE:7C:85:23,-84
BLE,1670729508782804068,EB:E7:C8:FB:DB:12,-66
BLE,1670729509055810821,5D:30:BE:7C:85:23,-84
BLE,1670729509889886441,5D:30:BE:7C:85:23,-96
BLE,1670729510094697547,42:82:F6:CB:7B:27,-97
BLE,1670729510368383208,42:82:F6:CB:7B:27,-98
BLE,1670729510449910613,5D:30:BE:7C:85:23,-97
BLE,1670729510638341247,42:82:F6:CB:7B:27,-98
BLE,1670729510643429061,6C:FB:F0:C6:FB:FB,-98
BLE,1670729510784046889,EB:E7:C8:FB:DB:12,-81
BLE,1670729511019859251,6E:61:16:55:EB:D2,-101
BLE,1670729511283426074,5D:30:BE:7C:85:23,-97
BLE,1670729511409436533,6C:FB:F0:C6:FB:FB,-90
BLE,1670729511554818471,5D:30:BE:7C:85:23,-95
BLE,1670729511722849347,42:82:F6:CB:7B:27,-104
BLE,1670729511927961657,6C:FB:F0:C6:FB:FB,-98
BLE,1670729512281045458,C2:82:7D:65:F5:DA,-100
BLE,1670729512324112529,6E:61:16:55:EB:D2,-104
BLE,1670729512383400574,5D:30:BE:7C:85:23,-95
BLE,1670729512430967591,14:BB:6E:11:32:18,-108
BLE,1670729512506530317,6E:61:16:55:EB:D2,-101
BLE,1670729512657069818,5D:30:BE:7C:85:23,-97
BLE,1670729512786568236,EB:E7:C8:FB:DB:12,-80
BLE,1670729513211558098,6C:FB:F0:C6:FB:FB,-98
BLE,1670729513897426398,42:82:F6:CB:7B:27,-100
BLE,1670729514167317813,42:82:F6:CB:7B:27,-102
BLE,1670729514243518031,6C:FB:F0:C6:FB:FB,-97
BLE,1670729514438440380,42:82:F6:CB:7B:27,-97
BLE,1670729514712100500,42:82:F6:CB:7B:27,-97
BLE,1670729514787495769,EB:E7:C8:FB:DB:12,-79
BLE,1670729515424743148,5D:30:BE:7C:85:23,-97
BLE,1670729515547439855,6C:FB:F0:C6:FB:FB,-97
BLE,1670729516064821660,6C:FB:F0:C6:FB:FB,-98
BLE,1670729516791779429,EB:E7:C8:FB:DB:12,-80
BLE,1670729516835505326,6C:FB:F0:C6:FB:FB,-101
BLE,1670729516889717764,42:82:F6:CB:7B:27,-99
BLE,1670729516960059094,6E:61:16:55:EB:D2,-101
BLE,1670729517141394687,6E:61:16:55:EB:D2,-103
BLE,1670729517163440259,42:82:F6:CB:7B:27,-97
BLE,1670729517622065803,6C:FB:F0:C6:FB:FB,-97
BLE,1670729518656815745,6C:FB:F0:C6:FB:FB,-98
BLE,1670729518708392007,5D:30:BE:7C:85:23,-97
BLE,1670729518795519929,EB:E7:C8:FB:DB:12,-80
BLE,1670729518978337629,5D:30:BE:7C:85:23,-97
BLE,1670729519344760854,42:82:F6:CB:7B:27,-97
BLE,1670729519615978420,42:82:F6:CB:7B:27,-99
BLE,1670729519691956683,6C:FB:F0:C6:FB:FB,-98
BLE,1670729519749746745,6E:61:16:55:EB:D2,-103
BLE,1670729520207016556,6C:FB:F0:C6:FB:FB,-99
BLE,1670729520492502161,6E:61:16:55:EB:D2,-102
BLE,1670729520617111179,5D:30:BE:7C:85:23,-97
BLE,1670729520798123359,EB:E7:C8:FB:DB:12,-80
BLE,1670729520887198549,5D:30:BE:7C:85:23,-97
BLE,1670729521053499904,6E:61:16:55:EB:D2,-102
BLE,1670729521158418865,5D:30:BE:7C:85:23,-98
BLE,1670729521254797385,42:82:F6:CB:7B:27,-98
BLE,1670729521509848685,6C:FB:F0:C6:FB:FB,-98
BLE,1670729521524763966,42:82:F6:CB:7B:27,-99
BLE,1670729521798497710,42:82:F6:CB:7B:27,-98
BLE,1670729521992072199,5D:30:BE:7C:85:23,-99
BLE,1670729522071658044,42:82:F6:CB:7B:27,-101
BLE,1670729522262171528,5D:30:BE:7C:85:23,-97
BLE,1670729522533490051,5D:30:BE:7C:85:23,-96
BLE,1670729523041575716,6C:FB:F0:C6:FB:FB,-98
BLE,1670729523924672503,5D:30:BE:7C:85:23,-97
BLE,1670729524076849776,6C:FB:F0:C6:FB:FB,-96
BLE,1670729524595064071,6C:FB:F0:C6:FB:FB,-98
BLE,1670729524789944169,42:82:F6:CB:7B:27,-100
BLE,1670729524802027526,EB:E7:C8:FB:DB:12,-82
BLE,1670729525028593706,5D:30:BE:7C:85:23,-85
BLE,1670729525059844709,42:82:F6:CB:7B:27,-100
BLE,1670729525112704497,6C:FB:F0:C6:FB:FB,-98
BLE,1670729525149739890,6E:61:16:55:EB:D2,-101
BLE,1670729525299560066,5D:30:BE:7C:85:23,-97
BLE,1670729525329845706,42:82:F6:CB:7B:27,-100
BLE,1670729525571992742,5D:30:BE:7C:85:23,-97
BLE,1670729525602301173,42:82:F6:CB:7B:27,-97
BLE,1670729525710053308,6E:61:16:55:EB:D2,-101
BLE,1670729526129644026,5D:30:BE:7C:85:23,-96
BLE,1670729526400852508,5D:30:BE:7C:85:23,-96
BLE,1670729526674374380,5D:30:BE:7C:85:23,-96
BLE,1670729526805776567,EB:E7:C8:FB:DB:12,-81
BLE,1670729526944360960,5D:30:BE:7C:85:23,-97
BLE,1670729527390806817,6E:61:16:55:EB:D2,-101
BLE,1670729527450931643,6C:FB:F0:C6:FB:FB,-99
BLE,1670729527938189139,6E:61:16:55:EB:D2,-102
BLE,1670729527967760537,6C:FB:F0:C6:FB:FB,-100
BLE,1670729528051152712,42:82:F6:CB:7B:27,-99
BLE,1670729528316865801,5D:30:BE:7C:85:23,-96
BLE,1670729528593614760,42:82:F6:CB:7B:27,-99
BLE,1670729528683423066,6E:61:16:55:EB:D2,-100
BLE,1670729529257004911,6C:FB:F0:C6:FB:FB,-103
BLE,1670729529688413529,5D:30:BE:7C:85:23,-96
BLE,1670729530803847345,6C:FB:F0:C6:FB:FB,-98
BLE,1670729530805577199,EB:E7:C8:FB:DB:12,-79
BLE,1670729530931430286,6E:61:16:55:EB:D2,-91
BLE,1670729532335898122,6C:FB:F0:C6:FB:FB,-88
BLE,1670729532395041293,42:82:F6:CB:7B:27,-87
BLE,1670729532667440553,42:82:F6:CB:7B:27,-99
BLE,1670729532806879020,EB:E7:C8:FB:DB:12,-79
BLE,1670729533243252371,5D:30:BE:7C:85:23,-84
BLE,1670729533889765181,6C:FB:F0:C6:FB:FB,-98
BLE,1670729534331828839,C2:82:7D:65:F5:DA,-88
BLE,1670729534406310995,6C:FB:F0:C6:FB:FB,-88
BLE,1670729534614451019,5D:30:BE:7C:85:23,-84
BLE,1670729534809411784,EB:E7:C8:FB:DB:12,-65
BLE,1670729534922526730,6C:FB:F0:C6:FB:FB,-87
BLE,1670729535632874697,79:39:39:CC:D8:A4,-100
BLE,1670729535687794752,6C:FB:F0:C6:FB:FB,-98
BLE,1670729535767463305,6E:61:16:55:EB:D2,-101
BLE,1670729535926245458,42:82:F6:CB:7B:27,-101
BLE,1670729536718231746,6E:61:16:55:EB:D2,-103
BLE,1670729536809474035,EB:E7:C8:FB:DB:12,-65
BLE,1670729536990188219,6C:FB:F0:C6:FB:FB,-98
BLE,1670729537274207591,6E:61:16:55:EB:D2,-108
BLE,1670729537759460194,6C:FB:F0:C6:FB:FB,-99
BLE,1670729538810628274,EB:E7:C8:FB:DB:12,-65
BLE,1670729539294575268,5D:30:BE:7C:85:23,-96
BLE,1670729540267587194,42:82:F6:CB:7B:27,-99
BLE,1670729540537498359,42:82:F6:CB:7B:27,-97
BLE,1670729540669860076,5D:30:BE:7C:85:23,-97
BLE,1670729540807559271,42:82:F6:CB:7B:27,-98
BLE,1670729540810306905,EB:E7:C8:FB:DB:12,-80
BLE,1670729541077601934,42:82:F6:CB:7B:27,-97
BLE,1670729541352605205,42:82:F6:CB:7B:27,-99
BLE,1670729541766794737,5D:30:BE:7C:85:23,-96
BLE,1670729542417511038,6C:FB:F0:C6:FB:FB,-100
BLE,1670729542812937085,EB:E7:C8:FB:DB:12,-79
BLE,1670729543447558953,6C:FB:F0:C6:FB:FB,-99
BLE,1670729543701764846,5D:30:BE:7C:85:23,-96
BLE,1670729543803785466,42:82:F6:CB:7B:27,-99
BLE,1670729544075071656,42:82:F6:CB:7B:27,-97
BLE,1670729544536726873,5D:30:BE:7C:85:23,-97
BLE,1670729544816714251,EB:E7:C8:FB:DB:12,-79
BLE,1670729545084322568,5D:30:BE:7C:85:23,-94
BLE,1670729545640727616,5D:30:BE:7C:85:23,-97
BLE,1670729545767310611,6C:FB:F0:C6:FB:FB,-89
BLE,1670729546459310963,5D:30:BE:7C:85:23,-97
BLE,1670729546817045291,EB:E7:C8:FB:DB:12,-69
BLE,1670729547010481907,5D:30:BE:7C:85:23,-98
BLE,1670729547202834744,6E:61:16:55:EB:D2,-89
BLE,1670729547280463487,5D:30:BE:7C:85:23,-82
BLE,1670729547590362509,6C:FB:F0:C6:FB:FB,-87
BLE,1670729547874014052,42:82:F6:CB:7B:27,-88
BLE,1670729548116867247,5D:30:BE:7C:85:23,-96
BLE,1670729548687075589,6E:61:16:55:EB:D2,-102
BLE,1670729548818264321,EB:E7:C8:FB:DB:12,-79
BLE,1670729548873961283,6C:FB:F0:C6:FB:FB,-98
BLE,1670729549910427163,6C:FB:F0:C6:FB:FB,-100
BLE,1670729550323069130,5D:30:BE:7C:85:23,-97
BLE,1670729551112733487,6E:61:16:55:EB:D2,-102
BLE,1670729551421666104,5D:30:BE:7C:85:23,-94
BLE,1670729551459835692,6C:FB:F0:C6:FB:FB,-100
BLE,1670729551692173928,5D:30:BE:7C:85:23,-97
BLE,1670729551946666235,42:82:F6:CB:7B:27,-98
BLE,1670729552218992162,42:82:F6:CB:7B:27,-96
BLE,1670729552372175048,C2:82:7D:65:F5:DA,-103
BLE,1670729552490228477,42:82:F6:CB:7B:27,-99
BLE,1670729552526570420,5D:30:BE:7C:85:23,-96
BLE,1670729552760228849,42:82:F6:CB:7B:27,-99
BLE,1670729552820163886,EB:E7:C8:FB:DB:12,-80
BLE,1670729553359113809,5D:30:BE:7C:85:23,-97
BLE,1670729553377710421,14:BB:6E:11:32:18,-103
BLE,1670729553507824957,6C:FB:F0:C6:FB:FB,-101
BLE,1670729554026686160,6C:FB:F0:C6:FB:FB,-99
BLE,1670729554168071062,5D:30:BE:7C:85:23,-97
BLE,1670729554814999117,6C:FB:F0:C6:FB:FB,-98
BLE,1670729554820175264,EB:E7:C8:FB:DB:12,-81
BLE,1670729555210290873,42:82:F6:CB:7B:27,-99
BLE,1670729555269039591,5D:30:BE:7C:85:23,-97
BLE,1670729555392477290,6E:61:16:55:EB:D2,-102
BLE,1670729555405913922,14:BB:6E:11:32:18,-106
BLE,1670729555578996571,6C:FB:F0:C6:FB:FB,-99
BLE,1670729555772742100,6E:61:16:55:EB:D2,-102
BLE,1670729556093601950,6C:FB:F0:C6:FB:FB,-98
BLE,1670729556104024701,5D:30:BE:7C:85:23,-96
BLE,1670729556381332444,C2:82:7D:65:F5:DA,-101
BLE,1670729556820442555,EB:E7:C8:FB:DB:12,-80
BLE,1670729556850286616,42:82:F6:CB:7B:27,-97
BLE,1670729556922902669,5D:30:BE:7C:85:23,-105
BLE,1670729557120268238,42:82:F6:CB:7B:27,-101
BLE,1670729557390239277,42:82:F6:CB:7B:27,-100
BLE,1670729557475258766,5D:30:BE:7C:85:23,-96
BLE,1670729557663957813,42:82:F6:CB:7B:27,-99
BLE,1670729557747828649,5D:30:BE:7C:85:23,-96
BLE,1670729557897288538,6C:FB:F0:C6:FB:FB,-99
BLE,1670729558412011124,6C:FB:F0:C6:FB:FB,-88
BLE,1670729558822889070,EB:E7:C8:FB:DB:12,-80
BLE,1670729558931371904,6C:FB:F0:C6:FB:FB,-101
BLE,1670729559102333704,6E:61:16:55:EB:D2,-102
BLE,1670729559103956893,5D:30:BE:7C:85:23,-104
BLE,1670729559655290127,5D:30:BE:7C:85:23,-98
BLE,1670729559666142206,6E:61:16:55:EB:D2,-101
BLE,1670729559842746856,42:82:F6:CB:7B:27,-88
BLE,1670729559928976830,5D:30:BE:7C:85:23,-97
BLE,1670729560200454142,5D:30:BE:7C:85:23,-95
BLE,1670729560387848455,42:82:F6:CB:7B:27,-100
BLE,1670729560470297224,5D:30:BE:7C:85:23,-96
BLE,1670729560481169220,6C:FB:F0:C6:FB:FB,-99
BLE,1670729560656218971,79:39:39:CC:D8:A4,-101
BLE,1670729560740274805,5D:30:BE:7C:85:23,-96
BLE,1670729560788960476,6E:61:16:55:EB:D2,-103
BLE,1670729560972039715,6E:61:16:55:EB:D2,-102
BLE,1670729560997397246,6C:FB:F0:C6:FB:FB,-89
BLE,1670729561571642583,5D:30:BE:7C:85:23,-96
BLE,1670729561711626543,6E:61:16:55:EB:D2,-92
BLE,1670729562042068154,14:BB:6E:11:32:18,-89
BLE,1670729562400388433,5D:30:BE:7C:85:23,-89
BLE,1670729562824011311,EB:E7:C8:FB:DB:12,-79
BLE,1670729563106874697,42:82:F6:CB:7B:27,-100
BLE,1670729563378065096,42:82:F6:CB:7B:27,-89
BLE,1670729563587485522,6C:FB:F0:C6:FB:FB,-87
BLE,1670729563782935905,5D:30:BE:7C:85:23,-94
BLE,1670729564338084094,5D:30:BE:7C:85:23,-96
BLE,1670729564621490598,6C:FB:F0:C6:FB:FB,-98
BLE,1670729564827668437,EB:E7:C8:FB:DB:12,-79
BLE,1670729565019101118,42:82:F6:CB:7B:27,-98
BLE,1670729565292955611,42:82:F6:CB:7B:27,-98
BLE,1670729565446765573,6E:61:16:55:EB:D2,-101
BLE,1670729565654915181,6C:FB:F0:C6:FB:FB,-98
BLE,1670729566750728771,6E:61:16:55:EB:D2,-102
BLE,1670729566829049673,EB:E7:C8:FB:DB:12,-79
BLE,1670729567186233799,6C:FB:F0:C6:FB:FB,-99
BLE,1670729568210855654,5D:30:BE:7C:85:23,-98
BLE,1670729568832823047,EB:E7:C8:FB:DB:12,-79
BLE,1670729569160301527,6E:61:16:55:EB:D2,-89
BLE,1670729569362956575,42:82:F6:CB:7B:27,-98
BLE,1670729569491459755,14:BB:6E:11:32:18,-91
BLE,1670729569589046427,5D:30:BE:7C:85:23,-92
BLE,1670729569632906614,42:82:F6:CB:7B:27,-102
BLE,1670729570084395952,6E:61:16:55:EB:D2,-102
BLE,1670729570174303174,42:82:F6:CB:7B:27,-103
BLE,1670729570539397082,6C:FB:F0:C6:FB:FB,-99
BLE,1670729570886851282,14:BB:6E:11:32:18,-104
BLE,1670729570974132661,5D:30:BE:7C:85:23,-95
BLE,1670729571058845195,6C:FB:F0:C6:FB:FB,-99
BLE,1670729572330994896,6E:61:16:55:EB:D2,-100
BLE,1670729572359871636,6C:FB:F0:C6:FB:FB,-98
BLE,1670729572623031923,42:82:F6:CB:7B:27,-98
BLE,1670729572639075815,5D:30:BE:7C:85:23,-97
BLE,1670729572837896200,EB:E7:C8:FB:DB:12,-79
BLE,1670729572898047943,42:82:F6:CB:7B:27,-99
BLE,1670729573168098481,42:82:F6:CB:7B:27,-99
BLE,1670729573744099171,5D:30:BE:7C:85:23,-95
BLE,1670729573892247117,6C:FB:F0:C6:FB:FB,-101
BLE,1670729574250085278,42:82:F6:CB:7B:27,-101
BLE,1670729574280310835,5D:30:BE:7C:85:23,-86
BLE,1670729574554307368,5D:30:BE:7C:85:23,-96
BLE,1670729574840498338,EB:E7:C8:FB:DB:12,-79
BLE,1670729575885680031,42:82:F6:CB:7B:27,-99
BLE,1670729576160679510,42:82:F6:CB:7B:27,-97
BLE,1670729576430597758,42:82:F6:CB:7B:27,-97
BLE,1670729576457964308,6C:FB:F0:C6:FB:FB,-88
BLE,1670729576841951907,EB:E7:C8:FB:DB:12,-79
BLE,1670729576848832242,14:BB:6E:11:32:18,-91
BLE,1670729576975616775,6C:FB:F0:C6:FB:FB,-99
BLE,1670729577297002244,5D:30:BE:7C:85:23,-85
BLE,1670729578068120114,42:82:F6:CB:7B:27,-98
BLE,1670729578129541508,5D:30:BE:7C:85:23,-96
BLE,1670729578338297234,42:82:F6:CB:7B:27,-97
BLE,1670729578401538106,5D:30:BE:7C:85:23,-96
BLE,1670729578431707039,C2:82:7D:65:F5:DA,-100
BLE,1670729578610588245,42:82:F6:CB:7B:27,-99
BLE,1670729578841744370,EB:E7:C8:FB:DB:12,-79
BLE,1670729578883591789,42:82:F6:CB:7B:27,-97
BLE,1670729579058985745,6E:61:16:55:EB:D2,-100
BLE,1670729579232820469,5D:30:BE:7C:85:23,-97
BLE,1670729579504380988,5D:30:BE:7C:85:23,-97
BLE,1670729579540494392,6C:FB:F0:C6:FB:FB,-98
BLE,1670729580149195402,C8:B2:1E:C1:4C:16,-104
BLE,1670729580576366779,6C:FB:F0:C6:FB:FB,-96
BLE,1670729580790617314,42:82:F6:CB:7B:27,-99
BLE,1670729580846739397,EB:E7:C8:FB:DB:12,-79
BLE,1670729581060772017,42:82:F6:CB:7B:27,-99
BLE,1670729581333349775,42:82:F6:CB:7B:27,-97
BLE,1670729581437722492,5D:30:BE:7C:85:23,-96
BLE,1670729581604447634,42:82:F6:CB:7B:27,-98
BLE,1670729581710102961,5D:30:BE:7C:85:23,-98
BLE,1670729581851922024,6E:61:16:55:EB:D2,-101
BLE,1670729581858050951,6C:FB:F0:C6:FB:FB,-98
BLE,1670729582377487356,6C:FB:F0:C6:FB:FB,-97
BLE,1670729582537631534,5D:30:BE:7C:85:23,-97
BLE,1670729582810132335,5D:30:BE:7C:85:23,-96
BLE,1670729582848032259,EB:E7:C8:FB:DB:12,-79
BLE,1670729583409502539,6C:FB:F0:C6:FB:FB,-99
BLE,1670729583710300961,6E:61:16:55:EB:D2,-102
BLE,1670729583913943747,5D:30:BE:7C:85:23,-96
BLE,1670729584690894755,6C:FB:F0:C6:FB:FB,-98
BLE,1670729584851903298,EB:E7:C8:FB:DB:12,-79
BLE,1670729585012644970,5D:30:BE:7C:85:23,-95
BLE,1670729585137180155,42:82:F6:CB:7B:27,-99
BLE,1670729585283941868,5D:30:BE:7C:85:23,-97
BLE,1670729585302979016,C8:B2:1E:C1:4C:16,-103
BLE,1670729585768987015,6E:61:16:55:EB:D2,-103
BLE,1670729585978160860,6C:FB:F0:C6:FB:FB,-105
BLE,1670729586855765213,EB:E7:C8:FB:DB:12,-79
BLE,1670729586948928397,5D:30:BE:7C:85:23,-96
BLE,1670729587010580664,6C:FB:F0:C6:FB:FB,-99
BLE,1670729587045741245,42:82:F6:CB:7B:27,-98
BLE,1670729587220143713,5D:30:BE:7C:85:23,-97
BLE,1670729587498872397,5D:30:BE:7C:85:23,-103
BLE,1670729587589490736,42:82:F6:CB:7B:27,-98
BLE,1670729587859852562,42:82:F6:CB:7B:27,-101
BLE,1670729588054212792,5D:30:BE:7C:85:23,-97
BLE,1670729588129564604,42:82:F6:CB:7B:27,-100
BLE,1670729588563360819,6C:FB:F0:C6:FB:FB,-101
BLE,1670729588735675728,6E:61:16:55:EB:D2,-104
BLE,1670729588861102277,EB:E7:C8:FB:DB:12,-81
BLE,1670729589152715017,5D:30:BE:7C:85:23,-95
BLE,1670729589852686150,6E:61:16:55:EB:D2,-93
BLE,1670729590040821203,6E:61:16:55:EB:D2,-92
BLE,1670729590260321134,5D:30:BE:7C:85:23,-97
BLE,1670729590729332389,14:BB:6E:11:32:18,-92
BLE,1670729590860829991,EB:E7:C8:FB:DB:12,-79
BLE,1670729590900715350,6C:FB:F0:C6:FB:FB,-88
BLE,1670729591088763280,5D:30:BE:7C:85:23,-99
BLE,1670729591389605494,42:82:F6:CB:7B:27,-99
BLE,1670729591660824351,42:82:F6:CB:7B:27,-87
BLE,1670729591669367708,6C:FB:F0:C6:FB:FB,-87
BLE,1670729592196389439,5D:30:BE:7C:85:23,-86
BLE,1670729592267816506,6E:61:16:55:EB:D2,-88
BLE,1670729592702455461,6C:FB:F0:C6:FB:FB,-100
BLE,1670729592754971545,5D:30:BE:7C:85:23,-85
BLE,1670729592863407338,EB:E7:C8:FB:DB:12,-79
BLE,1670729593031148968,5D:30:BE:7C:85:23,-93
BLE,1670729593221950949,6C:FB:F0:C6:FB:FB,-98
BLE,1670729593740451448,6C:FB:F0:C6:FB:FB,-87
BLE,1670729593842170696,42:82:F6:CB:7B:27,-99
BLE,1670729594115900482,42:82:F6:CB:7B:27,-87
BLE,1670729594399923062,5D:30:BE:7C:85:23,-86
BLE,1670729594472200286,C2:82:7D:65:F5:DA,-91
BLE,1670729594524257291,6C:FB:F0:C6:FB:FB,-88
BLE,1670729594863579797,EB:E7:C8:FB:DB:12,-73
BLE,1670729595045388093,6C:FB:F0:C6:FB:FB,-98
BLE,1670729595483553714,42:82:F6:CB:7B:27,-88
BLE,1670729595502394865,5D:30:BE:7C:85:23,-95
BLE,1670729595755900183,42:82:F6:CB:7B:27,-88
BLE,1670729596061651213,5D:30:BE:7C:85:23,-98
BLE,1670729596076281956,6C:FB:F0:C6:FB:FB,-99
BLE,1670729596866536139,EB:E7:C8:FB:DB:12,-79
BLE,1670729597358422955,6C:FB:F0:C6:FB:FB,-97
BLE,1670729597684508410,6E:61:16:55:EB:D2,-101
BLE,1670729597707295764,5D:30:BE:7C:85:23,-95
BLE,1670729598646198096,6C:FB:F0:C6:FB:FB,-98
BLE,1670729598869773812,EB:E7:C8:FB:DB:12,-79
BLE,1670729599081059507,5D:30:BE:7C:85:23,-96
BLE,1670729599158139632,6C:FB:F0:C6:FB:FB,-102
BLE,1670729599557290509,6E:61:16:55:EB:D2,-102
BLE,1670729600369817678,42:82:F6:CB:7B:27,-99
BLE,1670729600864851456,6E:61:16:55:EB:D2,-100
BLE,1670729600872281826,EB:E7:C8:FB:DB:12,-79
BLE,1670729601556300690,5D:30:BE:7C:85:23,-97
BLE,1670729601975468537,6C:FB:F0:C6:FB:FB,-100
BLE,1670729602493168088,6C:FB:F0:C6:FB:FB,-100
BLE,1670729602549197005,6E:61:16:55:EB:D2,-91
BLE,1670729602657243261,5D:30:BE:7C:85:23,-96
BLE,1670729602876222323,EB:E7:C8:FB:DB:12,-79
BLE,1670729603007275639,6C:FB:F0:C6:FB:FB,-97
BLE,1670729603358534503,42:82:F6:CB:7B:27,-100
BLE,1670729603472011987,6E:61:16:55:EB:D2,-104
BLE,1670729603522974505,6C:FB:F0:C6:FB:FB,-97
BLE,1670729603628942162,42:82:F6:CB:7B:27,-99
BLE,1670729603758745618,5D:30:BE:7C:85:23,-97
BLE,1670729603902288410,42:82:F6:CB:7B:27,-99
BLE,1670729604298524739,5D:30:BE:7C:85:23,-98
BLE,1670729604571056789,5D:30:BE:7C:85:23,-96
BLE,1670729604876233492,EB:E7:C8:FB:DB:12,-79
BLE,1670729605403650052,5D:30:BE:7C:85:23,-96
BLE,1670729605542338194,42:82:F6:CB:7B:27,-101
BLE,1670729605575462592,6C:FB:F0:C6:FB:FB,-97
BLE,1670729605812323358,42:82:F6:CB:7B:27,-100
BLE,1670729606217371457,5D:30:BE:7C:85:23,-95
BLE,1670729606881462849,EB:E7:C8:FB:DB:12,-65
BLE,1670729607127249092,6C:FB:F0:C6:FB:FB,-100
BLE,1670729607312181268,5D:30:BE:7C:85:23,-83
BLE,1670729607888885866,6C:FB:F0:C6:FB:FB,-87
BLE,1670729608658245715,6C:FB:F0:C6:FB:FB,-100
BLE,1670729608883934614,EB:E7:C8:FB:DB:12,-79
BLE,1670729609074901551,42:82:F6:CB:7B:27,-98
BLE,1670729609176450760,6C:FB:F0:C6:FB:FB,-99
BLE,1670729609223431576,5D:30:BE:7C:85:23,-97
BLE,1670729609347390518,42:82:F6:CB:7B:27,-103
BLE,1670729609493422156,5D:30:BE:7C:85:23,-98
BLE,1670729609763742399,5D:30:BE:7C:85:23,-96
BLE,1670729610038526964,5D:30:BE:7C:85:23,-96
BLE,1670729610884176322,EB:E7:C8:FB:DB:12,-79
BLE,1670729611137396018,5D:30:BE:7C:85:23,-97
BLE,1670729611410095566,5D:30:BE:7C:85:23,-97
BLE,1670729611483539359,6E:61:16:55:EB:D2,-102
BLE,1670729611526202644,42:82:F6:CB:7B:27,-99
BLE,1670729611796185391,42:82:F6:CB:7B:27,-100
BLE,1670729612067422373,42:82:F6:CB:7B:27,-99
BLE,1670729612341211491,42:82:F6:CB:7B:27,-102
BLE,1670729612512265456,5D:30:BE:7C:85:23,-96
BLE,1670729612545925848,6C:FB:F0:C6:FB:FB,-97
BLE,1670729612886635837,EB:E7:C8:FB:DB:12,-65
BLE,1670729613071270266,5D:30:BE:7C:85:23,-96
BLE,1670729613315118949,6C:FB:F0:C6:FB:FB,-100
BLE,1670729613342458290,5D:30:BE:7C:85:23,-97
BLE,1670729613613517066,5D:30:BE:7C:85:23,-95
BLE,1670729613839896873,14:BB:6E:11:32:18,-105
BLE,1670729614444901635,5D:30:BE:7C:85:23,-96
BLE,1670729614520009450,42:82:F6:CB:7B:27,-99
BLE,1670729614790206653,42:82:F6:CB:7B:27,-100
BLE,1670729615061433927,42:82:F6:CB:7B:27,-99
BLE,1670729615331305675,42:82:F6:CB:7B:27,-99
BLE,1670729615386056857,6C:FB:F0:C6:FB:FB,-98
BLE,1670729615603845933,42:82:F6:CB:7B:27,-102
BLE,1670729615842460803,5D:30:BE:7C:85:23,-96
BLE,1670729615873773764,42:82:F6:CB:7B:27,-99
BLE,1670729616391064278,45:8E:8B:BA:39:29,-100
BLE,1670729616400962160,5D:30:BE:7C:85:23,-96
BLE,1670729616514735015,C2:82:7D:65:F5:DA,-105
BLE,1670729616936038796,6C:FB:F0:C6:FB:FB,-100
BLE,1670729617238721154,5D:30:BE:7C:85:23,-96
BLE,1670729617455125830,6C:FB:F0:C6:FB:FB,-99
BLE,1670729617778468525,5D:30:BE:7C:85:23,-96
BLE,1670729618048427398,5D:30:BE:7C:85:23,-95
BLE,1670729618592564050,42:82:F6:CB:7B:27,-96
BLE,1670729618865064726,42:82:F6:CB:7B:27,-100
BLE,1670729618898356913,EB:E7:C8:FB:DB:12,-82
BLE,1670729619135047598,42:82:F6:CB:7B:27,-99
BLE,1670729619275720466,6C:FB:F0:C6:FB:FB,-98
BLE,1670729619420002208,5D:30:BE:7C:85:23,-96
BLE,1670729619650104930,6E:61:16:55:EB:D2,-89
BLE,1670729620026598285,6E:61:16:55:EB:D2,-105
BLE,1670729620218563751,C8:B2:1E:C1:4C:16,-102
BLE,1670729620521177569,5D:30:BE:7C:85:23,-96
BLE,1670729620556031362,6C:FB:F0:C6:FB:FB,-99
BLE,1670729620898168168,EB:E7:C8:FB:DB:12,-79
BLE,1670729621626431422,5D:30:BE:7C:85:23,-84
BLE,1670729621711413078,6E:61:16:55:EB:D2,-89
BLE,1670729621843151803,6C:FB:F0:C6:FB:FB,-89
BLE,1670729622360328984,6C:FB:F0:C6:FB:FB,-88
BLE,1670729622727249078,5D:30:BE:7C:85:23,-86
BLE,1670729622877403626,6C:FB:F0:C6:FB:FB,-87
BLE,1670729623386261823,6E:61:16:55:EB:D2,-90
BLE,1670729623396083581,6C:FB:F0:C6:FB:FB,-86
BLE,1670729623558457192,5D:30:BE:7C:85:23,-85
BLE,1670729623746430081,42:82:F6:CB:7B:27,-102
BLE,1670729623950273823,6E:61:16:55:EB:D2,-90
BLE,1670729624017686729,42:82:F6:CB:7B:27,-88
BLE,1670729624287698934,42:82:F6:CB:7B:27,-100
BLE,1670729624534699038,C2:82:7D:65:F5:DA,-92
BLE,1670729624557654015,42:82:F6:CB:7B:27,-87
BLE,1670729624829038287,42:82:F6:CB:7B:27,-88
BLE,1670729625198533850,5D:30:BE:7C:85:23,-96
BLE,1670729625369060030,42:82:F6:CB:7B:27,-99
BLE,1670729625473258832,5D:30:BE:7C:85:23,-95
BLE,1670729625639363857,6E:61:16:55:EB:D2,-101
BLE,1670729625734174562,6C:FB:F0:C6:FB:FB,-99
BLE,1670729626455035030,42:82:F6:CB:7B:27,-108
BLE,1670729626843578700,5D:30:BE:7C:85:23,-96
BLE,1670729626909800287,EB:E7:C8:FB:DB:12,-81
BLE,1670729627500942672,6E:61:16:55:EB:D2,-100
BLE,1670729628074649515,6C:FB:F0:C6:FB:FB,-97
BLE,1670729628220954316,5D:30:BE:7C:85:23,-101
BLE,1670729628912785587,EB:E7:C8:FB:DB:12,-67
BLE,1670729629169164663,42:82:F6:CB:7B:27,-91
BLE,1670729629317134236,5D:30:BE:7C:85:23,-86
BLE,1670729629441596839,42:82:F6:CB:7B:27,-98
BLE,1670729629590726690,5D:30:BE:7C:85:23,-96
BLE,1670729629711628419,42:82:F6:CB:7B:27,-88
BLE,1670729629865823835,5D:30:BE:7C:85:23,-93
BLE,1670729629981601916,42:82:F6:CB:7B:27,-99
BLE,1670729630147002323,6C:FB:F0:C6:FB:FB,-97
BLE,1670729630251603038,42:82:F6:CB:7B:27,-89
BLE,1670729630521601368,42:82:F6:CB:7B:27,-100
BLE,1670729630527001553,C8:B2:1E:C1:4C:16,-103
BLE,1670729630663017186,6C:FB:F0:C6:FB:FB,-98
BLE,1670729630689679202,5D:30:BE:7C:85:23,-96
BLE,1670729630791747405,42:82:F6:CB:7B:27,-100
BLE,1670729630914904606,EB:E7:C8:FB:DB:12,-82
BLE,1670729630962191460,5D:30:BE:7C:85:23,-94
BLE,1670729631178912883,6C:FB:F0:C6:FB:FB,-98
BLE,1670729631429003950,6C:FB:F0:C6:FB:FB,-88
BLE,1670729631780775099,6E:61:16:55:EB:D2,-101
BLE,1670729631790819104,5D:30:BE:7C:85:23,-96
BLE,1670729631944041157,6C:FB:F0:C6:FB:FB,-98
BLE,1670729632698150979,42:82:F6:CB:7B:27,-99
BLE,1670729632916462340,EB:E7:C8:FB:DB:12,-82
BLE,1670729632967994561,42:82:F6:CB:7B:27,-100
BLE,1670729633083683393,6E:61:16:55:EB:D2,-106
BLE,1670729633239191710,42:82:F6:CB:7B:27,-98
BLE,1670729633434621719,5D:30:BE:7C:85:23,-98
BLE,1670729633510484650,42:82:F6:CB:7B:27,-98
BLE,1670729633707094561,5D:30:BE:7C:85:23,-95
BLE,1670729633780384272,42:82:F6:CB:7B:27,-89
BLE,1670729634010985530,6C:FB:F0:C6:FB:FB,-97
BLE,1670729634051617213,42:82:F6:CB:7B:27,-100
BLE,1670729634321649709,42:82:F6:CB:7B:27,-98
BLE,1670729634528370126,6C:FB:F0:C6:FB:FB,-99
BLE,1670729634567619409,6E:61:16:55:EB:D2,-102
BLE,1670729634811175387,5D:30:BE:7C:85:23,-95
BLE,1670729635369788034,5D:30:BE:7C:85:23,-96
BLE,1670729635642208710,5D:30:BE:7C:85:23,-95
BLE,1670729635711786883,6E:61:16:55:EB:D2,-102
BLE,1670729635956940842,14:BB:6E:11:32:18,-90
BLE,1670729636743436612,5D:30:BE:7C:85:23,-96
BLE,1670729636840861286,6E:61:16:55:EB:D2,-90
BLE,1670729636917252502,EB:E7:C8:FB:DB:12,-65
BLE,1670729637855734881,42:82:F6:CB:7B:27,-99
BLE,1670729638111158676,6C:FB:F0:C6:FB:FB,-100
BLE,1670729638387171518,5D:30:BE:7C:85:23,-98
BLE,1670729638571341119,C2:82:7D:65:F5:DA,-103
BLE,1670729638657102724,5D:30:BE:7C:85:23,-95
BLE,1670729638873450401,6C:FB:F0:C6:FB:FB,-98
BLE,1670729638918555698,EB:E7:C8:FB:DB:12,-79
BLE,1670729639391649529,6C:FB:F0:C6:FB:FB,-99
BLE,1670729639510944110,14:BB:6E:11:32:18,-105
BLE,1670729639831704253,6E:61:16:55:EB:D2,-104
BLE,1670729640306785602,42:82:F6:CB:7B:27,-99
BLE,1670729640398114141,6E:61:16:55:EB:D2,-102
BLE,1670729640578895282,C2:82:7D:65:F5:DA,-101
BLE,1670729640847063509,5D:30:BE:7C:85:23,-91
BLE,1670729640923513141,EB:E7:C8:FB:DB:12,-79
BLE,1670729641317363790,6E:61:16:55:EB:D2,-101
BLE,1670729641880308469,6E:61:16:55:EB:D2,-102
BLE,1670729641941070871,5D:30:BE:7C:85:23,-97
BLE,1670729642741007606,6C:FB:F0:C6:FB:FB,-97
BLE,1670729642926067863,EB:E7:C8:FB:DB:12,-79
BLE,1670729643041898861,5D:30:BE:7C:85:23,-96
BLE,1670729643566687327,42:82:F6:CB:7B:27,-100
BLE,1670729643570171744,6E:61:16:55:EB:D2,-103
BLE,1670729643778827720,6C:FB:F0:C6:FB:FB,-100
BLE,1670729643837905892,42:82:F6:CB:7B:27,-98
BLE,1670729644108345217,42:82:F6:CB:7B:27,-99
BLE,1670729644381945546,42:82:F6:CB:7B:27,-98
BLE,1670729644685731433,5D:30:BE:7C:85:23,-97
BLE,1670729644736065251,45:8E:8B:BA:39:29,-100
BLE,1670729644813565079,6C:FB:F0:C6:FB:FB,-99
BLE,1670729644927473849,EB:E7:C8:FB:DB:12,-79
BLE,1670729645328538120,6C:FB:F0:C6:FB:FB,-99
BLE,1670729645737532505,42:82:F6:CB:7B:27,-101
BLE,1670729646056962956,5D:30:BE:7C:85:23,-96
BLE,1670729646096364154,6C:FB:F0:C6:FB:FB,-100
BLE,1670729646328236438,5D:30:BE:7C:85:23,-96
BLE,1670729646612991759,6C:FB:F0:C6:FB:FB,-98
BLE,1670729646930186778,EB:E7:C8:FB:DB:12,-79
BLE,1670729647122329576,6E:61:16:55:EB:D2,-100
BLE,1670729647158162608,5D:30:BE:7C:85:23,-97
BLE,1670729647651031912,6C:FB:F0:C6:FB:FB,-98
BLE,1670729648262318557,5D:30:BE:7C:85:23,-97
BLE,1670729648535667598,5D:30:BE:7C:85:23,-95
BLE,1670729648720702772,42:82:F6:CB:7B:27,-100
BLE,1670729648930212030,EB:E7:C8:FB:DB:12,-79
BLE,1670729648991776714,42:82:F6:CB:7B:27,-99
BLE,1670729649694794310,6C:FB:F0:C6:FB:FB,-100
BLE,1670729649908086815,5D:30:BE:7C:85:23,-95
BLE,1670729650092506371,6E:61:16:55:EB:D2,-103
BLE,1670729650274071837,6E:61:16:55:EB:D2,-103
BLE,1670729650459879710,6C:FB:F0:C6:FB:FB,-98
BLE,1670729650931552891,EB:E7:C8:FB:DB:12,-79
BLE,1670729651378132121,6E:61:16:55:EB:D2,-91
BLE,1670729651441866613,42:82:F6:CB:7B:27,-89
BLE,1670729651551835472,5D:30:BE:7C:85:23,-96
BLE,1670729651713061929,42:82:F6:CB:7B:27,-99
BLE,1670729651985564479,42:82:F6:CB:7B:27,-83
BLE,1670729652255668475,42:82:F6:CB:7B:27,-87
BLE,1670729652510392362,6C:FB:F0:C6:FB:FB,-91
BLE,1670729652525556181,42:82:F6:CB:7B:27,-99
BLE,1670729652639282537,5D:30:BE:7C:85:23,-93
BLE,1670729652931018317,EB:E7:C8:FB:DB:12,-79
BLE,1670729653029505312,6C:FB:F0:C6:FB:FB,-89
BLE,1670729653193169407,5D:30:BE:7C:85:23,-84
BLE,1670729653545356676,6C:FB:F0:C6:FB:FB,-100
BLE,1670729653805787745,6E:61:16:55:EB:D2,-89
BLE,1670729654576704117,6C:FB:F0:C6:FB:FB,-98
BLE,1670729654704435139,42:82:F6:CB:7B:27,-99
BLE,1670729654828976575,6C:FB:F0:C6:FB:FB,-98
BLE,1670729654931121818,EB:E7:C8:FB:DB:12,-80
BLE,1670729654974409678,42:82:F6:CB:7B:27,-87
BLE,1670729655109875442,6E:61:16:55:EB:D2,-104
BLE,1670729655124187105,5D:30:BE:7C:85:23,-97
BLE,1670729655244419967,42:82:F6:CB:7B:27,-98
BLE,1670729655342717297,6C:FB:F0:C6:FB:FB,-101
BLE,1670729655399648287,5D:30:BE:7C:85:23,-95
BLE,1670729655514627919,42:82:F6:CB:7B:27,-100
BLE,1670729655785754194,42:82:F6:CB:7B:27,-101
BLE,1670729655864227719,6C:FB:F0:C6:FB:FB,-99
BLE,1670729656055774524,42:82:F6:CB:7B:27,-99
BLE,1670729656229379168,5D:30:BE:7C:85:23,-96
BLE,1670729656325763188,42:82:F6:CB:7B:27,-99
BLE,1670729656378702808,6C:FB:F0:C6:FB:FB,-98
BLE,1670729656499284040,5D:30:BE:7C:85:23,-98
BLE,1670729656596958504,42:82:F6:CB:7B:27,-87
BLE,1670729656866965625,42:82:F6:CB:7B:27,-100
BLE,1670729656931176278,EB:E7:C8:FB:DB:12,-79
BLE,1670729657329253543,5D:30:BE:7C:85:23,-96
BLE,1670729657412770425,42:82:F6:CB:7B:27,-92
BLE,1670729657663520067,6C:FB:F0:C6:FB:FB,-89
BLE,1670729657719175114,6E:61:16:55:EB:D2,-87
BLE,1670729657954070611,42:82:F6:CB:7B:27,-92
BLE,1670729658433059956,5D:30:BE:7C:85:23,-85
BLE,1670729658704204855,5D:30:BE:7C:85:23,-94
BLE,1670729658931789148,EB:E7:C8:FB:DB:12,-81
BLE,1670729659212464060,6C:FB:F0:C6:FB:FB,-89
BLE,1670729659804232646,5D:30:BE:7C:85:23,-96
BLE,1670729660055730530,14:BB:6E:11:32:18,-103
BLE,1670729660126984307,42:82:F6:CB:7B:27,-102
BLE,1670729660250093051,6C:FB:F0:C6:FB:FB,-97
BLE,1670729660400711635,42:82:F6:CB:7B:27,-100
BLE,1670729660764247519,6C:FB:F0:C6:FB:FB,-98
BLE,1670729660934414536,EB:E7:C8:FB:DB:12,-81
BLE,1670729661072654475,6E:61:16:55:EB:D2,-105
BLE,1670729661177933973,5D:30:BE:7C:85:23,-97
BLE,1670729661285539277,6C:FB:F0:C6:FB:FB,-100
BLE,1670729661450411732,5D:30:BE:7C:85:23,-98
BLE,1670729661720406187,5D:30:BE:7C:85:23,-96
BLE,1670729661804381772,6C:FB:F0:C6:FB:FB,-98
BLE,1670729662278495757,5D:30:BE:7C:85:23,-96
BLE,1670729662310690791,42:82:F6:CB:7B:27,-99
BLE,1670729662583296840,42:82:F6:CB:7B:27,-99
BLE,1670729662934416331,EB:E7:C8:FB:DB:12,-82
BLE,1670729663353084601,6C:FB:F0:C6:FB:FB,-100
BLE,1670729664194473551,5D:30:BE:7C:85:23,-84
BLE,1670729664407774931,6E:61:16:55:EB:D2,-106
BLE,1670729664653324468,C2:82:7D:65:F5:DA,-105
BLE,1670729664935742567,EB:E7:C8:FB:DB:12,-80
BLE,1670729665028122468,5D:30:BE:7C:85:23,-95
BLE,1670729665030761145,42:82:F6:CB:7B:27,-100
BLE,1670729665299246077,5D:30:BE:7C:85:23,-97
BLE,1670729665303257737,42:82:F6:CB:7B:27,-99
BLE,1670729665574574427,42:82:F6:CB:7B:27,-98
BLE,1670729666126839483,5D:30:BE:7C:85:23,-100
BLE,1670729666264151308,6E:61:16:55:EB:D2,-101
BLE,1670729666390348390,42:82:F6:CB:7B:27,-93
BLE,1670729666400449770,5D:30:BE:7C:85:23,-84
BLE,1670729666937236094,EB:E7:C8:FB:DB:12,-82
BLE,1670729667231798548,5D:30:BE:7C:85:23,-97
BLE,1670729667471822818,6C:FB:F0:C6:FB:FB,-89
BLE,1670729667504504346,5D:30:BE:7C:85:23,-86
BLE,1670729668508349989,6C:FB:F0:C6:FB:FB,-96
BLE,1670729668938548372,EB:E7:C8:FB:DB:12,-82
BLE,1670729669243530578,6E:61:16:55:EB:D2,-100
BLE,1670729669643455863,42:82:F6:CB:7B:27,-98
BLE,1670729669786688617,6C:FB:F0:C6:FB:FB,-100
BLE,1670729669914635512,42:82:F6:CB:7B:27,-98
BLE,1670729669978145715,5D:30:BE:7C:85:23,-96
BLE,1670729670038796952,6C:FB:F0:C6:FB:FB,-98
BLE,1670729670184629801,42:82:F6:CB:7B:27,-101
BLE,1670729670458395252,42:82:F6:CB:7B:27,-100
BLE,1670729670555655429,6C:FB:F0:C6:FB:FB,-99
BLE,1670729670662160579,C2:82:7D:65:F5:DA,-101
BLE,1670729670943462441,EB:E7:C8:FB:DB:12,-81
BLE,1670729671070318141,6C:FB:F0:C6:FB:FB,-98
BLE,1670729671620895633,5D:30:BE:7C:85:23,-94
BLE,1670729672451835875,5D:30:BE:7C:85:23,-98
BLE,1670729672636154724,42:82:F6:CB:7B:27,-98
BLE,1670729672891698809,6C:FB:F0:C6:FB:FB,-99
BLE,1670729672909720262,42:82:F6:CB:7B:27,-99
BLE,1670729672945912123,EB:E7:C8:FB:DB:12,-81
BLE,1670729672974390951,6E:61:16:55:EB:D2,-106
BLE,1670729673179732717,42:82:F6:CB:7B:27,-97
BLE,1670729673412916068,6C:FB:F0:C6:FB:FB,-89
BLE,1670729673449864337,42:82:F6:CB:7B:27,-99
BLE,1670729673720984195,42:82:F6:CB:7B:27,-98
BLE,1670729673991033025,42:82:F6:CB:7B:27,-97
BLE,1670729674448962411,6C:FB:F0:C6:FB:FB,-101
BLE,1670729674657966759,5D:30:BE:7C:85:23,-97
BLE,1670729674714464003,6C:FB:F0:C6:FB:FB,-101
BLE,1670729674809136586,42:82:F6:CB:7B:27,-102
BLE,1670729674928102379,5D:30:BE:7C:85:23,-97
BLE,1670729674948457387,EB:E7:C8:FB:DB:12,-82
BLE,1670729675755397205,6C:FB:F0:C6:FB:FB,-97
BLE,1670729676301627083,5D:30:BE:7C:85:23,-96
BLE,1670729676438547746,42:82:F6:CB:7B:27,-98
BLE,1670729676571485123,5D:30:BE:7C:85:23,-95
BLE,1670729676708511077,42:82:F6:CB:7B:27,-100
BLE,1670729676789272199,6C:FB:F0:C6:FB:FB,-98
BLE,1670729676951033109,EB:E7:C8:FB:DB:12,-81
BLE,1670729676978519573,42:82:F6:CB:7B:27,-98
BLE,1670729677251047415,42:82:F6:CB:7B:27,-99
BLE,1670729677401630124,5D:30:BE:7C:85:23,-97
BLE,1670729677523526174,42:82:F6:CB:7B:27,-99
BLE,1670729677671624371,5D:30:BE:7C:85:23,-97
BLE,1670729677820932761,6C:FB:F0:C6:FB:FB,-97
BLE,1670729677944231878,5D:30:BE:7C:85:23,-97
BLE,1670729678017031096,6E:61:16:55:EB:D2,-101
BLE,1670729678067993240,42:82:F6:CB:7B:27,-105
BLE,1670729678774555002,5D:30:BE:7C:85:23,-97
BLE,1670729678953599622,EB:E7:C8:FB:DB:12,-81
BLE,1670729679372789094,6C:FB:F0:C6:FB:FB,-97
BLE,1670729679684852799,6E:61:16:55:EB:D2,-100
BLE,1670729679890896390,6C:FB:F0:C6:FB:FB,-97
BLE,1670729679971061228,42:82:F6:CB:7B:27,-99
BLE,1670729680241354347,42:82:F6:CB:7B:27,-97
BLE,1670729680407058209,6C:FB:F0:C6:FB:FB,-102
BLE,1670729680511424634,42:82:F6:CB:7B:27,-99
BLE,1670729680782374370,42:82:F6:CB:7B:27,-90
BLE,1670729680953741248,EB:E7:C8:FB:DB:12,-80
BLE,1670729680978210999,5D:30:BE:7C:85:23,-98
BLE,1670729681056159321,42:82:F6:CB:7B:27,-100
BLE,1670729681172262899,6C:FB:F0:C6:FB:FB,-87
BLE,1670729681247808792,5D:30:BE:7C:85:23,-85
BLE,1670729681326198401,42:82:F6:CB:7B:27,-87
BLE,1670729681692078466,6C:FB:F0:C6:FB:FB,-89
BLE,1670729681921961315,6E:61:16:55:EB:D2,-91
BLE,1670729682725500715,6C:FB:F0:C6:FB:FB,-87
BLE,1670729682915804118,5D:30:BE:7C:85:23,-85
BLE,1670729683184059136,5D:30:BE:7C:85:23,-97
BLE,1670729683242449775,6C:FB:F0:C6:FB:FB,-99
BLE,1670729683594694835,6E:61:16:55:EB:D2,-92
BLE,1670729684009208738,6C:FB:F0:C6:FB:FB,-88
BLE,1670729684043658036,42:82:F6:CB:7B:27,-86
BLE,1670729684284012469,5D:30:BE:7C:85:23,-84
BLE,1670729684316145837,42:82:F6:CB:7B:27,-98
BLE,1670729684523760992,6C:FB:F0:C6:FB:FB,-89
BLE,1670729684557746546,5D:30:BE:7C:85:23,-96
BLE,1670729684586206333,42:82:F6:CB:7B:27,-88
BLE,1670729684856366286,42:82:F6:CB:7B:27,-99
BLE,1670729684898996821,6E:61:16:55:EB:D2,-92
BLE,1670729684955815520,EB:E7:C8:FB:DB:12,-65
BLE,1670729685045904073,6C:FB:F0:C6:FB:FB,-88
BLE,1670729685128709838,42:82:F6:CB:7B:27,-90
BLE,1670729685927910207,5D:30:BE:7C:85:23,-96
BLE,1670729686329335516,6C:FB:F0:C6:FB:FB,-98
BLE,1670729686389342552,6E:61:16:55:EB:D2,-100
BLE,1670729686693295437,C2:82:7D:65:F5:DA,-106
BLE,1670729686759026197,5D:30:BE:7C:85:23,-98
BLE,1670729686766957977,6E:61:16:55:EB:D2,-110
BLE,1670729686958692988,EB:E7:C8:FB:DB:12,-79
BLE,1670729687591648418,5D:30:BE:7C:85:23,-97
BLE,1670729687850067761,42:82:F6:CB:7B:27,-88
BLE,1670729687881566136,6C:FB:F0:C6:FB:FB,-97
BLE,1670729688119971634,42:82:F6:CB:7B:27,-99
BLE,1670729688427769514,5D:30:BE:7C:85:23,-97
BLE,1670729688699476241,C2:82:7D:65:F5:DA,-92
BLE,1670729688859378089,6E:61:16:55:EB:D2,-100
BLE,1670729688958489076,EB:E7:C8:FB:DB:12,-68
BLE,1670729689040599933,6E:61:16:55:EB:D2,-90
BLE,1670729690467026258,6C:FB:F0:C6:FB:FB,-86
BLE,1670729690629062747,5D:30:BE:7C:85:23,-97
BLE,1670729690962378949,EB:E7:C8:FB:DB:12,-79
BLE,1670729691380463976,42:82:F6:CB:7B:27,-98
BLE,1670729691651106174,6E:61:16:55:EB:D2,-102
BLE,1670729691653740184,42:82:F6:CB:7B:27,-102
BLE,1670729691751359815,6C:FB:F0:C6:FB:FB,-98
BLE,1670729691833459047,6E:61:16:55:EB:D2,-103
BLE,1670729691923803389,42:82:F6:CB:7B:27,-99
BLE,1670729692005068130,5D:30:BE:7C:85:23,-96
BLE,1670729692269044407,6C:FB:F0:C6:FB:FB,-99
BLE,1670729692276705149,5D:30:BE:7C:85:23,-97
BLE,1670729692394797120,6E:61:16:55:EB:D2,-105
BLE,1670729692963635354,EB:E7:C8:FB:DB:12,-79
BLE,1670729692974142104,14:BB:6E:11:32:18,-102
BLE,1670729693831534197,42:82:F6:CB:7B:27,-99
BLE,1670729693937563602,5D:30:BE:7C:85:23,-96
BLE,1670729694336448191,6C:FB:F0:C6:FB:FB,-97
BLE,1670729694768806632,5D:30:BE:7C:85:23,-96
BLE,1670729694963700855,EB:E7:C8:FB:DB:12,-79
BLE,1670729696143954192,5D:30:BE:7C:85:23,-84
BLE,1670729696290175827,6E:61:16:55:EB:D2,-90
BLE,1670729696404890421,6C:FB:F0:C6:FB:FB,-88
BLE,1670729696555243341,42:82:F6:CB:7B:27,-86
BLE,1670729696967547270,EB:E7:C8:FB:DB:12,-65
BLE,1670729696978756554,5D:30:BE:7C:85:23,-84
BLE,1670729697097645098,42:82:F6:CB:7B:27,-99
BLE,1670729697248765134,5D:30:BE:7C:85:23,-96
BLE,1670729697519140543,5D:30:BE:7C:85:23,-86
BLE,1670729697592935707,6E:61:16:55:EB:D2,-94
BLE,1670729697788746711,5D:30:BE:7C:85:23,-97
BLE,1670729697971732868,6E:61:16:55:EB:D2,-93
BLE,1670729698157009039,6E:61:16:55:EB:D2,-99
BLE,1670729698719502348,6E:61:16:55:EB:D2,-103
BLE,1670729698972631921,EB:E7:C8:FB:DB:12,-79
BLE,1670729699242674292,6C:FB:F0:C6:FB:FB,-97
BLE,1670729699816448967,42:82:F6:CB:7B:27,-99
BLE,1670729699992437665,5D:30:BE:7C:85:23,-97
BLE,1670729700088912935,42:82:F6:CB:7B:27,-98
BLE,1670729700359260552,42:82:F6:CB:7B:27,-87
BLE,1670729700629138467,42:82:F6:CB:7B:27,-88
BLE,1670729700899163922,42:82:F6:CB:7B:27,-89
BLE,1670729700976670875,EB:E7:C8:FB:DB:12,-68
BLE,1670729701170441654,42:82:F6:CB:7B:27,-97
BLE,1670729701348587701,6E:61:16:55:EB:D2,-91
BLE,1670729702194391432,5D:30:BE:7C:85:23,-86
BLE,1670729702979218722,EB:E7:C8:FB:DB:12,-79
BLE,1670729703082791074,42:82:F6:CB:7B:27,-100
BLE,1670729703352879653,42:82:F6:CB:7B:27,-102
BLE,1670729703571241847,5D:30:BE:7C:85:23,-97
BLE,1670729703852838039,6C:FB:F0:C6:FB:FB,-99
BLE,1670729703900969383,42:82:F6:CB:7B:27,-102
BLE,1670729704139901625,6E:61:16:55:EB:D2,-100
BLE,1670729704371860824,6C:FB:F0:C6:FB:FB,-100
BLE,1670729704403135452,14:BB:6E:11:32:18,-101
BLE,1670729704945217338,5D:30:BE:7C:85:23,-97
BLE,1670729704981642738,EB:E7:C8:FB:DB:12,-79
BLE,1670729704992942853,42:82:F6:CB:7B:27,-97
BLE,1670729705139335820,6C:FB:F0:C6:FB:FB,-101
BLE,1670729705533068679,42:82:F6:CB:7B:27,-89
BLE,1670729705804201120,42:82:F6:CB:7B:27,-83
BLE,1670729705923462077,6C:FB:F0:C6:FB:FB,-88
BLE,1670729706344321696,42:82:F6:CB:7B:27,-88
BLE,1670729706609154462,5D:30:BE:7C:85:23,-85
BLE,1670729706614093904,42:82:F6:CB:7B:27,-87
BLE,1670729706691855895,6C:FB:F0:C6:FB:FB,-87
BLE,1670729706748111851,6E:61:16:55:EB:D2,-90
BLE,1670729706886632537,42:82:F6:CB:7B:27,-87
BLE,1670729706981732864,EB:E7:C8:FB:DB:12,-65
BLE,1670729707156960988,42:82:F6:CB:7B:27,-99
BLE,1670729707204618921,6C:FB:F0:C6:FB:FB,-88
BLE,1670729707426692613,42:82:F6:CB:7B:27,-98
BLE,1670729707694763258,6E:61:16:55:EB:D2,-99
BLE,1670729707696559278,42:82:F6:CB:7B:27,-96
BLE,1670729707966672107,42:82:F6:CB:7B:27,-96
BLE,1670729707978591382,5D:30:BE:7C:85:23,-96
BLE,1670729707994440693,6C:FB:F0:C6:FB:FB,-101
BLE,1670729708236649604,42:82:F6:CB:7B:27,-98
BLE,1670729708983049726,EB:E7:C8:FB:DB:12,-79
BLE,1670729709350522855,5D:30:BE:7C:85:23,-86
BLE,1670729709622542244,5D:30:BE:7C:85:23,-97
BLE,1670729709793789749,6C:FB:F0:C6:FB:FB,-100
BLE,1670729710165097041,5D:30:BE:7C:85:23,-96
BLE,1670729710580664431,6C:FB:F0:C6:FB:FB,-89
BLE,1670729710722354371,5D:30:BE:7C:85:23,-98
BLE,1670729710982696357,EB:E7:C8:FB:DB:12,-80
BLE,1670729711494444520,42:82:F6:CB:7B:27,-88
BLE,1670729711764509516,42:82:F6:CB:7B:27,-89
BLE,1670729711827463559,5D:30:BE:7C:85:23,-98
BLE,1670729712038150928,42:82:F6:CB:7B:27,-99
BLE,1670729712135787892,6C:FB:F0:C6:FB:FB,-90
BLE,1670729712308084676,42:82:F6:CB:7B:27,-88
BLE,1670729712578117006,42:82:F6:CB:7B:27,-99
BLE,1670729712899114438,6C:FB:F0:C6:FB:FB,-86
BLE,1670729712985133539,EB:E7:C8:FB:DB:12,-66
BLE,1670729713394904207,42:82:F6:CB:7B:27,-93
BLE,1670729713415719501,6C:FB:F0:C6:FB:FB,-99
BLE,1670729713472394119,5D:30:BE:7C:85:23,-84
BLE,1670729713746231778,5D:30:BE:7C:85:23,-91
BLE,1670729714187166450,14:BB:6E:11:32:18,-91
BLE,1670729714406142304,C8:B2:1E:C1:4C:16,-93
BLE,1670729714759483142,42:82:F6:CB:7B:27,-99
BLE,1670729714842474864,5D:30:BE:7C:85:23,-96
BLE,1670729714985150875,EB:E7:C8:FB:DB:12,-65
BLE,1670729715236740257,6C:FB:F0:C6:FB:FB,-98
BLE,1670729715702256179,6E:61:16:55:EB:D2,-103
BLE,1670729716753928836,5D:30:BE:7C:85:23,-97
BLE,1670729716940717531,42:82:F6:CB:7B:27,-98
BLE,1670729716986514861,EB:E7:C8:FB:DB:12,-80
BLE,1670729717011207609,6E:61:16:55:EB:D2,-102
BLE,1670729717023665503,5D:30:BE:7C:85:23,-97
BLE,1670729717059757032,6C:FB:F0:C6:FB:FB,-98
BLE,1670729717295133524,5D:30:BE:7C:85:23,-99
BLE,1670729717564883190,5D:30:BE:7C:85:23,-97
BLE,1670729717569921005,6E:61:16:55:EB:D2,-100
BLE,1670729718612901933,6C:FB:F0:C6:FB:FB,-97
BLE,1670729718668980932,5D:30:BE:7C:85:23,-96
BLE,1670729718986680403,EB:E7:C8:FB:DB:12,-79
BLE,1670729719130866897,6C:FB:F0:C6:FB:FB,-97
BLE,1670729719665763159,42:82:F6:CB:7B:27,-99
BLE,1670729720041133278,5D:30:BE:7C:85:23,-96
BLE,1670729720872757844,5D:30:BE:7C:85:23,-97
BLE,1670729720987456105,EB:E7:C8:FB:DB:12,-81
BLE,1670729721434888200,14:BB:6E:11:32:18,-104
BLE,1670729721578286202,42:82:F6:CB:7B:27,-98
BLE,1670729721698869976,6C:FB:F0:C6:FB:FB,-99
BLE,1670729721845032863,6E:61:16:55:EB:D2,-90
BLE,1670729721849388978,42:82:F6:CB:7B:27,-87
BLE,1670729722027583400,6E:61:16:55:EB:D2,-102
BLE,1670729722119551181,42:82:F6:CB:7B:27,-97
BLE,1670729722784929975,5D:30:BE:7C:85:23,-97
BLE,1670729722990114284,EB:E7:C8:FB:DB:12,-82
BLE,1670729723620165623,5D:30:BE:7C:85:23,-96
BLE,1670729724262818396,6C:FB:F0:C6:FB:FB,-99
BLE,1670729724448622102,5D:30:BE:7C:85:23,-95
BLE,1670729724994324945,EB:E7:C8:FB:DB:12,-79
BLE,1670729725029656525,6C:FB:F0:C6:FB:FB,-98
BLE,1670729725107377600,42:82:F6:CB:7B:27,-99
BLE,1670729725379760194,42:82:F6:CB:7B:27,-98
BLE,1670729725546424378,6C:FB:F0:C6:FB:FB,-97
BLE,1670729725550149959,5D:30:BE:7C:85:23,-98
BLE,1670729725819879833,5D:30:BE:7C:85:23,-95
BLE,1670729726063560810,6C:FB:F0:C6:FB:FB,-87
BLE,1670729726504758312,6E:61:16:55:EB:D2,-101
BLE,1670729726581394442,6C:FB:F0:C6:FB:FB,-99
BLE,1670729726998077403,EB:E7:C8:FB:DB:12,-66
BLE,1670729727249645077,6E:61:16:55:EB:D2,-91
BLE,1670729727486321678,5D:30:BE:7C:85:23,-85
BLE,1670729727757419412,5D:30:BE:7C:85:23,-84
BLE,1670729727830853914,42:82:F6:CB:7B:27,-89
BLE,1670729728036246096,5D:30:BE:7C:85:23,-102
BLE,1670729728102237061,42:82:F6:CB:7B:27,-89
BLE,1670729728163874661,6E:61:16:55:EB:D2,-104
BLE,1670729728372149892,42:82:F6:CB:7B:27,-99
BLE,1670729728589861761,5D:30:BE:7C:85:23,-97
BLE,1670729728642127931,42:82:F6:CB:7B:27,-100
BLE,1670729728647642823,6C:FB:F0:C6:FB:FB,-98
BLE,1670729728912102428,42:82:F6:CB:7B:27,-90
BLE,1670729728999481555,EB:E7:C8:FB:DB:12,-80
BLE,1670729729183378368,42:82:F6:CB:7B:27,-99
BLE,1670729729453382156,42:82:F6:CB:7B:27,-97
BLE,1670729729723581192,42:82:F6:CB:7B:27,-100
BLE,1670729729851443255,6E:61:16:55:EB:D2,-100
BLE,1670729730504725276,5D:30:BE:7C:85:23,-96
BLE,1670729730596753723,6E:61:16:55:EB:D2,-103
BLE,1670729730964892677,6C:FB:F0:C6:FB:FB,-89
BLE,1670729731002101068,EB:E7:C8:FB:DB:12,-80
BLE,1670729731082621069,42:82:F6:CB:7B:27,-102
BLE,1670729732250609968,6C:FB:F0:C6:FB:FB,-97
BLE,1670729732438570232,5D:30:BE:7C:85:23,-96
BLE,1670729733522295466,42:82:F6:CB:7B:27,-99
BLE,1670729733539731009,5D:30:BE:7C:85:23,-96
BLE,1670729733771514377,6E:61:16:55:EB:D2,-101
BLE,1670729733792180256,42:82:F6:CB:7B:27,-98
BLE,1670729733812129061,5D:30:BE:7C:85:23,-96
BLE,1670729734064681140,42:82:F6:CB:7B:27,-99
BLE,1670729734317464800,6C:FB:F0:C6:FB:FB,-96
BLE,1670729734839127178,6C:FB:F0:C6:FB:FB,-98
BLE,1670729735007201971,EB:E7:C8:FB:DB:12,-79
BLE,1670729735356130862,6C:FB:F0:C6:FB:FB,-100
BLE,1670729736013928496,5D:30:BE:7C:85:23,-98
BLE,1670729736307269507,5D:30:BE:7C:85:23,-97
BLE,1670729736392637658,6C:FB:F0:C6:FB:FB,-99
BLE,1670729736436267348,C8:B2:1E:C1:4C:16,-101
BLE,1670729736559639005,6E:61:16:55:EB:D2,-105
BLE,1670729737116086761,5D:30:BE:7C:85:23,-96
BLE,1670729737388514729,5D:30:BE:7C:85:23,-95
BLE,1670729737864785564,42:82:F6:CB:7B:27,-100
BLE,1670729737866126965,6E:61:16:55:EB:D2,-102
BLE,1670729738138512058,42:82:F6:CB:7B:27,-89
BLE,1670729738409740624,42:82:F6:CB:7B:27,-100
BLE,1670729738727510677,6C:FB:F0:C6:FB:FB,-101
BLE,1670729739010343022,EB:E7:C8:FB:DB:12,-81
BLE,1670729739049778178,5D:30:BE:7C:85:23,-96
BLE,1670729739245486766,6C:FB:F0:C6:FB:FB,-98
BLE,1670729739324679533,5D:30:BE:7C:85:23,-96
BLE,1670729740424956820,5D:30:BE:7C:85:23,-97
BLE,1670729740694782486,5D:30:BE:7C:85:23,-98
BLE,1670729740840269589,C2:82:7D:65:F5:DA,-101
BLE,1670729740861381421,42:82:F6:CB:7B:27,-100
BLE,1670729740967349952,5D:30:BE:7C:85:23,-96
BLE,1670729741014756763,EB:E7:C8:FB:DB:12,-79
BLE,1670729741132327615,42:82:F6:CB:7B:27,-101
BLE,1670729741527406666,5D:30:BE:7C:85:23,-96
BLE,1670729742164977665,6E:61:16:55:EB:D2,-103
BLE,1670729742357225212,5D:30:BE:7C:85:23,-97
BLE,1670729742846703806,6C:FB:F0:C6:FB:FB,-99
BLE,1670729743018616178,EB:E7:C8:FB:DB:12,-79
BLE,1670729743466322811,5D:30:BE:7C:85:23,-86
BLE,1670729743472720694,6E:61:16:55:EB:D2,-92
BLE,1670729744565843108,5D:30:BE:7C:85:23,-95
BLE,1670729744575495951,6E:61:16:55:EB:D2,-99
BLE,1670729744775391865,6E:61:16:55:EB:D2,-92
BLE,1670729744929866695,42:82:F6:CB:7B:27,-89
BLE,1670729745023618621,EB:E7:C8:FB:DB:12,-79
BLE,1670729745163723871,6C:FB:F0:C6:FB:FB,-89
BLE,1670729745203609230,42:82:F6:CB:7B:27,-89
BLE,1670729746207292334,5D:30:BE:7C:85:23,-98
BLE,1670729746623400009,6E:61:16:55:EB:D2,-100
BLE,1670729746716126448,6C:FB:F0:C6:FB:FB,-101
BLE,1670729746749503426,5D:30:BE:7C:85:23,-96
BLE,1670729747020827949,5D:30:BE:7C:85:23,-97
BLE,1670729747233053549,6C:FB:F0:C6:FB:FB,-99
BLE,1670729747854785987,5D:30:BE:7C:85:23,-93
BLE,1670729747926239221,6E:61:16:55:EB:D2,-103
BLE,1670729748271543988,6C:FB:F0:C6:FB:FB,-98
BLE,1670729748685845227,5D:30:BE:7C:85:23,-96
BLE,1670729749028812231,EB:E7:C8:FB:DB:12,-65
BLE,1670729749037556002,6C:FB:F0:C6:FB:FB,-90
BLE,1670729749273793650,42:82:F6:CB:7B:27,-99
BLE,1670729749518308617,5D:30:BE:7C:85:23,-85
BLE,1670729749547337522,42:82:F6:CB:7B:27,-99
BLE,1670729749611569049,6E:61:16:55:EB:D2,-101
BLE,1670729750319862625,6C:FB:F0:C6:FB:FB,-88
BLE,1670729750345707359,5D:30:BE:7C:85:23,-96
BLE,1670729750616961091,5D:30:BE:7C:85:23,-84
BLE,1670729750736814665,6E:61:16:55:EB:D2,-91
BLE,1670729751031474994,EB:E7:C8:FB:DB:12,-66
BLE,1670729751080307621,6C:FB:F0:C6:FB:FB,-97
BLE,1670729751597543677,6C:FB:F0:C6:FB:FB,-99
BLE,1670729751722416942,5D:30:BE:7C:85:23,-98
BLE,1670729751862138155,6E:61:16:55:EB:D2,-102
BLE,1670729752046129758,6E:61:16:55:EB:D2,-102
BLE,1670729752266507095,42:82:F6:CB:7B:27,-98
BLE,1670729752602544890,6E:61:16:55:EB:D2,-103
BLE,1670729752806247300,42:82:F6:CB:7B:27,-102
BLE,1670729752820613504,5D:30:BE:7C:85:23,-96
BLE,1670729753031438538,EB:E7:C8:FB:DB:12,-79
BLE,1670729753079900212,42:82:F6:CB:7B:27,-100
BLE,1670729753349936250,42:82:F6:CB:7B:27,-100
BLE,1670729753363124718,5D:30:BE:7C:85:23,-96
BLE,1670729753401153807,6C:FB:F0:C6:FB:FB,-98
BLE,1670729753619906080,42:82:F6:CB:7B:27,-99
BLE,1670729753705214982,6E:61:16:55:EB:D2,-104
BLE,1670729753920778960,6C:FB:F0:C6:FB:FB,-99
BLE,1670729754685681237,6C:FB:F0:C6:FB:FB,-98
BLE,1670729754835002127,6E:61:16:55:EB:D2,-104
BLE,1670729755200181492,6C:FB:F0:C6:FB:FB,-98
BLE,1670729755527592306,42:82:F6:CB:7B:27,-101
BLE,1670729755802504119,42:82:F6:CB:7B:27,-100
BLE,1670729755955367634,6E:61:16:55:EB:D2,-101
BLE,1670729756072532657,42:82:F6:CB:7B:27,-87
BLE,1670729756237969064,6C:FB:F0:C6:FB:FB,-87
BLE,1670729756342519196,42:82:F6:CB:7B:27,-99
BLE,1670729756398151367,5D:30:BE:7C:85:23,-95
BLE,1670729756673404677,5D:30:BE:7C:85:23,-86
BLE,1670729756756467814,6C:FB:F0:C6:FB:FB,-89
BLE,1670729757029093321,14:BB:6E:11:32:18,-95
BLE,1670729757035281706,EB:E7:C8:FB:DB:12,-66
BLE,1670729757440118307,42:82:F6:CB:7B:27,-89
BLE,1670729757537704230,6C:FB:F0:C6:FB:FB,-87
BLE,1670729757621891770,6E:61:16:55:EB:D2,-93
BLE,1670729757711314165,42:82:F6:CB:7B:27,-86
BLE,1670729757982558063,42:82:F6:CB:7B:27,-100
BLE,1670729758255196904,42:82:F6:CB:7B:27,-99
BLE,1670729758403136561,14:BB:6E:11:32:18,-104
BLE,1670729758525027986,42:82:F6:CB:7B:27,-100
BLE,1670729758583073420,5D:30:BE:7C:85:23,-95
BLE,1670729758795064899,42:82:F6:CB:7B:27,-101
BLE,1670729759036149906,EB:E7:C8:FB:DB:12,-81
BLE,1670729759418804730,5D:30:BE:7C:85:23,-95
BLE,1670729760105883724,6C:FB:F0:C6:FB:FB,-101
BLE,1670729760246829256,5D:30:BE:7C:85:23,-86
BLE,1670729760626325242,6C:FB:F0:C6:FB:FB,-99
BLE,1670729760792986551,6E:61:16:55:EB:D2,-103
BLE,1670729761035977494,EB:E7:C8:FB:DB:12,-81
BLE,1670729761143643005,6C:FB:F0:C6:FB:FB,-100
BLE,1670729761353289886,5D:30:BE:7C:85:23,-97
BLE,1670729761512661324,42:82:F6:CB:7B:27,-97
BLE,1670729761786533441,42:82:F6:CB:7B:27,-99
BLE,1670729761909743184,5D:30:BE:7C:85:23,-96
BLE,1670729762056406357,42:82:F6:CB:7B:27,-97
BLE,1670729762183080850,5D:30:BE:7C:85:23,-96
BLE,1670729762453071972,5D:30:BE:7C:85:23,-96
BLE,1670729763037182774,EB:E7:C8:FB:DB:12,-80
BLE,1670729763271855608,5D:30:BE:7C:85:23,-102
BLE,1670729763828433862,5D:30:BE:7C:85:23,-97
BLE,1670729764244915700,6C:FB:F0:C6:FB:FB,-100
BLE,1670729764766132584,6C:FB:F0:C6:FB:FB,-96
BLE,1670729764777686530,42:82:F6:CB:7B:27,-98
BLE,1670729764892224584,C2:82:7D:65:F5:DA,-102
BLE,1670729765037235317,EB:E7:C8:FB:DB:12,-81
BLE,1670729765047676277,42:82:F6:CB:7B:27,-98
BLE,1670729765199434971,5D:30:BE:7C:85:23,-96
BLE,1670729765317710231,42:82:F6:CB:7B:27,-98
BLE,1670729765588960547,42:82:F6:CB:7B:27,-99
BLE,1670729765860342402,42:82:F6:CB:7B:27,-98
BLE,1670729766032052276,5D:30:BE:7C:85:23,-97
BLE,1670729766068250804,6C:FB:F0:C6:FB:FB,-100
BLE,1670729766896333163,C2:82:7D:65:F5:DA,-100
BLE,1670729766940514304,6E:61:16:55:EB:D2,-98
BLE,1670729767038238641,EB:E7:C8:FB:DB:12,-80
BLE,1670729767622724272,6C:FB:F0:C6:FB:FB,-85
BLE,1670729767963639051,5D:30:BE:7C:85:23,-97
BLE,1670729768040313972,42:82:F6:CB:7B:27,-98
BLE,1670729768135307217,6C:FB:F0:C6:FB:FB,-88
BLE,1670729768234331664,5D:30:BE:7C:85:23,-85
BLE,1670729768310279553,42:82:F6:CB:7B:27,-88
BLE,1670729768582767270,42:82:F6:CB:7B:27,-98
BLE,1670729769038286018,EB:E7:C8:FB:DB:12,-66
BLE,1670729769170635944,6C:FB:F0:C6:FB:FB,-101
BLE,1670729769550787506,6E:61:16:55:EB:D2,-101
BLE,1670729769605605020,5D:30:BE:7C:85:23,-96
BLE,1670729769930738653,6E:61:16:55:EB:D2,-90
BLE,1670729770442092154,5D:30:BE:7C:85:23,-96
BLE,1670729770974510154,6C:FB:F0:C6:FB:FB,-99
BLE,1670729771039550881,EB:E7:C8:FB:DB:12,-79
BLE,1670729771050261462,14:BB:6E:11:32:18,-101
BLE,1670729771300385361,42:82:F6:CB:7B:27,-88
BLE,1670729771541890530,5D:30:BE:7C:85:23,-84
BLE,1670729771574097356,42:82:F6:CB:7B:27,-86
BLE,1670729771740921913,6C:FB:F0:C6:FB:FB,-88
BLE,1670729773558789273,6C:FB:F0:C6:FB:FB,-88
BLE,1670729773811515152,6C:FB:F0:C6:FB:FB,-99
BLE,1670729774024117764,42:82:F6:CB:7B:27,-100
BLE,1670729774296618115,42:82:F6:CB:7B:27,-86
BLE,1670729774566673328,42:82:F6:CB:7B:27,-87
BLE,1670729774842311808,6C:FB:F0:C6:FB:FB,-87
BLE,1670729775043440475,EB:E7:C8:FB:DB:12,-65
BLE,1670729775929557119,5D:30:BE:7C:85:23,-95
BLE,1670729776203246038,5D:30:BE:7C:85:23,-96
BLE,1670729776278722840,6E:61:16:55:EB:D2,-103
BLE,1670729776490800250,5D:30:BE:7C:85:23,-97
BLE,1670729777046156493,EB:E7:C8:FB:DB:12,-81
BLE,1670729777105823776,45:8E:8B:BA:39:29,-99
BLE,1670729777158651600,6C:FB:F0:C6:FB:FB,-101
BLE,1670729777286696978,42:82:F6:CB:7B:27,-97
BLE,1670729777573156202,5D:30:BE:7C:85:23,-98
BLE,1670729777829247167,42:82:F6:CB:7B:27,-98
BLE,1670729778704449734,6E:61:16:55:EB:D2,-106
BLE,1670729779050981070,EB:E7:C8:FB:DB:12,-79
BLE,1670729779487116121,5D:30:BE:7C:85:23,-98
BLE,1670729779630944809,6E:61:16:55:EB:D2,-104
BLE,1670729780008004778,42:82:F6:CB:7B:27,-86
BLE,1670729780278048367,42:82:F6:CB:7B:27,-99
BLE,1670729780547981748,42:82:F6:CB:7B:27,-98
BLE,1670729780756008249,6E:61:16:55:EB:D2,-102
BLE,1670729780821711501,42:82:F6:CB:7B:27,-98
BLE,1670729780858080689,5D:30:BE:7C:85:23,-95
BLE,1670729781051135161,EB:E7:C8:FB:DB:12,-79
BLE,1670729781092877243,42:82:F6:CB:7B:27,-99
BLE,1670729781960806355,5D:30:BE:7C:85:23,-97
BLE,1670729782076598089,6E:61:16:55:EB:D2,-102
BLE,1670729782230673154,5D:30:BE:7C:85:23,-97
BLE,1670729782502903591,5D:30:BE:7C:85:23,-97
BLE,1670729783052432321,EB:E7:C8:FB:DB:12,-79
BLE,1670729783616138006,6C:FB:F0:C6:FB:FB,-98
BLE,1670729783938435092,6E:61:16:55:EB:D2,-104
BLE,1670729784081905659,42:82:F6:CB:7B:27,-98
BLE,1670729784351905332,42:82:F6:CB:7B:27,-98
BLE,1670729784382143760,6C:FB:F0:C6:FB:FB,-99
BLE,1670729784895459759,42:82:F6:CB:7B:27,-98
BLE,1670729784899090757,6C:FB:F0:C6:FB:FB,-100
BLE,1670729785056193411,EB:E7:C8:FB:DB:12,-79
BLE,1670729785165462223,42:82:F6:CB:7B:27,-97
BLE,1670729785246731913,5D:30:BE:7C:85:23,-96
BLE,1670729785435454395,42:82:F6:CB:7B:27,-99
BLE,1670729785794329666,5D:30:BE:7C:85:23,-103
BLE,1670729787061535940,EB:E7:C8:FB:DB:12,-65
BLE,1670729787160424168,5D:30:BE:7C:85:23,-98
BLE,1670729787219670873,6C:FB:F0:C6:FB:FB,-99
BLE,1670729787657929648,6E:61:16:55:EB:D2,-103
BLE,1670729787990510902,5D:30:BE:7C:85:23,-84
BLE,1670729788500780062,6C:FB:F0:C6:FB:FB,-99
BLE,1670729789063993003,EB:E7:C8:FB:DB:12,-79
BLE,1670729790313285450,42:82:F6:CB:7B:27,-97
BLE,1670729790587169950,42:82:F6:CB:7B:27,-97
BLE,1670729791068581124,6C:FB:F0:C6:FB:FB,-98
BLE,1670729792102395702,6C:FB:F0:C6:FB:FB,-98
BLE,1670729792316151675,6E:61:16:55:EB:D2,-102
BLE,1670729792397942400,5D:30:BE:7C:85:23,-85
BLE,1670729792948227330,5D:30:BE:7C:85:23,-103
BLE,1670729793258602350,C8:B2:1E:C1:4C:16,-110
BLE,1670729793502943623,5D:30:BE:7C:85:23,-97
BLE,1670729793654343928,6C:FB:F0:C6:FB:FB,-99
BLE,1670729794876933779,5D:30:BE:7C:85:23,-96
BLE,1670729794930843132,6E:61:16:55:EB:D2,-102
BLE,1670729795072890258,EB:E7:C8:FB:DB:12,-79
BLE,1670729795149126134,5D:30:BE:7C:85:23,-96
BLE,1670729795193714264,6C:FB:F0:C6:FB:FB,-103
BLE,1670729795195810364,42:82:F6:CB:7B:27,-98
BLE,1670729795465887244,42:82:F6:CB:7B:27,-101
BLE,1670729795738450552,42:82:F6:CB:7B:27,-100
BLE,1670729795968499871,6C:FB:F0:C6:FB:FB,-99
BLE,1670729795976486442,5D:30:BE:7C:85:23,-99
BLE,1670729796008354101,42:82:F6:CB:7B:27,-98
BLE,1670729796278354398,42:82:F6:CB:7B:27,-99
BLE,1670729796488508956,6C:FB:F0:C6:FB:FB,-100
BLE,1670729796520210492,5D:30:BE:7C:85:23,-96
BLE,1670729796548331362,42:82:F6:CB:7B:27,-99
BLE,1670729796791509857,5D:30:BE:7C:85:23,-94
BLE,1670729796998553661,6E:61:16:55:EB:D2,-102
BLE,1670729797072959975,EB:E7:C8:FB:DB:12,-79
BLE,1670729798019744432,6C:FB:F0:C6:FB:FB,-98
BLE,1670729798161568061,5D:30:BE:7C:85:23,-97
BLE,1670729798303858309,6E:61:16:55:EB:D2,-99
BLE,1670729798434077661,5D:30:BE:7C:85:23,-96
BLE,1670729798486495907,6E:61:16:55:EB:D2,-103
BLE,1670729798707697499,5D:30:BE:7C:85:23,-103
BLE,1670729799076766730,EB:E7:C8:FB:DB:12,-79
BLE,1670729799260713270,5D:30:BE:7C:85:23,-85
BLE,1670729799534190901,5D:30:BE:7C:85:23,-96
BLE,1670729800089012526,6C:FB:F0:C6:FB:FB,-98
BLE,1670729800348623656,42:82:F6:CB:7B:27,-96
BLE,1670729800608434284,6C:FB:F0:C6:FB:FB,-101
BLE,1670729800618417456,42:82:F6:CB:7B:27,-99
BLE,1670729800888429920,42:82:F6:CB:7B:27,-99
BLE,1670729801078197140,EB:E7:C8:FB:DB:12,-79
BLE,1670729801159799367,42:82:F6:CB:7B:27,-88
BLE,1670729801175146058,5D:30:BE:7C:85:23,-85
BLE,1670729801391078838,6C:FB:F0:C6:FB:FB,-89
BLE,1670729801452620057,5D:30:BE:7C:85:23,-93
BLE,1670729801644216463,6C:FB:F0:C6:FB:FB,-101
BLE,1670729802281787885,5D:30:BE:7C:85:23,-95
BLE,1670729802558852515,6E:61:16:55:EB:D2,-92
BLE,1670729802673350680,6C:FB:F0:C6:FB:FB,-99
BLE,1670729803078143108,EB:E7:C8:FB:DB:12,-65
BLE,1670729803110652759,5D:30:BE:7C:85:23,-97
BLE,1670729803118883285,6E:61:16:55:EB:D2,-101
BLE,1670729803945380812,5D:30:BE:7C:85:23,-86
BLE,1670729804059353276,6E:61:16:55:EB:D2,-91
BLE,1670729804222632231,5D:30:BE:7C:85:23,-90
BLE,1670729804694824765,42:82:F6:CB:7B:27,-102
BLE,1670729804830610842,6E:61:16:55:EB:D2,-102
BLE,1670729804990825917,6C:FB:F0:C6:FB:FB,-100
BLE,1670729805081881198,EB:E7:C8:FB:DB:12,-79
BLE,1670729805878882204,5D:30:BE:7C:85:23,-96
BLE,1670729806333754988,6E:61:16:55:EB:D2,-99
BLE,1670729806517406198,6E:61:16:55:EB:D2,-102
BLE,1670729806545096241,6C:FB:F0:C6:FB:FB,-102
BLE,1670729807081614627,EB:E7:C8:FB:DB:12,-79
BLE,1670729807251934747,5D:30:BE:7C:85:23,-86
BLE,1670729807684871837,42:82:F6:CB:7B:27,-99
BLE,1670729807958501299,42:82:F6:CB:7B:27,-87
BLE,1670729808085045153,5D:30:BE:7C:85:23,-84
BLE,1670729808097695876,6C:FB:F0:C6:FB:FB,-87
BLE,1670729808864809200,6C:FB:F0:C6:FB:FB,-86
BLE,1670729809087085987,EB:E7:C8:FB:DB:12,-65
BLE,1670729809382270816,6C:FB:F0:C6:FB:FB,-86
BLE,1670729809898691610,6C:FB:F0:C6:FB:FB,-86
BLE,1670729810288780965,5D:30:BE:7C:85:23,-84
BLE,1670729810406128055,42:82:F6:CB:7B:27,-88
BLE,1670729810681317706,42:82:F6:CB:7B:27,-99
BLE,1670729811089704757,EB:E7:C8:FB:DB:12,-79
BLE,1670729811123856347,5D:30:BE:7C:85:23,-97
BLE,1670729811961479115,6C:FB:F0:C6:FB:FB,-94
BLE,1670729812491788160,5D:30:BE:7C:85:23,-96
BLE,1670729812733706670,6C:FB:F0:C6:FB:FB,-98
BLE,1670729812859334160,6E:61:16:55:EB:D2,-102
BLE,1670729813089412020,EB:E7:C8:FB:DB:12,-65
BLE,1670729813401330064,42:82:F6:CB:7B:27,-98
BLE,1670729814135280161,5D:30:BE:7C:85:23,-98
BLE,1670729814345882381,6E:61:16:55:EB:D2,-102
BLE,1670729814406418570,5D:30:BE:7C:85:23,-96
BLE,1670729814676389993,5D:30:BE:7C:85:23,-96
BLE,1670729815053460587,6C:FB:F0:C6:FB:FB,-97
BLE,1670729815090451976,EB:E7:C8:FB:DB:12,-79
BLE,1670729815566987000,6C:FB:F0:C6:FB:FB,-98
BLE,1670729815776460066,5D:30:BE:7C:85:23,-97
BLE,1670729816046467280,5D:30:BE:7C:85:23,-96
BLE,1670729816317722521,5D:30:BE:7C:85:23,-85
BLE,1670729816392661078,42:82:F6:CB:7B:27,-89
BLE,1670729816663895653,42:82:F6:CB:7B:27,-87
BLE,1670729816853914828,6C:FB:F0:C6:FB:FB,-88
BLE,1670729817093062662,EB:E7:C8:FB:DB:12,-79
BLE,1670729817641545905,6C:FB:F0:C6:FB:FB,-88
BLE,1670729817691407973,5D:30:BE:7C:85:23,-98
BLE,1670729817877795358,6E:61:16:55:EB:D2,-91
BLE,1670729818232815467,14:BB:6E:11:32:18,-101
BLE,1670729818793900225,5D:30:BE:7C:85:23,-95
BLE,1670729818941327120,6C:FB:F0:C6:FB:FB,-99
BLE,1670729819093239295,EB:E7:C8:FB:DB:12,-79
BLE,1670729819365611272,6E:61:16:55:EB:D2,-102
BLE,1670729819624219873,5D:30:BE:7C:85:23,-97
BLE,1670729819658155257,42:82:F6:CB:7B:27,-96
BLE,1670729819899016863,5D:30:BE:7C:85:23,-97
BLE,1670729819928758339,42:82:F6:CB:7B:27,-98
BLE,1670729820198763594,42:82:F6:CB:7B:27,-98
BLE,1670729820227213294,6C:FB:F0:C6:FB:FB,-99
BLE,1670729820727638447,5D:30:BE:7C:85:23,-96
BLE,1670729820745049322,6C:FB:F0:C6:FB:FB,-100
BLE,1670729821000125132,5D:30:BE:7C:85:23,-98
BLE,1670729821098280035,EB:E7:C8:FB:DB:12,-79
BLE,1670729821262308231,6C:FB:F0:C6:FB:FB,-101
BLE,1670729821780330298,6C:FB:F0:C6:FB:FB,-98
BLE,1670729821831287478,5D:30:BE:7C:85:23,-95
BLE,1670729822511695052,6E:61:16:55:EB:D2,-103
BLE,1670729822648843654,42:82:F6:CB:7B:27,-97
BLE,1670729822921264297,42:82:F6:CB:7B:27,-90
BLE,1670729823098347711,EB:E7:C8:FB:DB:12,-80
BLE,1670729823191255428,42:82:F6:CB:7B:27,-98
BLE,1670729823259011989,6E:61:16:55:EB:D2,-100
BLE,1670729823598522242,6C:FB:F0:C6:FB:FB,-99
BLE,1670729824036288774,5D:30:BE:7C:85:23,-95
BLE,1670729824308903873,5D:30:BE:7C:85:23,-97
BLE,1670729824365460610,6C:FB:F0:C6:FB:FB,-97
BLE,1670729824881369911,6C:FB:F0:C6:FB:FB,-99
BLE,1670729825102275632,EB:E7:C8:FB:DB:12,-79
BLE,1670729825470162128,C8:B2:1E:C1:4C:16,-103
BLE,1670729825686045200,6E:61:16:55:EB:D2,-100
BLE,1670729825910146924,42:82:F6:CB:7B:27,-97
BLE,1670729825947520517,5D:30:BE:7C:85:23,-99
BLE,1670729826183888176,42:82:F6:CB:7B:27,-98
BLE,1670729826779081108,5D:30:BE:7C:85:23,-95
BLE,1670729827106126428,EB:E7:C8:FB:DB:12,-80
BLE,1670729827471994740,6C:FB:F0:C6:FB:FB,-99
BLE,1670729828422540735,5D:30:BE:7C:85:23,-95
BLE,1670729828659312390,6E:61:16:55:EB:D2,-103
BLE,1670729828696298779,5D:30:BE:7C:85:23,-95
BLE,1670729828902746673,42:82:F6:CB:7B:27,-99
BLE,1670729828971272016,5D:30:BE:7C:85:23,-99
BLE,1670729829026101483,6C:FB:F0:C6:FB:FB,-98
BLE,1670729829039096952,6E:61:16:55:EB:D2,-101
BLE,1670729829106121854,EB:E7:C8:FB:DB:12,-80
BLE,1670729829175180691,42:82:F6:CB:7B:27,-98
BLE,1670729829445189155,42:82:F6:CB:7B:27,-102
BLE,1670729829543498432,6C:FB:F0:C6:FB:FB,-101
BLE,1670729829715225577,42:82:F6:CB:7B:27,-98
BLE,1670729829985187875,42:82:F6:CB:7B:27,-89
BLE,1670729830063737139,5D:30:BE:7C:85:23,-95
BLE,1670729830163111195,6E:61:16:55:EB:D2,-100
BLE,1670729830255221797,42:82:F6:CB:7B:27,-101
BLE,1670729830526417746,42:82:F6:CB:7B:27,-98
BLE,1670729830824851202,6C:FB:F0:C6:FB:FB,-99
BLE,1670729830907321836,6E:61:16:55:EB:D2,-93
BLE,1670729831088679532,6E:61:16:55:EB:D2,-103
BLE,1670729831106114364,EB:E7:C8:FB:DB:12,-65
BLE,1670729831639115710,14:BB:6E:11:32:18,-103
BLE,1670729831856687470,6C:FB:F0:C6:FB:FB,-96
BLE,1670729831954184799,14:BB:6E:11:32:18,-92
BLE,1670729832271172031,5D:30:BE:7C:85:23,-83
BLE,1670729832549913849,5D:30:BE:7C:85:23,-97
BLE,1670729833106951822,EB:E7:C8:FB:DB:12,-66
BLE,1670729833134539740,6E:61:16:55:EB:D2,-102
BLE,1670729833246782433,42:82:F6:CB:7B:27,-88
BLE,1670729833361119143,45:8E:8B:BA:39:29,-101
BLE,1670729833516510942,42:82:F6:CB:7B:27,-86
BLE,1670729833644947566,5D:30:BE:7C:85:23,-98
BLE,1670729833786601239,42:82:F6:CB:7B:27,-97
BLE,1670729834057778147,42:82:F6:CB:7B:27,-89
BLE,1670729834327753278,42:82:F6:CB:7B:27,-98
BLE,1670729834743863986,5D:30:BE:7C:85:23,-86
BLE,1670729834943418213,6C:FB:F0:C6:FB:FB,-96
BLE,1670729835014900229,5D:30:BE:7C:85:23,-96
BLE,1670729835386739803,6E:61:16:55:EB:D2,-99
BLE,1670729835833915138,5D:30:BE:7C:85:23,-104
BLE,1670729836488121735,6E:61:16:55:EB:D2,-103
BLE,1670729836658686519,5D:30:BE:7C:85:23,-96
BLE,1670729836765301446,6C:FB:F0:C6:FB:FB,-98
BLE,1670729836776535395,42:82:F6:CB:7B:27,-99
BLE,1670729837050319230,42:82:F6:CB:7B:27,-89
BLE,1670729837758914840,5D:30:BE:7C:85:23,-99
BLE,1670729838030350120,5D:30:BE:7C:85:23,-95
BLE,1670729838303629378,5D:30:BE:7C:85:23,-85
BLE,1670729838863750690,5D:30:BE:7C:85:23,-86
BLE,1670729839114289429,EB:E7:C8:FB:DB:12,-81
BLE,1670729839132745749,5D:30:BE:7C:85:23,-86
BLE,1670729839406171672,5D:30:BE:7C:85:23,-87
BLE,1670729839501598150,42:82:F6:CB:7B:27,-98
BLE,1670729839771642780,42:82:F6:CB:7B:27,-88
BLE,1670729839963921011,5D:30:BE:7C:85:23,-83
BLE,1670729840041675619,42:82:F6:CB:7B:27,-90
BLE,1670729840136599895,6C:FB:F0:C6:FB:FB,-98
BLE,1670729840238837916,5D:30:BE:7C:85:23,-96
BLE,1670729840314129637,42:82:F6:CB:7B:27,-100
BLE,1670729840657927672,6C:FB:F0:C6:FB:FB,-100
BLE,1670729841070051220,5D:30:BE:7C:85:23,-97
BLE,1670729841114308230,EB:E7:C8:FB:DB:12,-80
BLE,1670729841339894603,5D:30:BE:7C:85:23,-96
BLE,1670729842168893308,5D:30:BE:7C:85:23,-96
BLE,1670729842461205587,5D:30:BE:7C:85:23,-96
BLE,1670729843119459261,EB:E7:C8:FB:DB:12,-81
BLE,1670729843372512929,6E:61:16:55:EB:D2,-102
BLE,1670729843490089474,6C:FB:F0:C6:FB:FB,-99
BLE,1670729843544852775,5D:30:BE:7C:85:23,-96
BLE,1670729843815934392,5D:30:BE:7C:85:23,-97
BLE,1670729844112946198,42:82:F6:CB:7B:27,-96
BLE,1670729844385932126,42:82:F6:CB:7B:27,-100
BLE,1670729844655688843,42:82:F6:CB:7B:27,-99
BLE,1670729844798056633,C8:B2:1E:C1:4C:16,-103
BLE,1670729845041701288,6C:FB:F0:C6:FB:FB,-99
BLE,1670729845120683089,EB:E7:C8:FB:DB:12,-81
BLE,1670729845234056644,6E:61:16:55:EB:D2,-94
BLE,1670729845458459739,5D:30:BE:7C:85:23,-85
BLE,1670729845682557421,14:BB:6E:11:32:18,-92
BLE,1670729845727171385,5D:30:BE:7C:85:23,-95
BLE,1670729845974366081,6E:61:16:55:EB:D2,-92
BLE,1670729846002204372,5D:30:BE:7C:85:23,-93
BLE,1670729846341807749,6E:61:16:55:EB:D2,-91
BLE,1670729846834480038,42:82:F6:CB:7B:27,-88
BLE,1670729846901908853,6E:61:16:55:EB:D2,-92
BLE,1670729847105601197,42:82:F6:CB:7B:27,-89
BLE,1670729847375559661,42:82:F6:CB:7B:27,-97
BLE,1670729847499611754,C8:B2:1E:C1:4C:16,-89
BLE,1670729847642257165,5D:30:BE:7C:85:23,-85
BLE,1670729847646759902,42:82:F6:CB:7B:27,-90
BLE,1670729847916773991,42:82:F6:CB:7B:27,-88
BLE,1670729848188228938,42:82:F6:CB:7B:27,-100
BLE,1670729848582933695,6E:61:16:55:EB:D2,-92
BLE,1670729849008682329,5D:30:BE:7C:85:23,-98
BLE,1670729849127122614,EB:E7:C8:FB:DB:12,-80
BLE,1670729849840976203,5D:30:BE:7C:85:23,-96
BLE,1670729850119645021,5D:30:BE:7C:85:23,-103
BLE,1670729850465330576,6C:FB:F0:C6:FB:FB,-96
BLE,1670729850981761329,6C:FB:F0:C6:FB:FB,-99
BLE,1670729851130159504,EB:E7:C8:FB:DB:12,-81
BLE,1670729851447052155,42:82:F6:CB:7B:27,-100
BLE,1670729851719450173,42:82:F6:CB:7B:27,-100
BLE,1670729852265754525,6C:FB:F0:C6:FB:FB,-98
BLE,1670729852685711812,6E:61:16:55:EB:D2,-91
BLE,1670729853055756616,6C:FB:F0:C6:FB:FB,-98
BLE,1670729853134238048,EB:E7:C8:FB:DB:12,-65
BLE,1670729853149553572,5D:30:BE:7C:85:23,-84
BLE,1670729853424847514,5D:30:BE:7C:85:23,-97
BLE,1670729854087379928,6C:FB:F0:C6:FB:FB,-86
BLE,1670729854440788140,42:82:F6:CB:7B:27,-88
BLE,1670729854522643573,5D:30:BE:7C:85:23,-85
BLE,1670729854604228759,6C:FB:F0:C6:FB:FB,-88
BLE,1670729854711903841,42:82:F6:CB:7B:27,-98
BLE,1670729855121666208,6C:FB:F0:C6:FB:FB,-96
BLE,1670729855134746885,EB:E7:C8:FB:DB:12,-82
BLE,1670729855357031422,5D:30:BE:7C:85:23,-95
BLE,1670729855626269978,5D:30:BE:7C:85:23,-95
BLE,1670729856727310040,5D:30:BE:7C:85:23,-96
BLE,1670729856760679181,6E:61:16:55:EB:D2,-101
BLE,1670729857136074712,EB:E7:C8:FB:DB:12,-81
BLE,1670729858454729450,6C:FB:F0:C6:FB:FB,-101
BLE,1670729858512143677,42:82:F6:CB:7B:27,-98
BLE,1670729858785770764,42:82:F6:CB:7B:27,-98
BLE,1670729859056951089,42:82:F6:CB:7B:27,-98
BLE,1670729859137328831,EB:E7:C8:FB:DB:12,-81
BLE,1670729859366374579,6E:61:16:55:EB:D2,-100
BLE,1670729859475725307,5D:30:BE:7C:85:23,-97
BLE,1670729860697296211,42:82:F6:CB:7B:27,-99
BLE,1670729861137564713,EB:E7:C8:FB:DB:12,-67
BLE,1670729861406992725,5D:30:BE:7C:85:23,-97
BLE,1670729861678280466,5D:30:BE:7C:85:23,-86
BLE,1670729862572915841,6C:FB:F0:C6:FB:FB,-87
BLE,1670729862782138868,5D:30:BE:7C:85:23,-97
BLE,1670729862963983975,C8:B2:1E:C1:4C:16,-94
BLE,1670729863053219778,5D:30:BE:7C:85:23,-85
BLE,1670729863089258469,6C:FB:F0:C6:FB:FB,-101
BLE,1670729863140101525,EB:E7:C8:FB:DB:12,-82
BLE,1670729863147052150,42:82:F6:CB:7B:27,-98
BLE,1670729863420785653,42:82:F6:CB:7B:27,-99
BLE,1670729863690808700,42:82:F6:CB:7B:27,-89
BLE,1670729863960815372,42:82:F6:CB:7B:27,-98
BLE,1670729864422171703,5D:30:BE:7C:85:23,-96
BLE,1670729864890985820,6C:FB:F0:C6:FB:FB,-98
BLE,1670729865144081404,EB:E7:C8:FB:DB:12,-82
BLE,1670729865254624742,5D:30:BE:7C:85:23,-96
BLE,1670729865405867466,6C:FB:F0:C6:FB:FB,-98
BLE,1670729865794593420,5D:30:BE:7C:85:23,-97
BLE,1670729865799067617,14:BB:6E:11:32:18,-103
BLE,1670729865893276610,6E:61:16:55:EB:D2,-104
BLE,1670729866067141062,5D:30:BE:7C:85:23,-95
BLE,1670729866951166690,42:82:F6:CB:7B:27,-88
BLE,1670729867146481051,EB:E7:C8:FB:DB:12,-81
BLE,1670729867220927198,42:82:F6:CB:7B:27,-98
BLE,1670729867494602493,42:82:F6:CB:7B:27,-99
BLE,1670729867764596249,42:82:F6:CB:7B:27,-100
BLE,1670729867993805120,6C:FB:F0:C6:FB:FB,-100
BLE,1670729868121453794,6E:61:16:55:EB:D2,-101
BLE,1670729868269506890,5D:30:BE:7C:85:23,-97
BLE,1670729868814453509,5D:30:BE:7C:85:23,-95
BLE,1670729868861629192,6E:61:16:55:EB:D2,-99
BLE,1670729869029592632,6C:FB:F0:C6:FB:FB,-98
BLE,1670729869146952472,EB:E7:C8:FB:DB:12,-81
BLE,1670729869642337352,5D:30:BE:7C:85:23,-96
BLE,1670729870831851684,6C:FB:F0:C6:FB:FB,-99
BLE,1670729871014588947,5D:30:BE:7C:85:23,-96
BLE,1670729871025876686,42:82:F6:CB:7B:27,-98
BLE,1670729871146106158,EB:E7:C8:FB:DB:12,-79
BLE,1670729871287151005,5D:30:BE:7C:85:23,-97
BLE,1670729872898638724,6C:FB:F0:C6:FB:FB,-98
BLE,1670729873148646554,EB:E7:C8:FB:DB:12,-79
BLE,1670729873664485855,6C:FB:F0:C6:FB:FB,-100
BLE,1670729873764497487,5D:30:BE:7C:85:23,-95
BLE,1670729874016013798,42:82:F6:CB:7B:27,-87
BLE,1670729874286085011,42:82:F6:CB:7B:27,-98
BLE,1670729874557233045,42:82:F6:CB:7B:27,-96
BLE,1670729874701938014,6C:FB:F0:C6:FB:FB,-98
BLE,1670729874848448504,6E:61:16:55:EB:D2,-101
BLE,1670729874869487168,5D:30:BE:7C:85:23,-101
BLE,1670729875154152455,EB:E7:C8:FB:DB:12,-80
BLE,1670729875215940296,6C:FB:F0:C6:FB:FB,-99
BLE,1670729875425780525,5D:30:BE:7C:85:23,-96
BLE,1670729875698409207,5D:30:BE:7C:85:23,-97
BLE,1670729875969599532,5D:30:BE:7C:85:23,-99
BLE,1670729876152366294,6E:61:16:55:EB:D2,-107
BLE,1670729876253601161,6C:FB:F0:C6:FB:FB,-86
BLE,1670729876337512319,6E:61:16:55:EB:D2,-91
BLE,1670729876528417192,5D:30:BE:7C:85:23,-98
BLE,1670729877159252904,EB:E7:C8:FB:DB:12,-67
BLE,1670729877284954018,6C:FB:F0:C6:FB:FB,-86
BLE,1670729877362050300,5D:30:BE:7C:85:23,-88
BLE,1670729878020450805,6E:61:16:55:EB:D2,-102
BLE,1670729878589941421,65:73:18:5A:A7:83,-98
BLE,1670729879108203527,65:73:18:5A:A7:83,-98
BLE,1670729879159237872,EB:E7:C8:FB:DB:12,-81
BLE,1670729879459818260,42:82:F6:CB:7B:27,-100
BLE,1670729879569280403,5D:30:BE:7C:85:23,-95
BLE,1670729879729800016,42:82:F6:CB:7B:27,-98
BLE,1670729879999819396,42:82:F6:CB:7B:27,-97
BLE,1670729880142333767,65:73:18:5A:A7:83,-99
BLE,1670729880271054387,42:82:F6:CB:7B:27,-99
BLE,1670729880430017269,6E:61:16:55:EB:D2,-102
BLE,1670729880611036302,6E:61:16:55:EB:D2,-104
BLE,1670729881160316952,EB:E7:C8:FB:DB:12,-79
BLE,1670729881169816046,6E:61:16:55:EB:D2,-99
BLE,1670729881351117742,6E:61:16:55:EB:D2,-102
BLE,1670729881697014128,65:73:18:5A:A7:83,-87
BLE,1670729881913851105,6E:61:16:55:EB:D2,-105
BLE,1670729882581865079,5D:30:BE:7C:85:23,-99
BLE,1670729882723696083,42:82:F6:CB:7B:27,-98
BLE,1670729882851861709,5D:30:BE:7C:85:23,-96
BLE,1670729882993498757,42:82:F6:CB:7B:27,-99
BLE,1670729883162907013,EB:E7:C8:FB:DB:12,-79
BLE,1670729883198692792,C2:82:7D:65:F5:DA,-104
BLE,1670729883264722415,42:82:F6:CB:7B:27,-101
BLE,1670729883411969021,5D:30:BE:7C:85:23,-96
BLE,1670729883498640813,65:73:18:5A:A7:83,-100
BLE,1670729883686758344,5D:30:BE:7C:85:23,-94
BLE,1670729884535043026,65:73:18:5A:A7:83,-98
BLE,1670729884788178734,5D:30:BE:7C:85:23,-96
BLE,1670729885164259757,EB:E7:C8:FB:DB:12,-79
BLE,1670729885567874282,65:73:18:5A:A7:83,-99
BLE,1670729886384048558,14:BB:6E:11:32:18,-104
BLE,1670729886602477517,65:73:18:5A:A7:83,-96
BLE,1670729887066098112,42:82:F6:CB:7B:27,-99
BLE,1670729887117907031,65:73:18:5A:A7:83,-98
BLE,1670729887217378753,C2:82:7D:65:F5:DA,-92
BLE,1670729887337286687,42:82:F6:CB:7B:27,-98
BLE,1670729887340117195,6E:61:16:55:EB:D2,-103
BLE,1670729887531851391,5D:30:BE:7C:85:23,-86
BLE,1670729887607333442,42:82:F6:CB:7B:27,-86
BLE,1670729887878557975,42:82:F6:CB:7B:27,-98
BLE,1670729888148572022,42:82:F6:CB:7B:27,-98
BLE,1670729889175647681,5D:30:BE:7C:85:23,-86
BLE,1670729889450811291,5D:30:BE:7C:85:23,-103
BLE,1670729889585025220,6E:61:16:55:EB:D2,-91
BLE,1670729889704553450,65:73:18:5A:A7:83,-88
BLE,1670729890271410472,5D:30:BE:7C:85:23,-95
BLE,1670729890473261547,7A:42:DE:5D:AA:F8,-97
BLE,1670729890546850996,5D:30:BE:7C:85:23,-95
BLE,1670729891170671750,EB:E7:C8:FB:DB:12,-68
BLE,1670729891380640019,5D:30:BE:7C:85:23,-85
BLE,1670729891680049379,42:82:F6:CB:7B:27,-90
BLE,1670729892177698358,6E:61:16:55:EB:D2,-92
BLE,1670729892540180169,7A:42:DE:5D:AA:F8,-88
BLE,1670729892749726776,5D:30:BE:7C:85:23,-98
BLE,1670729893024304893,5D:30:BE:7C:85:23,-84
BLE,1670729893171896495,EB:E7:C8:FB:DB:12,-65
BLE,1670729893310387664,7A:42:DE:5D:AA:F8,-88
BLE,1670729893575189941,7A:42:DE:5D:AA:F8,-103
BLE,1670729894122112494,5D:30:BE:7C:85:23,-85
BLE,1670729894395646957,5D:30:BE:7C:85:23,-85
BLE,1670729894859803963,7A:42:DE:5D:AA:F8,-87
BLE,1670729894942391262,42:82:F6:CB:7B:27,-97
BLE,1670729895171903754,EB:E7:C8:FB:DB:12,-65
BLE,1670729895212405184,42:82:F6:CB:7B:27,-88
BLE,1670729895229131817,5D:30:BE:7C:85:23,-96
BLE,1670729895375165687,7A:42:DE:5D:AA:F8,-100
BLE,1670729895484953326,42:82:F6:CB:7B:27,-88
BLE,1670729895755033289,42:82:F6:CB:7B:27,-98
BLE,1670729895896946834,7A:42:DE:5D:AA:F8,-101
BLE,1670729896025051086,42:82:F6:CB:7B:27,-97
BLE,1670729896057894442,5D:30:BE:7C:85:23,-84
BLE,1670729896682065192,7A:42:DE:5D:AA:F8,-98
BLE,1670729897164231231,5D:30:BE:7C:85:23,-97
BLE,1670729897176912662,EB:E7:C8:FB:DB:12,-79
BLE,1670729897392457697,42:82:F6:CB:7B:27,-99
BLE,1670729897662446453,42:82:F6:CB:7B:27,-98
BLE,1670729897718999732,7A:42:DE:5D:AA:F8,-96
BLE,1670729897798226863,6E:61:16:55:EB:D2,-101
BLE,1670729897934931429,42:82:F6:CB:7B:27,-98
BLE,1670729898204957767,42:82:F6:CB:7B:27,-99
BLE,1670729898261595712,5D:30:BE:7C:85:23,-96
BLE,1670729898747780411,42:82:F6:CB:7B:27,-98
BLE,1670729899179628931,EB:E7:C8:FB:DB:12,-79
BLE,1670729900033081425,7A:42:DE:5D:AA:F8,-99
BLE,1670729900175364424,5D:30:BE:7C:85:23,-97
BLE,1670729900447866733,5D:30:BE:7C:85:23,-96
BLE,1670729900719291055,5D:30:BE:7C:85:23,-97
BLE,1670729901069096268,7A:42:DE:5D:AA:F8,-99
BLE,1670729901180853967,EB:E7:C8:FB:DB:12,-79
BLE,1670729901547913098,5D:30:BE:7C:85:23,-96
BLE,1670729902008768060,42:82:F6:CB:7B:27,-99
BLE,1670729902092874842,5D:30:BE:7C:85:23,-100
BLE,1670729902278935398,42:82:F6:CB:7B:27,-98
BLE,1670729902350344581,7A:42:DE:5D:AA:F8,-98
BLE,1670729902548848821,42:82:F6:CB:7B:27,-98
BLE,1670729902920537980,5D:30:BE:7C:85:23,-96
BLE,1670729903119616254,7A:42:DE:5D:AA:F8,-98
BLE,1670729903180455856,EB:E7:C8:FB:DB:12,-79
BLE,1670729903265943288,C2:82:7D:65:F5:DA,-104
BLE,1670729903636701416,7A:42:DE:5D:AA:F8,-100
BLE,1670729903756543268,5D:30:BE:7C:85:23,-96
BLE,1670729904315275804,5D:30:BE:7C:85:23,-96
BLE,1670729904587754988,5D:30:BE:7C:85:23,-96
BLE,1670729904727525850,42:82:F6:CB:7B:27,-98
BLE,1670729905000030117,42:82:F6:CB:7B:27,-98
BLE,1670729905148152671,5D:30:BE:7C:85:23,-98
BLE,1670729905182051638,EB:E7:C8:FB:DB:12,-80
BLE,1670729905270171330,42:82:F6:CB:7B:27,-99
BLE,1670729905459048685,7A:42:DE:5D:AA:F8,-96
BLE,1670729905540056462,42:82:F6:CB:7B:27,-98
BLE,1670729905628774771,6E:61:16:55:EB:D2,-101
BLE,1670729905972693180,7A:42:DE:5D:AA:F8,-98
BLE,1670729906230392458,5D:30:BE:7C:85:23,-85
BLE,1670729906491531112,7A:42:DE:5D:AA:F8,-88
BLE,1670729907183041886,EB:E7:C8:FB:DB:12,-65
BLE,1670729907601765896,5D:30:BE:7C:85:23,-91
BLE,1670729908040463000,6E:61:16:55:EB:D2,-90
BLE,1670729908530349947,42:82:F6:CB:7B:27,-98
BLE,1670729908800148288,42:82:F6:CB:7B:27,-100
BLE,1670729909071370321,42:82:F6:CB:7B:27,-99
BLE,1670729909133052330,14:BB:6E:11:32:18,-100
BLE,1670729909183220019,EB:E7:C8:FB:DB:12,-80
BLE,1670729909251460115,5D:30:BE:7C:85:23,-100
BLE,1670729910065522250,5D:30:BE:7C:85:23,-90
BLE,1670729910114366621,7A:42:DE:5D:AA:F8,-99
BLE,1670729910617809489,5D:30:BE:7C:85:23,-98
BLE,1670729910633950920,7A:42:DE:5D:AA:F8,-98
BLE,1670729910887748495,5D:30:BE:7C:85:23,-96
BLE,1670729910899998140,7A:42:DE:5D:AA:F8,-97
BLE,1670729911420383470,7A:42:DE:5D:AA:F8,-96
BLE,1670729911447697558,5D:30:BE:7C:85:23,-96
BLE,1670729911522653574,42:82:F6:CB:7B:27,-98
BLE,1670729911717697689,5D:30:BE:7C:85:23,-96
BLE,1670729911796395285,42:82:F6:CB:7B:27,-99
BLE,1670729912067990063,42:82:F6:CB:7B:27,-98
BLE,1670729912455371242,7A:42:DE:5D:AA:F8,-100
BLE,1670729913099060007,5D:30:BE:7C:85:23,-107
BLE,1670729913185154098,EB:E7:C8:FB:DB:12,-80
BLE,1670729913489100029,7A:42:DE:5D:AA:F8,-99
BLE,1670729914192102790,5D:30:BE:7C:85:23,-98
BLE,1670729914245264901,42:82:F6:CB:7B:27,-98
BLE,1670729914277259016,7A:42:DE:5D:AA:F8,-99
BLE,1670729914515162158,42:82:F6:CB:7B:27,-99
BLE,1670729914785247954,42:82:F6:CB:7B:27,-97
BLE,1670729915187699243,EB:E7:C8:FB:DB:12,-82
BLE,1670729915296426854,5D:30:BE:7C:85:23,-94
BLE,1670729915465318282,6E:61:16:55:EB:D2,-99
BLE,1670729915570220064,5D:30:BE:7C:85:23,-95
BLE,1670729915660372772,14:BB:6E:11:32:18,-103
BLE,1670729915840309068,5D:30:BE:7C:85:23,-97
BLE,1670729916110347490,5D:30:BE:7C:85:23,-96
BLE,1670729916204333819,6E:61:16:55:EB:D2,-102
BLE,1670729916348613377,7A:42:DE:5D:AA:F8,-97
BLE,1670729916868837376,7A:42:DE:5D:AA:F8,-98
BLE,1670729916939080115,5D:30:BE:7C:85:23,-95
BLE,1670729917132725747,7A:42:DE:5D:AA:F8,-86
BLE,1670729917187702628,EB:E7:C8:FB:DB:12,-80
BLE,1670729917689751137,6E:61:16:55:EB:D2,-100
BLE,1670729917777768538,42:82:F6:CB:7B:27,-98
BLE,1670729918047758918,42:82:F6:CB:7B:27,-89
BLE,1670729918431252810,6E:61:16:55:EB:D2,-104
BLE,1670729918668732582,7A:42:DE:5D:AA:F8,-86
BLE,1670729918862888082,42:82:F6:CB:7B:27,-97
BLE,1670729919145363521,5D:30:BE:7C:85:23,-97
BLE,1670729919187859052,EB:E7:C8:FB:DB:12,-81
BLE,1670729919357640429,6E:61:16:55:EB:D2,-102
BLE,1670729919415271445,5D:30:BE:7C:85:23,-95
BLE,1670729920517927528,5D:30:BE:7C:85:23,-96
BLE,1670729921059177400,5D:30:BE:7C:85:23,-96
BLE,1670729921187516649,EB:E7:C8:FB:DB:12,-79
BLE,1670729921253804144,7A:42:DE:5D:AA:F8,-87
BLE,1670729921347794473,5D:30:BE:7C:85:23,-85
BLE,1670729921580343387,42:82:F6:CB:7B:27,-87
BLE,1670729921783516946,6E:61:16:55:EB:D2,-91
BLE,1670729921852827155,42:82:F6:CB:7B:27,-90
BLE,1670729922124067062,42:82:F6:CB:7B:27,-97
BLE,1670729922286825732,7A:42:DE:5D:AA:F8,-100
BLE,1670729922394128734,42:82:F6:CB:7B:27,-89
BLE,1670729922664080490,42:82:F6:CB:7B:27,-99
BLE,1670729922934184953,42:82:F6:CB:7B:27,-87
BLE,1670729923189196389,EB:E7:C8:FB:DB:12,-79
BLE,1670729923260286076,5D:30:BE:7C:85:23,-98
BLE,1670729923325509917,7A:42:DE:5D:AA:F8,-98
BLE,1670729923535464645,5D:30:BE:7C:85:23,-96
BLE,1670729923839937819,7A:42:DE:5D:AA:F8,-99
BLE,1670729924606737022,7A:42:DE:5D:AA:F8,-87
BLE,1670729924904167698,5D:30:BE:7C:85:23,-96
BLE,1670729925192689606,EB:E7:C8:FB:DB:12,-79
BLE,1670729925384673841,42:82:F6:CB:7B:27,-99
BLE,1670729925452992187,5D:30:BE:7C:85:23,-99
BLE,1670729925657965640,42:82:F6:CB:7B:27,-99
BLE,1670729925927998854,42:82:F6:CB:7B:27,-97
BLE,1670729926005305467,5D:30:BE:7C:85:23,-98
BLE,1670729926198246398,42:82:F6:CB:7B:27,-100
BLE,1670729926208312194,14:BB:6E:11:32:18,-99
BLE,1670729926261113893,6E:61:16:55:EB:D2,-100
BLE,1670729926280401703,5D:30:BE:7C:85:23,-97
BLE,1670729926430883853,7A:42:DE:5D:AA:F8,-99
BLE,1670729926467940158,42:82:F6:CB:7B:27,-99
BLE,1670729926947941765,7A:42:DE:5D:AA:F8,-99
BLE,1670729927108959997,5D:30:BE:7C:85:23,-98
BLE,1670729927194099891,EB:E7:C8:FB:DB:12,-79
BLE,1670729927380214446,5D:30:BE:7C:85:23,-94
BLE,1670729927466202121,7A:42:DE:5D:AA:F8,-96
BLE,1670729927567647944,6E:61:16:55:EB:D2,-103
BLE,1670729927981392055,7A:42:DE:5D:AA:F8,-98
BLE,1670729928075399009,14:BB:6E:11:32:18,-89
BLE,1670729928376761388,42:82:F6:CB:7B:27,-88
BLE,1670729928649211072,42:82:F6:CB:7B:27,-101
BLE,1670729928774017198,5D:30:BE:7C:85:23,-86
BLE,1670729928868019443,6E:61:16:55:EB:D2,-105
BLE,1670729928919228661,42:82:F6:CB:7B:27,-84
BLE,1670729929018083515,7A:42:DE:5D:AA:F8,-99
BLE,1670729929055412858,6E:61:16:55:EB:D2,-89
BLE,1670729929197872396,EB:E7:C8:FB:DB:12,-68
BLE,1670729929875920624,5D:30:BE:7C:85:23,-85
BLE,1670729930321532353,7A:42:DE:5D:AA:F8,-98
BLE,1670729931198112778,EB:E7:C8:FB:DB:12,-79
BLE,1670729931247745223,5D:30:BE:7C:85:23,-98
BLE,1670729931355882466,7A:42:DE:5D:AA:F8,-100
BLE,1670729931369236055,42:82:F6:CB:7B:27,-98
BLE,1670729931461163492,6E:61:16:55:EB:D2,-103
BLE,1670729931518928923,5D:30:BE:7C:85:23,-98
BLE,1670729931640493296,42:82:F6:CB:7B:27,-99
BLE,1670729931840029148,6E:61:16:55:EB:D2,-103
BLE,1670729931872864254,7A:42:DE:5D:AA:F8,-99
BLE,1670729931910492218,42:82:F6:CB:7B:27,-100
BLE,1670729932180793887,42:82:F6:CB:7B:27,-99
BLE,1670729932389348464,7A:42:DE:5D:AA:F8,-98
BLE,1670729932576771879,14:BB:6E:11:32:18,-103
BLE,1670729932620217982,5D:30:BE:7C:85:23,-97
BLE,1670729932908157688,7A:42:DE:5D:AA:F8,-97
BLE,1670729933200509634,EB:E7:C8:FB:DB:12,-79
BLE,1670729933723967427,5D:30:BE:7C:85:23,-98
BLE,1670729934002692703,5D:30:BE:7C:85:23,-106
BLE,1670729934362247841,42:82:F6:CB:7B:27,-97
BLE,1670729934556618922,5D:30:BE:7C:85:23,-96
BLE,1670729934631813810,42:82:F6:CB:7B:27,-99
BLE,1670729934708140060,7A:42:DE:5D:AA:F8,-98
BLE,1670729934903120675,42:82:F6:CB:7B:27,-100
BLE,1670729935201748003,EB:E7:C8:FB:DB:12,-79
BLE,1670729935225686383,7A:42:DE:5D:AA:F8,-98
BLE,1670729936201466283,5D:30:BE:7C:85:23,-85
BLE,1670729937025652046,7A:42:DE:5D:AA:F8,-87
BLE,1670729937063097387,6E:61:16:55:EB:D2,-89
BLE,1670729937205610258,EB:E7:C8:FB:DB:12,-68
BLE,1670729937275647375,7A:42:DE:5D:AA:F8,-88
BLE,1670729937623226074,42:82:F6:CB:7B:27,-83
BLE,1670729937627996558,6E:61:16:55:EB:D2,-89
BLE,1670729937894369941,42:82:F6:CB:7B:27,-90
BLE,1670729938144012899,5D:30:BE:7C:85:23,-95
BLE,1670729938168188150,42:82:F6:CB:7B:27,-87
BLE,1670729939207073750,EB:E7:C8:FB:DB:12,-79
BLE,1670729939506545819,5D:30:BE:7C:85:23,-97
BLE,1670729939859329079,7A:42:DE:5D:AA:F8,-98
BLE,1670729940611358293,5D:30:BE:7C:85:23,-98
BLE,1670729940615659033,42:82:F6:CB:7B:27,-98
BLE,1670729940888166258,42:82:F6:CB:7B:27,-99
BLE,1670729941159755370,42:82:F6:CB:7B:27,-100
BLE,1670729941209456481,EB:E7:C8:FB:DB:12,-79
BLE,1670729941391377754,7A:42:DE:5D:AA:F8,-99
BLE,1670729941443767624,5D:30:BE:7C:85:23,-97
BLE,1670729941870733410,14:BB:6E:11:32:18,-103
BLE,1670729941909423654,7A:42:DE:5D:AA:F8,-98
BLE,1670729942306787796,6E:61:16:55:EB:D2,-101
BLE,1670729942529450995,42:82:F6:CB:7B:27,-99
BLE,1670729942803228747,42:82:F6:CB:7B:27,-98
BLE,1670729942812570426,5D:30:BE:7C:85:23,-97
BLE,1670729942868026135,6E:61:16:55:EB:D2,-102
BLE,1670729942941325921,7A:42:DE:5D:AA:F8,-100
BLE,1670729943082622432,5D:30:BE:7C:85:23,-97
BLE,1670729943211768546,EB:E7:C8:FB:DB:12,-79
BLE,1670729943357815083,5D:30:BE:7C:85:23,-96
BLE,1670729943384170558,C2:82:7D:65:F5:DA,-101
BLE,1670729943631529169,5D:30:BE:7C:85:23,-102
BLE,1670729944462815014,5D:30:BE:7C:85:23,-103
BLE,1670729945291414641,5D:30:BE:7C:85:23,-96
BLE,1670729945531742086,7A:42:DE:5D:AA:F8,-98
BLE,1670729945555007265,C8:B2:1E:C1:4C:16,-100
BLE,1670729945562754755,5D:30:BE:7C:85:23,-96
BLE,1670729945790948721,42:82:F6:CB:7B:27,-100
BLE,1670729946064638808,42:82:F6:CB:7B:27,-100
BLE,1670729946111371163,5D:30:BE:7C:85:23,-94
BLE,1670729946334675355,42:82:F6:CB:7B:27,-98
BLE,1670729946568216257,7A:42:DE:5D:AA:F8,-101
BLE,1670729946662578414,5D:30:BE:7C:85:23,-96
BLE,1670729947215631686,EB:E7:C8:FB:DB:12,-79
BLE,1670729947391250700,C2:82:7D:65:F5:DA,-101
BLE,1670729947524016897,6E:61:16:55:EB:D2,-104
BLE,1670729947872108631,7A:42:DE:5D:AA:F8,-102
BLE,1670729948388018848,7A:42:DE:5D:AA:F8,-100
BLE,1670729948574943935,5D:30:BE:7C:85:23,-98
BLE,1670729948847391703,5D:30:BE:7C:85:23,-97
BLE,1670729949154399848,7A:42:DE:5D:AA:F8,-96
BLE,1670729949219432608,EB:E7:C8:FB:DB:12,-80
BLE,1670729949324559011,42:82:F6:CB:7B:27,-98
BLE,1670729949393777638,C2:82:7D:65:F5:DA,-100
BLE,1670729949594587850,42:82:F6:CB:7B:27,-97
BLE,1670729949676102079,5D:30:BE:7C:85:23,-95
BLE,1670729949867062618,42:82:F6:CB:7B:27,-101
BLE,1670729949949829873,5D:30:BE:7C:85:23,-96
BLE,1670729950137499368,42:82:F6:CB:7B:27,-100
BLE,1670729950408574611,42:82:F6:CB:7B:27,-98
BLE,1670729950707031150,7A:42:DE:5D:AA:F8,-98
BLE,1670729950777378388,5D:30:BE:7C:85:23,-97
BLE,1670729951047430768,5D:30:BE:7C:85:23,-96
BLE,1670729951223284113,EB:E7:C8:FB:DB:12,-79
BLE,1670729951322409505,5D:30:BE:7C:85:23,-86
BLE,1670729952422582952,5D:30:BE:7C:85:23,-96
BLE,1670729952565840481,6E:61:16:55:EB:D2,-101
BLE,1670729952585820532,42:82:F6:CB:7B:27,-98
BLE,1670729952701081272,5D:30:BE:7C:85:23,-90
BLE,1670729953126183248,6E:61:16:55:EB:D2,-93
BLE,1670729953128390721,42:82:F6:CB:7B:27,-88
BLE,1670729953223310997,EB:E7:C8:FB:DB:12,-65
BLE,1670729953252312357,5D:30:BE:7C:85:23,-85
BLE,1670729953668402815,42:82:F6:CB:7B:27,-89
BLE,1670729953796056657,5D:30:BE:7C:85:23,-86
BLE,1670729953938385988,42:82:F6:CB:7B:27,-97
BLE,1670729954208388994,42:82:F6:CB:7B:27,-99
BLE,1670729954307883131,7A:42:DE:5D:AA:F8,-100
BLE,1670729954479631026,42:82:F6:CB:7B:27,-89
BLE,1670729954575497332,C8:B2:1E:C1:4C:16,-93
BLE,1670729954611940311,6E:61:16:55:EB:D2,-91
BLE,1670729954694356196,14:BB:6E:11:32:18,-91
BLE,1670729954750970182,42:82:F6:CB:7B:27,-97
BLE,1670729954821217755,7A:42:DE:5D:AA:F8,-98
BLE,1670729954901024088,5D:30:BE:7C:85:23,-97
BLE,1670729955020945980,42:82:F6:CB:7B:27,-88
BLE,1670729955290985860,42:82:F6:CB:7B:27,-100
BLE,1670729955728517186,5D:30:BE:7C:85:23,-97
BLE,1670729957228688243,EB:E7:C8:FB:DB:12,-79
BLE,1670729957400849550,6E:61:16:55:EB:D2,-106
BLE,1670729957655976276,7A:42:DE:5D:AA:F8,-99
BLE,1670729958206069249,5D:30:BE:7C:85:23,-96
BLE,1670729958526138028,6E:61:16:55:EB:D2,-100
BLE,1670729958549732869,42:82:F6:CB:7B:27,-98
BLE,1670729958820995527,42:82:F6:CB:7B:27,-98
BLE,1670729959090990032,42:82:F6:CB:7B:27,-99
BLE,1670729959228441339,EB:E7:C8:FB:DB:12,-80
BLE,1670729959360985913,42:82:F6:CB:7B:27,-100
BLE,1670729959578469092,5D:30:BE:7C:85:23,-97
BLE,1670729959633568429,42:82:F6:CB:7B:27,-98
BLE,1670729959729507818,C8:B2:1E:C1:4C:16,-93
BLE,1670729959850184368,5D:30:BE:7C:85:23,-96
BLE,1670729961012121031,7A:42:DE:5D:AA:F8,-99
BLE,1670729961228424307,EB:E7:C8:FB:DB:12,-80
BLE,1670729961272281155,42:82:F6:CB:7B:27,-98
BLE,1670729961430598753,C2:82:7D:65:F5:DA,-102
BLE,1670729961493487456,5D:30:BE:7C:85:23,-96
BLE,1670729961528275954,7A:42:DE:5D:AA:F8,-98
BLE,1670729961542188204,42:82:F6:CB:7B:27,-98
BLE,1670729961812311041,42:82:F6:CB:7B:27,-98
BLE,1670729962083591948,42:82:F6:CB:7B:27,-88
BLE,1670729962595340632,5D:30:BE:7C:85:23,-99
BLE,1670729962864701562,5D:30:BE:7C:85:23,-95
BLE,1670729963134660235,5D:30:BE:7C:85:23,-96
BLE,1670729963163555388,6E:61:16:55:EB:D2,-105
BLE,1670729963232123856,EB:E7:C8:FB:DB:12,-79
BLE,1670729963963704357,5D:30:BE:7C:85:23,-97
BLE,1670729964649296827,6E:61:16:55:EB:D2,-101
BLE,1670729964795936773,5D:30:BE:7C:85:23,-95
BLE,1670729964904249972,7A:42:DE:5D:AA:F8,-100
BLE,1670729965234625460,EB:E7:C8:FB:DB:12,-79
BLE,1670729965343612859,42:82:F6:CB:7B:27,-99
BLE,1670729965436831197,C2:82:7D:65:F5:DA,-103
BLE,1670729965570745880,6E:61:16:55:EB:D2,-100
BLE,1670729965666658144,7A:42:DE:5D:AA:F8,-86
BLE,1670729965884103948,42:82:F6:CB:7B:27,-101
BLE,1670729966153899789,42:82:F6:CB:7B:27,-99
BLE,1670729966169689141,5D:30:BE:7C:85:23,-97
BLE,1670729966427497585,42:82:F6:CB:7B:27,-87
BLE,1670729966434268129,7A:42:DE:5D:AA:F8,-86
BLE,1670729966443414019,5D:30:BE:7C:85:23,-83
BLE,1670729967070154404,6E:61:16:55:EB:D2,-90
BLE,1670729967227471514,14:BB:6E:11:32:18,-94
BLE,1670729967234605637,EB:E7:C8:FB:DB:12,-79
BLE,1670729967272137269,5D:30:BE:7C:85:23,-87
BLE,1670729968000994261,6E:61:16:55:EB:D2,-103
BLE,1670729968562693595,6E:61:16:55:EB:D2,-103
BLE,1670729968607509806,42:82:F6:CB:7B:27,-98
BLE,1670729968645941678,5D:30:BE:7C:85:23,-95
BLE,1670729968881259725,42:82:F6:CB:7B:27,-98
BLE,1670729969237204657,EB:E7:C8:FB:DB:12,-80
BLE,1670729969442049112,C2:82:7D:65:F5:DA,-102
BLE,1670729969691636738,6E:61:16:55:EB:D2,-102
BLE,1670729970288536857,5D:30:BE:7C:85:23,-95
BLE,1670729971068816356,7A:42:DE:5D:AA:F8,-96
BLE,1670729971331282286,42:82:F6:CB:7B:27,-99
BLE,1670729971554603852,6E:61:16:55:EB:D2,-99
BLE,1670729971602456902,42:82:F6:CB:7B:27,-101
BLE,1670729971833476793,7A:42:DE:5D:AA:F8,-98
BLE,1670729972348732143,7A:42:DE:5D:AA:F8,-98
BLE,1670729972769908624,5D:30:BE:7C:85:23,-103
BLE,1670729973241213503,EB:E7:C8:FB:DB:12,-65
BLE,1670729973326251231,5D:30:BE:7C:85:23,-99
BLE,1670729973653607339,7A:42:DE:5D:AA:F8,-89
BLE,1670729973886087295,5D:30:BE:7C:85:23,-97
BLE,1670729974051269061,42:82:F6:CB:7B:27,-97
BLE,1670729974161076449,5D:30:BE:7C:85:23,-97
BLE,1670729974172395647,7A:42:DE:5D:AA:F8,-101
BLE,1670729974595031777,42:82:F6:CB:7B:27,-98
BLE,1670729974910592152,6E:61:16:55:EB:D2,-103
BLE,1670729974940758997,7A:42:DE:5D:AA:F8,-99
BLE,1670729974989680951,5D:30:BE:7C:85:23,-96
BLE,1670729975244890593,EB:E7:C8:FB:DB:12,-79
BLE,1670729975263393121,5D:30:BE:7C:85:23,-96
BLE,1670729975459101936,7A:42:DE:5D:AA:F8,-99
BLE,1670729975976273763,7A:42:DE:5D:AA:F8,-101
BLE,1670729976631010937,5D:30:BE:7C:85:23,-98
BLE,1670729977248833013,EB:E7:C8:FB:DB:12,-80
BLE,1670729977279719684,7A:42:DE:5D:AA:F8,-100
BLE,1670729977472204329,C2:82:7D:65:F5:DA,-105
BLE,1670729977586327000,42:82:F6:CB:7B:27,-98
BLE,1670729977735959618,5D:30:BE:7C:85:23,-95
BLE,1670729977856471962,42:82:F6:CB:7B:27,-95
BLE,1670729978003456529,5D:30:BE:7C:85:23,-98
BLE,1670729978128940438,42:82:F6:CB:7B:27,-99
BLE,1670729978278335768,5D:30:BE:7C:85:23,-96
BLE,1670729978398937485,42:82:F6:CB:7B:27,-98
BLE,1670729978803966119,6E:61:16:55:EB:D2,-103
BLE,1670729978852832073,7A:42:DE:5D:AA:F8,-99
BLE,1670729979248750441,EB:E7:C8:FB:DB:12,-79
BLE,1670729979367046811,6E:61:16:55:EB:D2,-99
BLE,1670729979620191144,7A:42:DE:5D:AA:F8,-97
BLE,1670729980108282029,6E:61:16:55:EB:D2,-91
BLE,1670729980305258079,42:82:F6:CB:7B:27,-94
BLE,1670729980478434165,5D:30:BE:7C:85:23,-97
BLE,1670729980578927499,42:82:F6:CB:7B:27,-99
BLE,1670729980665815330,6E:61:16:55:EB:D2,-99
BLE,1670729980848922755,42:82:F6:CB:7B:27,-98
BLE,1670729981120300369,42:82:F6:CB:7B:27,-97
BLE,1670729981168123794,7A:42:DE:5D:AA:F8,-99
BLE,1670729981251316461,EB:E7:C8:FB:DB:12,-66
BLE,1670729981311124076,5D:30:BE:7C:85:23,-97
BLE,1670729981420658384,7A:42:DE:5D:AA:F8,-88
BLE,1670729981772490032,6E:61:16:55:EB:D2,-93
BLE,1670729981935093120,7A:42:DE:5D:AA:F8,-87
BLE,1670729982332386804,6E:61:16:55:EB:D2,-89
BLE,1670729982416215589,5D:30:BE:7C:85:23,-96
BLE,1670729982453622972,7A:42:DE:5D:AA:F8,-91
BLE,1670729983247167270,5D:30:BE:7C:85:23,-86
BLE,1670729983519643663,5D:30:BE:7C:85:23,-96
BLE,1670729983840238811,42:82:F6:CB:7B:27,-88
BLE,1670729984019128453,6E:61:16:55:EB:D2,-93
BLE,1670729984110316399,42:82:F6:CB:7B:27,-97
BLE,1670729984273245191,7A:42:DE:5D:AA:F8,-98
BLE,1670729985149047209,6E:61:16:55:EB:D2,-99
BLE,1670729985253416663,EB:E7:C8:FB:DB:12,-82
BLE,1670729985310371479,7A:42:DE:5D:AA:F8,-99
BLE,1670729985450913040,5D:30:BE:7C:85:23,-97
BLE,1670729985710367089,6E:61:16:55:EB:D2,-100
BLE,1670729986557338620,5D:30:BE:7C:85:23,-96
BLE,1670729987253691253,EB:E7:C8:FB:DB:12,-80
BLE,1670729987387082567,5D:30:BE:7C:85:23,-99
BLE,1670729988181633311,42:82:F6:CB:7B:27,-96
BLE,1670729988451853522,42:82:F6:CB:7B:27,-86
BLE,1670729988721645905,42:82:F6:CB:7B:27,-86
BLE,1670729988762110378,5D:30:BE:7C:85:23,-101
BLE,1670729988932981074,7A:42:DE:5D:AA:F8,-99
BLE,1670729988992820564,42:82:F6:CB:7B:27,-97
BLE,1670729989082356363,6E:61:16:55:EB:D2,-89
BLE,1670729989258613328,EB:E7:C8:FB:DB:12,-66
BLE,1670729989262485907,45:8E:8B:BA:39:29,-89
BLE,1670729989450146902,7A:42:DE:5D:AA:F8,-100
BLE,1670729989532828992,42:82:F6:CB:7B:27,-88
BLE,1670729989590764837,5D:30:BE:7C:85:23,-100
BLE,1670729989802828581,42:82:F6:CB:7B:27,-88
BLE,1670729989864500881,5D:30:BE:7C:85:23,-85
BLE,1670729990076628749,42:82:F6:CB:7B:27,-88
BLE,1670729990346636546,42:82:F6:CB:7B:27,-99
BLE,1670729990423237834,5D:30:BE:7C:85:23,-95
BLE,1670729991491990992,6E:61:16:55:EB:D2,-104
BLE,1670729991502106329,7A:42:DE:5D:AA:F8,-98
BLE,1670729991796169670,5D:30:BE:7C:85:23,-96
BLE,1670729992015433869,7A:42:DE:5D:AA:F8,-86
BLE,1670729992614681168,6E:61:16:55:EB:D2,-105
BLE,1670729993262594050,EB:E7:C8:FB:DB:12,-81
BLE,1670729993442609511,5D:30:BE:7C:85:23,-96
BLE,1670729993567511427,7A:42:DE:5D:AA:F8,-98
BLE,1670729993872929757,42:82:F6:CB:7B:27,-100
BLE,1670729994002092622,5D:30:BE:7C:85:23,-99
BLE,1670729994604863254,7A:42:DE:5D:AA:F8,-98
BLE,1670729994640012123,6E:61:16:55:EB:D2,-102
BLE,1670729994821316528,6E:61:16:55:EB:D2,-99
BLE,1670729994836986715,5D:30:BE:7C:85:23,-99
BLE,1670729995265254485,EB:E7:C8:FB:DB:12,-80
BLE,1670729995931593437,C8:B2:1E:C1:4C:16,-104
BLE,1670729995940960616,5D:30:BE:7C:85:23,-98
BLE,1670729996219652976,5D:30:BE:7C:85:23,-97
BLE,1670729996500797764,5D:30:BE:7C:85:23,-87
BLE,1670729996943121449,7A:42:DE:5D:AA:F8,-98
BLE,1670729997267583384,EB:E7:C8:FB:DB:12,-66
BLE,1670729997461732884,7A:42:DE:5D:AA:F8,-99
BLE,1670729997870894509,5D:30:BE:7C:85:23,-86
BLE,1670729997976584531,7A:42:DE:5D:AA:F8,-89
BLE,1670729998216945476,42:82:F6:CB:7B:27,-100
BLE,1670729998434362905,5D:30:BE:7C:85:23,-85
BLE,1670729998487982011,42:82:F6:CB:7B:27,-100
BLE,1670729998761796554,42:82:F6:CB:7B:27,-98
BLE,1670729999532416294,7A:42:DE:5D:AA:F8,-97
BLE,1670729999788354386,5D:30:BE:7C:85:23,-96
BLE,1670730000018934448,6E:61:16:55:EB:D2,-102
BLE,1670730000046431910,7A:42:DE:5D:AA:F8,-87
BLE,1670730000565487506,7A:42:DE:5D:AA:F8,-100
BLE,1670730000615571654,5D:30:BE:7C:85:23,-98
BLE,1670730000764071786,6E:61:16:55:EB:D2,-91
BLE,1670730000888038338,5D:30:BE:7C:85:23,-86
BLE,1670730001083866360,7A:42:DE:5D:AA:F8,-99
BLE,1670730001085588006,C8:B2:1E:C1:4C:16,-102
BLE,1670730001209355602,42:82:F6:CB:7B:27,-89
BLE,1670730001656296399,14:BB:6E:11:32:18,-108
BLE,1670730001703297251,6E:61:16:55:EB:D2,-91
BLE,1670730001989590144,5D:30:BE:7C:85:23,-84
BLE,1670730002367627060,7A:42:DE:5D:AA:F8,-101
BLE,1670730003095435522,5D:30:BE:7C:85:23,-95
BLE,1670730003214790672,6E:61:16:55:EB:D2,-102
BLE,1670730003275027656,EB:E7:C8:FB:DB:12,-80
BLE,1670730003391689463,42:82:F6:CB:7B:27,-98
BLE,1670730003663006494,42:82:F6:CB:7B:27,-98
BLE,1670730003670551404,7A:42:DE:5D:AA:F8,-87
BLE,1670730003927908270,5D:30:BE:7C:85:23,-85
BLE,1670730003932935167,42:82:F6:CB:7B:27,-89
BLE,1670730003957456998,6E:61:16:55:EB:D2,-103
BLE,1670730004190050661,7A:42:DE:5D:AA:F8,-87
BLE,1670730004203163587,42:82:F6:CB:7B:27,-89
BLE,1670730004473090177,42:82:F6:CB:7B:27,-100
BLE,1670730005028165715,5D:30:BE:7C:85:23,-86
BLE,1670730005226564540,7A:42:DE:5D:AA:F8,-100
BLE,1670730005275264538,EB:E7:C8:FB:DB:12,-66
BLE,1670730005299211250,5D:30:BE:7C:85:23,-95
BLE,1670730005744377776,7A:42:DE:5D:AA:F8,-99
BLE,1670730006390107934,6E:61:16:55:EB:D2,-101
BLE,1670730006670637479,5D:30:BE:7C:85:23,-96
BLE,1670730007503721011,5D:30:BE:7C:85:23,-96
BLE,1670730007553470080,C2:82:7D:65:F5:DA,-89
BLE,1670730007735647349,42:82:F6:CB:7B:27,-98
BLE,1670730007810633115,7A:42:DE:5D:AA:F8,-98
BLE,1670730008009462392,42:82:F6:CB:7B:27,-98
BLE,1670730008132802035,14:BB:6E:11:32:18,-105
BLE,1670730008279459731,42:82:F6:CB:7B:27,-99
BLE,1670730009114522572,7A:42:DE:5D:AA:F8,-97
BLE,1670730009146151525,5D:30:BE:7C:85:23,-95
BLE,1670730009278971929,EB:E7:C8:FB:DB:12,-81
BLE,1670730010246888090,5D:30:BE:7C:85:23,-96
BLE,1670730011282996099,EB:E7:C8:FB:DB:12,-66
BLE,1670730011436584378,7A:42:DE:5D:AA:F8,-90
BLE,1670730012077130681,42:82:F6:CB:7B:27,-88
BLE,1670730012349504658,42:82:F6:CB:7B:27,-99
BLE,1670730012620736274,42:82:F6:CB:7B:27,-89
BLE,1670730012707707854,6E:61:16:55:EB:D2,-90
BLE,1670730012986736335,7A:42:DE:5D:AA:F8,-89
BLE,1670730012994137038,5D:30:BE:7C:85:23,-84
BLE,1670730013162705304,42:82:F6:CB:7B:27,-89
BLE,1670730013631854750,6E:61:16:55:EB:D2,-89
BLE,1670730013773676421,7A:42:DE:5D:AA:F8,-89
BLE,1670730014097070368,5D:30:BE:7C:85:23,-95
BLE,1670730014369169098,5D:30:BE:7C:85:23,-85
BLE,1670730015287942225,EB:E7:C8:FB:DB:12,-80
BLE,1670730015568681977,C2:82:7D:65:F5:DA,-102
BLE,1670730015740419871,5D:30:BE:7C:85:23,-96
BLE,1670730015879590491,42:82:F6:CB:7B:27,-97
BLE,1670730016153512491,42:82:F6:CB:7B:27,-88
BLE,1670730016358715734,7A:42:DE:5D:AA:F8,-101
BLE,1670730017110847404,5D:30:BE:7C:85:23,-97
BLE,1670730017292921925,EB:E7:C8:FB:DB:12,-81
BLE,1670730017569784973,C2:82:7D:65:F5:DA,-102
BLE,1670730018434381251,7A:42:DE:5D:AA:F8,-100
BLE,1670730018872347696,42:82:F6:CB:7B:27,-99
BLE,1670730019142173746,42:82:F6:CB:7B:27,-98
BLE,1670730019231709420,6E:61:16:55:EB:D2,-102
BLE,1670730019412123502,42:82:F6:CB:7B:27,-98
BLE,1670730019569865940,C2:82:7D:65:F5:DA,-102
BLE,1670730019682147924,42:82:F6:CB:7B:27,-98
BLE,1670730019735013455,7A:42:DE:5D:AA:F8,-89
BLE,1670730019953826368,42:82:F6:CB:7B:27,-98
BLE,1670730020152104485,5D:30:BE:7C:85:23,-95
BLE,1670730020227373789,42:82:F6:CB:7B:27,-98
BLE,1670730020711872801,5D:30:BE:7C:85:23,-96
BLE,1670730020774624630,7A:42:DE:5D:AA:F8,-100
BLE,1670730021298164297,EB:E7:C8:FB:DB:12,-80
BLE,1670730022356840535,5D:30:BE:7C:85:23,-96
BLE,1670730022381420448,6E:61:16:55:EB:D2,-104
BLE,1670730022562785435,6E:61:16:55:EB:D2,-100
BLE,1670730022593968310,7A:42:DE:5D:AA:F8,-96
BLE,1670730023213610906,42:82:F6:CB:7B:27,-89
BLE,1670730023301862638,EB:E7:C8:FB:DB:12,-82
BLE,1670730023483602037,42:82:F6:CB:7B:27,-99
BLE,1670730023754836361,42:82:F6:CB:7B:27,-101
BLE,1670730024024835784,42:82:F6:CB:7B:27,-100
BLE,1670730024046654480,6E:61:16:55:EB:D2,-105
BLE,1670730024275421106,5D:30:BE:7C:85:23,-108
BLE,1670730024295934109,42:82:F6:CB:7B:27,-98
BLE,1670730025099425496,5D:30:BE:7C:85:23,-94
BLE,1670730025301938855,EB:E7:C8:FB:DB:12,-80
BLE,1670730025430554809,7A:42:DE:5D:AA:F8,-99
BLE,1670730025931660746,5D:30:BE:7C:85:23,-94
BLE,1670730026208635335,42:82:F6:CB:7B:27,-100
BLE,1670730026478713548,42:82:F6:CB:7B:27,-87
BLE,1670730026498447186,6E:61:16:55:EB:D2,-92
BLE,1670730026681378529,6E:61:16:55:EB:D2,-92
BLE,1670730027022556721,42:82:F6:CB:7B:27,-87
BLE,1670730027031642154,5D:30:BE:7C:85:23,-87
BLE,1670730027061239798,6E:61:16:55:EB:D2,-90
BLE,1670730027305832692,EB:E7:C8:FB:DB:12,-66
BLE,1670730027746872560,7A:42:DE:5D:AA:F8,-87
BLE,1670730028679262981,5D:30:BE:7C:85:23,-95
BLE,1670730028930230924,42:82:F6:CB:7B:27,-98
BLE,1670730029203784053,42:82:F6:CB:7B:27,-99
BLE,1670730029291873620,6E:61:16:55:EB:D2,-101
BLE,1670730029301393380,7A:42:DE:5D:AA:F8,-98
BLE,1670730029305708328,EB:E7:C8:FB:DB:12,-82
BLE,1670730029473666560,42:82:F6:CB:7B:27,-99
BLE,1670730029506640664,5D:30:BE:7C:85:23,-97
BLE,1670730029581264309,C2:82:7D:65:F5:DA,-103
BLE,1670730030084154016,7A:42:DE:5D:AA:F8,-99
BLE,1670730030336465193,7A:42:DE:5D:AA:F8,-100
BLE,1670730030848603039,7A:42:DE:5D:AA:F8,-100
BLE,1670730030879132755,5D:30:BE:7C:85:23,-95
BLE,1670730031310979275,EB:E7:C8:FB:DB:12,-81
BLE,1670730031368779913,7A:42:DE:5D:AA:F8,-98
BLE,1670730031586403798,C2:82:7D:65:F5:DA,-99
BLE,1670730031985603085,5D:30:BE:7C:85:23,-97
BLE,1670730032079742246,6E:61:16:55:EB:D2,-102
BLE,1670730032461297536,42:82:F6:CB:7B:27,-98
BLE,1670730032733793095,42:82:F6:CB:7B:27,-100
BLE,1670730033087861965,5D:30:BE:7C:85:23,-99
BLE,1670730033170533930,7A:42:DE:5D:AA:F8,-100
BLE,1670730033310883869,EB:E7:C8:FB:DB:12,-80
BLE,1670730033359223371,5D:30:BE:7C:85:23,-96
BLE,1670730033587959039,C2:82:7D:65:F5:DA,-104
BLE,1670730034226615865,7A:42:DE:5D:AA:F8,-98
BLE,1670730034726641690,5D:30:BE:7C:85:23,-97
BLE,1670730034742058588,7A:42:DE:5D:AA:F8,-99
BLE,1670730034997837848,5D:30:BE:7C:85:23,-97
BLE,1670730035072002249,6E:61:16:55:EB:D2,-101
BLE,1670730035261545679,7A:42:DE:5D:AA:F8,-99
BLE,1670730035275326389,5D:30:BE:7C:85:23,-104
BLE,1670730035310932503,EB:E7:C8:FB:DB:12,-80
BLE,1670730035724005581,42:82:F6:CB:7B:27,-99
BLE,1670730035776526825,7A:42:DE:5D:AA:F8,-96
BLE,1670730035995084449,42:82:F6:CB:7B:27,-100
BLE,1670730036103934641,5D:30:BE:7C:85:23,-95
BLE,1670730036268764077,42:82:F6:CB:7B:27,-99
BLE,1670730036560887233,6E:61:16:55:EB:D2,-105
BLE,1670730037313538939,EB:E7:C8:FB:DB:12,-81
BLE,1670730038096709987,7A:42:DE:5D:AA:F8,-101
BLE,1670730038419306777,6E:61:16:55:EB:D2,-105
BLE,1670730038716467832,42:82:F6:CB:7B:27,-98
BLE,1670730038991319737,42:82:F6:CB:7B:27,-98
BLE,1670730039131107558,7A:42:DE:5D:AA:F8,-97
BLE,1670730039170522876,6E:61:16:55:EB:D2,-106
BLE,1670730039316049419,EB:E7:C8:FB:DB:12,-80
BLE,1670730039730704311,6E:61:16:55:EB:D2,-101
BLE,1670730039896399445,7A:42:DE:5D:AA:F8,-101
BLE,1670730039969287278,5D:30:BE:7C:85:23,-96
BLE,1670730040242889532,5D:30:BE:7C:85:23,-97
BLE,1670730040512752081,5D:30:BE:7C:85:23,-97
BLE,1670730040782887168,5D:30:BE:7C:85:23,-98
BLE,1670730040930676726,7A:42:DE:5D:AA:F8,-101
BLE,1670730041170266305,42:82:F6:CB:7B:27,-99
BLE,1670730041315805390,EB:E7:C8:FB:DB:12,-80
BLE,1670730041390590199,14:BB:6E:11:32:18,-103
BLE,1670730041443832518,42:82:F6:CB:7B:27,-101
BLE,1670730041612848612,C2:82:7D:65:F5:DA,-95
BLE,1670730041793583523,6E:61:16:55:EB:D2,-89
BLE,1670730041859399858,14:BB:6E:11:32:18,-89
BLE,1670730041964409137,7A:42:DE:5D:AA:F8,-100
BLE,1670730042449085605,5D:30:BE:7C:85:23,-96
BLE,1670730042719001195,5D:30:BE:7C:85:23,-85
BLE,1670730042722727984,6E:61:16:55:EB:D2,-91
BLE,1670730043321379290,EB:E7:C8:FB:DB:12,-66
BLE,1670730043466564254,6E:61:16:55:EB:D2,-91
BLE,1670730043615412924,C2:82:7D:65:F5:DA,-93
BLE,1670730043764240719,7A:42:DE:5D:AA:F8,-88
BLE,1670730044654283357,5D:30:BE:7C:85:23,-95
BLE,1670730044924146906,5D:30:BE:7C:85:23,-97
BLE,1670730044971526129,42:82:F6:CB:7B:27,-99
BLE,1670730045245336089,42:82:F6:CB:7B:27,-99
BLE,1670730045323908728,EB:E7:C8:FB:DB:12,-88
BLE,1670730045567947546,7A:42:DE:5D:AA:F8,-101
BLE,1670730046259853773,6E:61:16:55:EB:D2,-92
BLE,1670730046297762443,5D:30:BE:7C:85:23,-96
BLE,1670730046353566814,7A:42:DE:5D:AA:F8,-99
BLE,1670730046570283251,5D:30:BE:7C:85:23,-102
BLE,1670730047180233255,6E:61:16:55:EB:D2,-87
BLE,1670730047323449701,EB:E7:C8:FB:DB:12,-80
BLE,1670730047393963646,5D:30:BE:7C:85:23,-97
BLE,1670730048499456487,5D:30:BE:7C:85:23,-84
BLE,1670730048669708191,7A:42:DE:5D:AA:F8,-102
BLE,1670730049187971880,7A:42:DE:5D:AA:F8,-88
BLE,1670730049315316475,42:82:F6:CB:7B:27,-90
BLE,1670730049324623113,EB:E7:C8:FB:DB:12,-68
BLE,1670730049329922050,5D:30:BE:7C:85:23,-84
BLE,1670730049605265408,5D:30:BE:7C:85:23,-84
BLE,1670730050437790987,5D:30:BE:7C:85:23,-96
BLE,1670730051324779163,EB:E7:C8:FB:DB:12,-80
BLE,1670730051538937298,5D:30:BE:7C:85:23,-96
BLE,1670730051817611491,5D:30:BE:7C:85:23,-105
BLE,1670730052541162005,7A:42:DE:5D:AA:F8,-99
BLE,1670730053057858713,7A:42:DE:5D:AA:F8,-100
BLE,1670730053328591585,EB:E7:C8:FB:DB:12,-80
BLE,1670730053447501239,5D:30:BE:7C:85:23,-96
BLE,1670730053720165505,5D:30:BE:7C:85:23,-96
BLE,1670730053990086178,5D:30:BE:7C:85:23,-96
BLE,1670730054614700631,7A:42:DE:5D:AA:F8,-100
BLE,1670730055091301862,5D:30:BE:7C:85:23,-97
BLE,1670730055130570349,7A:42:DE:5D:AA:F8,-98
BLE,1670730055277928287,42:82:F6:CB:7B:27,-97
BLE,1670730055331178022,EB:E7:C8:FB:DB:12,-80
BLE,1670730055551628206,42:82:F6:CB:7B:27,-99
BLE,1670730055925131260,5D:30:BE:7C:85:23,-96
BLE,1670730056161968330,7A:42:DE:5D:AA:F8,-98
BLE,1670730056614911346,C8:B2:1E:C1:4C:16,-91
BLE,1670730056758654494,5D:30:BE:7C:85:23,-96
BLE,1670730056931832996,7A:42:DE:5D:AA:F8,-88
BLE,1670730057277418052,14:BB:6E:11:32:18,-91
BLE,1670730057336246429,EB:E7:C8:FB:DB:12,-65
BLE,1670730057417598034,6E:61:16:55:EB:D2,-93
BLE,1670730057445729155,7A:42:DE:5D:AA:F8,-87
BLE,1670730057461646380,42:82:F6:CB:7B:27,-99
BLE,1670730057962477320,7A:42:DE:5D:AA:F8,-88
BLE,1670730058156890568,6E:61:16:55:EB:D2,-89
BLE,1670730058997566299,7A:42:DE:5D:AA:F8,-99
BLE,1670730059341781747,EB:E7:C8:FB:DB:12,-80
BLE,1670730059642971253,42:82:F6:CB:7B:27,-98
BLE,1670730059796095829,5D:30:BE:7C:85:23,-98
BLE,1670730060066082002,14:BB:6E:11:32:18,-105
BLE,1670730060390147733,6E:61:16:55:EB:D2,-102
BLE,1670730060628877739,5D:30:BE:7C:85:23,-96
BLE,1670730061345694043,EB:E7:C8:FB:DB:12,-80
BLE,1670730061554273786,42:82:F6:CB:7B:27,-98
BLE,1670730061566242476,7A:42:DE:5D:AA:F8,-99
BLE,1670730061731584781,5D:30:BE:7C:85:23,-96
BLE,1670730061768480004,C8:B2:1E:C1:4C:16,-102
BLE,1670730061825466486,42:82:F6:CB:7B:27,-99
BLE,1670730062095500783,42:82:F6:CB:7B:27,-101
BLE,1670730062332301812,7A:42:DE:5D:AA:F8,-99
BLE,1670730062366714316,42:82:F6:CB:7B:27,-100
BLE,1670730062638560382,42:82:F6:CB:7B:27,-96
BLE,1670730062831932934,5D:30:BE:7C:85:23,-98
BLE,1670730062848473693,7A:42:DE:5D:AA:F8,-87
BLE,1670730063345389014,EB:E7:C8:FB:DB:12,-79
BLE,1670730063381041502,5D:30:BE:7C:85:23,-102
BLE,1670730063885438650,7A:42:DE:5D:AA:F8,-99
BLE,1670730064304792361,6E:61:16:55:EB:D2,-102
BLE,1670730065035079377,5D:30:BE:7C:85:23,-97
BLE,1670730065345342066,EB:E7:C8:FB:DB:12,-79
BLE,1670730065628203584,42:82:F6:CB:7B:27,-98
BLE,1670730065867332919,5D:30:BE:7C:85:23,-96
BLE,1670730065898111715,42:82:F6:CB:7B:27,-98
BLE,1670730066168040514,42:82:F6:CB:7B:27,-98
BLE,1670730067277193353,7A:42:DE:5D:AA:F8,-99
BLE,1670730067476658664,6E:61:16:55:EB:D2,-105
BLE,1670730067514763040,5D:30:BE:7C:85:23,-96
BLE,1670730067781341503,14:BB:6E:11:32:18,-101
BLE,1670730068072310340,5D:30:BE:7C:85:23,-96
BLE,1670730068343596414,5D:30:BE:7C:85:23,-96
BLE,1670730068702539642,14:BB:6E:11:32:18,-100
BLE,1670730068808328663,7A:42:DE:5D:AA:F8,-98
BLE,1670730069161880706,42:82:F6:CB:7B:27,-99
BLE,1670730069174796509,5D:30:BE:7C:85:23,-97
BLE,1670730069350582022,EB:E7:C8:FB:DB:12,-79
BLE,1670730069434555555,42:82:F6:CB:7B:27,-98
BLE,1670730069444854889,5D:30:BE:7C:85:23,-97
BLE,1670730069844726251,7A:42:DE:5D:AA:F8,-98
BLE,1670730069993739711,5D:30:BE:7C:85:23,-102
BLE,1670730070548873123,5D:30:BE:7C:85:23,-96
BLE,1670730071354344653,EB:E7:C8:FB:DB:12,-65
BLE,1670730072213962907,5D:30:BE:7C:85:23,-95
BLE,1670730072482560055,5D:30:BE:7C:85:23,-86
BLE,1670730072964456972,42:82:F6:CB:7B:27,-98
BLE,1670730073234450853,42:82:F6:CB:7B:27,-89
BLE,1670730073356809383,EB:E7:C8:FB:DB:12,-68
BLE,1670730073460935507,6E:61:16:55:EB:D2,-103
BLE,1670730073505671678,42:82:F6:CB:7B:27,-88
BLE,1670730073775674433,42:82:F6:CB:7B:27,-99
BLE,1670730074020063455,6E:61:16:55:EB:D2,-91
BLE,1670730074422439162,5D:30:BE:7C:85:23,-83
BLE,1670730074587540178,6E:61:16:55:EB:D2,-92
BLE,1670730074692643415,5D:30:BE:7C:85:23,-98
BLE,1670730075357054723,EB:E7:C8:FB:DB:12,-65
BLE,1670730075519907766,5D:30:BE:7C:85:23,-97
BLE,1670730075787352719,7A:42:DE:5D:AA:F8,-85
BLE,1670730075941885946,C8:B2:1E:C1:4C:16,-92
BLE,1670730076226084114,42:82:F6:CB:7B:27,-90
BLE,1670730076300026684,7A:42:DE:5D:AA:F8,-89
BLE,1670730076353564499,5D:30:BE:7C:85:23,-86
BLE,1670730076498162303,42:82:F6:CB:7B:27,-100
BLE,1670730076624905488,5D:30:BE:7C:85:23,-84
BLE,1670730076820636928,7A:42:DE:5D:AA:F8,-88
BLE,1670730076896093188,5D:30:BE:7C:85:23,-86
BLE,1670730077338683203,7A:42:DE:5D:AA:F8,-99
BLE,1670730077356890943,EB:E7:C8:FB:DB:12,-80
BLE,1670730077724860355,5D:30:BE:7C:85:23,-96
BLE,1670730077994849694,5D:30:BE:7C:85:23,-96
BLE,1670730078831611097,5D:30:BE:7C:85:23,-97
BLE,1670730078853407127,6E:61:16:55:EB:D2,-93
BLE,1670730078891312422,7A:42:DE:5D:AA:F8,-98
BLE,1670730079222104447,6E:61:16:55:EB:D2,-94
BLE,1670730079362060224,EB:E7:C8:FB:DB:12,-65
BLE,1670730079661125797,5D:30:BE:7C:85:23,-85
BLE,1670730079758269879,42:82:F6:CB:7B:27,-88
BLE,1670730080028267760,42:82:F6:CB:7B:27,-90
BLE,1670730080302151094,42:82:F6:CB:7B:27,-99
BLE,1670730080493636877,5D:30:BE:7C:85:23,-96
BLE,1670730080571966019,42:82:F6:CB:7B:27,-97
BLE,1670730080725186636,6E:61:16:55:EB:D2,-102
BLE,1670730080767366337,5D:30:BE:7C:85:23,-96
BLE,1670730081362264689,EB:E7:C8:FB:DB:12,-79
BLE,1670730081747409936,7A:42:DE:5D:AA:F8,-98
BLE,1670730081864890733,5D:30:BE:7C:85:23,-97
BLE,1670730082138836149,5D:30:BE:7C:85:23,-96
BLE,1670730082410187014,5D:30:BE:7C:85:23,-85
BLE,1670730083298923626,7A:42:DE:5D:AA:F8,-98
BLE,1670730083367125182,EB:E7:C8:FB:DB:12,-79
BLE,1670730083834566190,42:82:F6:CB:7B:27,-100
BLE,1670730084612385344,5D:30:BE:7C:85:23,-97
BLE,1670730084823681096,6E:61:16:55:EB:D2,-100
BLE,1670730084851227890,7A:42:DE:5D:AA:F8,-97
BLE,1670730085367300523,EB:E7:C8:FB:DB:12,-79
BLE,1670730086005066942,5D:30:BE:7C:85:23,-96
BLE,1670730086817477972,5D:30:BE:7C:85:23,-85
BLE,1670730086822217707,42:82:F6:CB:7B:27,-88
BLE,1670730086871491532,6E:61:16:55:EB:D2,-92
BLE,1670730087088611464,5D:30:BE:7C:85:23,-97
BLE,1670730087093389240,42:82:F6:CB:7B:27,-88
BLE,1670730087170530897,7A:42:DE:5D:AA:F8,-100
BLE,1670730087363787324,42:82:F6:CB:7B:27,-87
BLE,1670730087367122076,EB:E7:C8:FB:DB:12,-66
BLE,1670730087689764949,7A:42:DE:5D:AA:F8,-99
BLE,1670730088146961664,14:BB:6E:11:32:18,-93
BLE,1670730088447128182,42:82:F6:CB:7B:27,-96
BLE,1670730088458589919,5D:30:BE:7C:85:23,-98
BLE,1670730088720809602,7A:42:DE:5D:AA:F8,-99
BLE,1670730088735899545,6E:61:16:55:EB:D2,-99
BLE,1670730089068382467,14:BB:6E:11:32:18,-102
BLE,1670730089242301794,7A:42:DE:5D:AA:F8,-98
BLE,1670730089366795589,EB:E7:C8:FB:DB:12,-80
BLE,1670730089561124629,5D:30:BE:7C:85:23,-95
BLE,1670730089757472728,7A:42:DE:5D:AA:F8,-98
BLE,1670730089834666342,5D:30:BE:7C:85:23,-96
BLE,1670730090422603236,6E:61:16:55:EB:D2,-102
BLE,1670730090662290023,5D:30:BE:7C:85:23,-96
BLE,1670730090794960637,7A:42:DE:5D:AA:F8,-96
BLE,1670730090894719272,42:82:F6:CB:7B:27,-100
BLE,1670730090935977234,5D:30:BE:7C:85:23,-97
BLE,1670730091168469565,42:82:F6:CB:7B:27,-100
BLE,1670730091367007846,EB:E7:C8:FB:DB:12,-80
BLE,1670730091764738734,5D:30:BE:7C:85:23,-96
BLE,1670730091828610800,7A:42:DE:5D:AA:F8,-88
BLE,1670730092036552759,5D:30:BE:7C:85:23,-96
BLE,1670730092868656719,5D:30:BE:7C:85:23,-97
BLE,1670730093011784374,6E:61:16:55:EB:D2,-100
BLE,1670730093349829646,42:82:F6:CB:7B:27,-100
BLE,1670730093367609849,EB:E7:C8:FB:DB:12,-80
BLE,1670730093379743870,7A:42:DE:5D:AA:F8,-100
BLE,1670730093619777360,42:82:F6:CB:7B:27,-100
BLE,1670730093892166754,42:82:F6:CB:7B:27,-98
BLE,1670730094162659337,42:82:F6:CB:7B:27,-101
BLE,1670730094197812290,14:BB:6E:11:32:18,-101
BLE,1670730094248516722,5D:30:BE:7C:85:23,-103
BLE,1670730094495975874,6E:61:16:55:EB:D2,-100
BLE,1670730094962879972,14:BB:6E:11:32:18,-102
BLE,1670730095343558981,5D:30:BE:7C:85:23,-98
BLE,1670730095370217494,EB:E7:C8:FB:DB:12,-81
BLE,1670730095614739597,5D:30:BE:7C:85:23,-95
BLE,1670730096342375354,42:82:F6:CB:7B:27,-99
BLE,1670730096612528983,42:82:F6:CB:7B:27,-98
BLE,1670730097248837045,7A:42:DE:5D:AA:F8,-98
BLE,1670730097371439239,EB:E7:C8:FB:DB:12,-80
BLE,1670730097819773810,5D:30:BE:7C:85:23,-96
BLE,1670730098091342172,5D:30:BE:7C:85:23,-96
BLE,1670730098615221960,6E:61:16:55:EB:D2,-103
BLE,1670730098804666017,7A:42:DE:5D:AA:F8,-98
BLE,1670730099322519794,7A:42:DE:5D:AA:F8,-96
BLE,1670730099371479248,EB:E7:C8:FB:DB:12,-81
BLE,1670730099836661241,7A:42:DE:5D:AA:F8,-99
BLE,1670730100413910138,42:82:F6:CB:7B:27,-99
BLE,1670730100687333478,42:82:F6:CB:7B:27,-98
BLE,1670730102204966242,5D:30:BE:7C:85:23,-87
BLE,1670730102498493965,5D:30:BE:7C:85:23,-84
BLE,1670730103112710084,45:8E:8B:BA:39:29,-91
BLE,1670730103170826178,7A:42:DE:5D:AA:F8,-85
BLE,1670730103860103479,6E:61:16:55:EB:D2,-90
BLE,1670730104139544038,5D:30:BE:7C:85:23,-84
BLE,1670730104682050061,5D:30:BE:7C:85:23,-85
BLE,1670730104756288585,42:82:F6:CB:7B:27,-90
BLE,1670730104974088468,6E:61:16:55:EB:D2,-90
BLE,1670730105028772686,42:82:F6:CB:7B:27,-98
BLE,1670730105374420991,EB:E7:C8:FB:DB:12,-79
BLE,1670730105482584650,7A:42:DE:5D:AA:F8,-99
BLE,1670730105511962505,5D:30:BE:7C:85:23,-98
BLE,1670730106894695473,5D:30:BE:7C:85:23,-103
BLE,1670730107207641504,42:82:F6:CB:7B:27,-96
BLE,1670730107376546808,EB:E7:C8:FB:DB:12,-79
BLE,1670730107448208072,5D:30:BE:7C:85:23,-98
BLE,1670730107477576136,42:82:F6:CB:7B:27,-102
BLE,1670730107719648394,5D:30:BE:7C:85:23,-96
BLE,1670730107750106778,42:82:F6:CB:7B:27,-98
BLE,1670730107771513187,C2:82:7D:65:F5:DA,-102
BLE,1670730107805157658,7A:42:DE:5D:AA:F8,-86
BLE,1670730108552099849,5D:30:BE:7C:85:23,-85
BLE,1670730108897892694,6E:61:16:55:EB:D2,-95
BLE,1670730109377941343,EB:E7:C8:FB:DB:12,-65
BLE,1670730109654408354,5D:30:BE:7C:85:23,-86
BLE,1670730110202916680,42:82:F6:CB:7B:27,-99
BLE,1670730110742747943,42:82:F6:CB:7B:27,-97
BLE,1670730111013921976,42:82:F6:CB:7B:27,-98
BLE,1670730111030635526,5D:30:BE:7C:85:23,-97
BLE,1670730111284968553,42:82:F6:CB:7B:27,-88
BLE,1670730111380330032,EB:E7:C8:FB:DB:12,-79
BLE,1670730111945438491,7A:42:DE:5D:AA:F8,-97
BLE,1670730112128499750,5D:30:BE:7C:85:23,-96
BLE,1670730112695964598,5D:30:BE:7C:85:23,-95
BLE,1670730112961907528,5D:30:BE:7C:85:23,-96
BLE,1670730113016490163,6E:61:16:55:EB:D2,-102
BLE,1670730113233713553,5D:30:BE:7C:85:23,-98
BLE,1670730113384180870,EB:E7:C8:FB:DB:12,-79
BLE,1670730113462697218,42:82:F6:CB:7B:27,-100
BLE,1670730113504328510,5D:30:BE:7C:85:23,-96
BLE,1670730113732694224,42:82:F6:CB:7B:27,-97
BLE,1670730114003944090,42:82:F6:CB:7B:27,-98
BLE,1670730114276439399,42:82:F6:CB:7B:27,-98
BLE,1670730114333046385,5D:30:BE:7C:85:23,-97
BLE,1670730114547733014,42:82:F6:CB:7B:27,-98
BLE,1670730115046373647,7A:42:DE:5D:AA:F8,-98
BLE,1670730115165659881,5D:30:BE:7C:85:23,-86
BLE,1670730115386731432,EB:E7:C8:FB:DB:12,-65
BLE,1670730115440591119,5D:30:BE:7C:85:23,-84
BLE,1670730115716814383,5D:30:BE:7C:85:23,-102
BLE,1670730115983106891,6E:61:16:55:EB:D2,-102
BLE,1670730115998069753,5D:30:BE:7C:85:23,-97
BLE,1670730116327666126,7A:42:DE:5D:AA:F8,-88
BLE,1670730116549419670,6E:61:16:55:EB:D2,-94
BLE,1670730116725448846,42:82:F6:CB:7B:27,-87
BLE,1670730116999099017,42:82:F6:CB:7B:27,-88
BLE,1670730117386866149,EB:E7:C8:FB:DB:12,-65
BLE,1670730117394170519,14:BB:6E:11:32:18,-91
BLE,1670730117786599096,C2:82:7D:65:F5:DA,-89
BLE,1670730117914296894,5D:30:BE:7C:85:23,-95
BLE,1670730118184450898,5D:30:BE:7C:85:23,-83
BLE,1670730118473163471,14:BB:6E:11:32:18,-105
BLE,1670730118743063103,5D:30:BE:7C:85:23,-96
BLE,1670730119392081637,EB:E7:C8:FB:DB:12,-79
BLE,1670730119686409392,7A:42:DE:5D:AA:F8,-100
BLE,1670730119717865598,42:82:F6:CB:7B:27,-98
BLE,1670730119721279098,6E:61:16:55:EB:D2,-102
BLE,1670730119787837590,C2:82:7D:65:F5:DA,-101
BLE,1670730119850531545,5D:30:BE:7C:85:23,-96
BLE,1670730120125599365,5D:30:BE:7C:85:23,-104
BLE,1670730120259100011,42:82:F6:CB:7B:27,-100
BLE,1670730120276395136,6E:61:16:55:EB:D2,-101
BLE,1670730120529064434,42:82:F6:CB:7B:27,-99
BLE,1670730120678070851,5D:30:BE:7C:85:23,-96
BLE,1670730120799057314,42:82:F6:CB:7B:27,-98
BLE,1670730120986715226,7A:42:DE:5D:AA:F8,-99
BLE,1670730121069050945,42:82:F6:CB:7B:27,-98
BLE,1670730121339286615,42:82:F6:CB:7B:27,-100
BLE,1670730121382983756,6E:61:16:55:EB:D2,-103
BLE,1670730121397046254,EB:E7:C8:FB:DB:12,-82
BLE,1670730121611633884,42:82:F6:CB:7B:27,-98
BLE,1670730122808699583,7A:42:DE:5D:AA:F8,-98
BLE,1670730123157077439,5D:30:BE:7C:85:23,-97
BLE,1670730123325543623,7A:42:DE:5D:AA:F8,-101
BLE,1670730123401252088,EB:E7:C8:FB:DB:12,-81
BLE,1670730123428304763,5D:30:BE:7C:85:23,-95
BLE,1670730124092402991,7A:42:DE:5D:AA:F8,-99
BLE,1670730124527065602,5D:30:BE:7C:85:23,-96
BLE,1670730124803106368,5D:30:BE:7C:85:23,-101
BLE,1670730124856435602,7A:42:DE:5D:AA:F8,-97
BLE,1670730125358235864,5D:30:BE:7C:85:23,-97
BLE,1670730125400619147,EB:E7:C8:FB:DB:12,-79
BLE,1670730125680594657,42:82:F6:CB:7B:27,-98
BLE,1670730125950526206,42:82:F6:CB:7B:27,-98
BLE,1670730126065650947,6E:61:16:55:EB:D2,-103
BLE,1670730126222956307,42:82:F6:CB:7B:27,-97
BLE,1670730126493095061,42:82:F6:CB:7B:27,-100
BLE,1670730126628322853,6E:61:16:55:EB:D2,-108
BLE,1670730126765247749,42:82:F6:CB:7B:27,-97
BLE,1670730126931461294,7A:42:DE:5D:AA:F8,-101
BLE,1670730127401917766,EB:E7:C8:FB:DB:12,-79
BLE,1670730127430214009,14:BB:6E:11:32:18,-107
BLE,1670730127445840946,7A:42:DE:5D:AA:F8,-98
BLE,1670730127962433239,7A:42:DE:5D:AA:F8,-100
BLE,1670730128665775204,5D:30:BE:7C:85:23,-97
BLE,1670730128674068479,6E:61:16:55:EB:D2,-100
BLE,1670730128731153752,7A:42:DE:5D:AA:F8,-100
BLE,1670730128963199214,14:BB:6E:11:32:18,-103
BLE,1670730129401956400,EB:E7:C8:FB:DB:12,-79
BLE,1670730129770770385,5D:30:BE:7C:85:23,-96
BLE,1670730130041959084,5D:30:BE:7C:85:23,-98
BLE,1670730130280447135,7A:42:DE:5D:AA:F8,-101
BLE,1670730130563099406,42:82:F6:CB:7B:27,-97
BLE,1670730130799562564,7A:42:DE:5D:AA:F8,-98
BLE,1670730130835510174,42:82:F6:CB:7B:27,-99
BLE,1670730131107899068,42:82:F6:CB:7B:27,-99
BLE,1670730131313402723,7A:42:DE:5D:AA:F8,-100
BLE,1670730131465690727,6E:61:16:55:EB:D2,-101
BLE,1670730132080305800,7A:42:DE:5D:AA:F8,-100
BLE,1670730132244305204,5D:30:BE:7C:85:23,-95
BLE,1670730132514643164,5D:30:BE:7C:85:23,-94
BLE,1670730132785626658,5D:30:BE:7C:85:23,-96
BLE,1670730133016966378,42:82:F6:CB:7B:27,-100
BLE,1670730133056830524,5D:30:BE:7C:85:23,-95
BLE,1670730133286844260,42:82:F6:CB:7B:27,-100
BLE,1670730133405824872,EB:E7:C8:FB:DB:12,-65
BLE,1670730133556849808,42:82:F6:CB:7B:27,-87
BLE,1670730133826819355,42:82:F6:CB:7B:27,-87
BLE,1670730133900273348,7A:42:DE:5D:AA:F8,-87
BLE,1670730134100465984,42:82:F6:CB:7B:27,-87
BLE,1670730134420975007,7A:42:DE:5D:AA:F8,-87
BLE,1670730134427993590,5D:30:BE:7C:85:23,-85
BLE,1670730134641131529,6E:61:16:55:EB:D2,-91
BLE,1670730135019777271,6E:61:16:55:EB:D2,-92
BLE,1670730135409788459,EB:E7:C8:FB:DB:12,-65
BLE,1670730135701248040,7A:42:DE:5D:AA:F8,-101
BLE,1670730135798077502,5D:30:BE:7C:85:23,-95
BLE,1670730135963467181,6E:61:16:55:EB:D2,-102
BLE,1670730136009333630,42:82:F6:CB:7B:27,-99
BLE,1670730136282144935,42:82:F6:CB:7B:27,-98
BLE,1670730136551916527,42:82:F6:CB:7B:27,-97
BLE,1670730136736019232,7A:42:DE:5D:AA:F8,-99
BLE,1670730137173271852,5D:30:BE:7C:85:23,-97
BLE,1670730137410977455,EB:E7:C8:FB:DB:12,-79
BLE,1670730137445315709,5D:30:BE:7C:85:23,-97
BLE,1670730137524690088,7A:42:DE:5D:AA:F8,-99
BLE,1670730138274249081,5D:30:BE:7C:85:23,-96
BLE,1670730138561305507,7A:42:DE:5D:AA:F8,-98
BLE,1670730139411013047,EB:E7:C8:FB:DB:12,-79
BLE,1670730139843124521,7A:42:DE:5D:AA:F8,-88
BLE,1670730139941650046,5D:30:BE:7C:85:23,-95
BLE,1670730140211720551,5D:30:BE:7C:85:23,-84
BLE,1670730140239593174,6E:61:16:55:EB:D2,-89
BLE,1670730140422221646,6E:61:16:55:EB:D2,-89
BLE,1670730140608158745,7A:42:DE:5D:AA:F8,-88
BLE,1670730141045275868,5D:30:BE:7C:85:23,-96
BLE,1670730141163201826,42:82:F6:CB:7B:27,-100
BLE,1670730141433450870,42:82:F6:CB:7B:27,-96
BLE,1670730141875529975,5D:30:BE:7C:85:23,-95
BLE,1670730142145538730,5D:30:BE:7C:85:23,-96
BLE,1670730142163631596,7A:42:DE:5D:AA:F8,-98
BLE,1670730143032855860,6E:61:16:55:EB:D2,-90
BLE,1670730143073206167,42:82:F6:CB:7B:27,-98
BLE,1670730143247858151,5D:30:BE:7C:85:23,-97
BLE,1670730143344447283,42:82:F6:CB:7B:27,-100
BLE,1670730143417291116,EB:E7:C8:FB:DB:12,-79
BLE,1670730143462856276,7A:42:DE:5D:AA:F8,-99
BLE,1670730143617537293,42:82:F6:CB:7B:27,-99
BLE,1670730143977169305,6E:61:16:55:EB:D2,-104
BLE,1670730144079566616,5D:30:BE:7C:85:23,-96
BLE,1670730144351676513,5D:30:BE:7C:85:23,-96
BLE,1670730144538306895,6E:61:16:55:EB:D2,-100
BLE,1670730145422476480,EB:E7:C8:FB:DB:12,-79
BLE,1670730145459580159,6E:61:16:55:EB:D2,-101
BLE,1670730145720436816,5D:30:BE:7C:85:23,-98
BLE,1670730145780903714,7A:42:DE:5D:AA:F8,-99
BLE,1670730145991883179,5D:30:BE:7C:85:23,-96
BLE,1670730146338383599,42:82:F6:CB:7B:27,-90
BLE,1670730147095550417,5D:30:BE:7C:85:23,-85
BLE,1670730147422537488,EB:E7:C8:FB:DB:12,-79
BLE,1670730147582132154,7A:42:DE:5D:AA:F8,-101
BLE,1670730147928228370,5D:30:BE:7C:85:23,-86
BLE,1670730148198207210,5D:30:BE:7C:85:23,-96
BLE,1670730148226414787,6E:61:16:55:EB:D2,-90
BLE,1670730148519531682,42:82:F6:CB:7B:27,-97
BLE,1670730148792242697,42:82:F6:CB:7B:27,-99
BLE,1670730148865590774,7A:42:DE:5D:AA:F8,-88
BLE,1670730148970477222,6E:61:16:55:EB:D2,-104
BLE,1670730149062103121,42:82:F6:CB:7B:27,-100
BLE,1670730149300187260,5D:30:BE:7C:85:23,-97
BLE,1670730149332058335,42:82:F6:CB:7B:27,-98
BLE,1670730149423420946,EB:E7:C8:FB:DB:12,-80
BLE,1670730149515901168,C8:B2:1E:C1:4C:16,-100
BLE,1670730149534227864,6E:61:16:55:EB:D2,-98
BLE,1670730149602160798,42:82:F6:CB:7B:27,-98
BLE,1670730149633391381,7A:42:DE:5D:AA:F8,-98
BLE,1670730149873218791,42:82:F6:CB:7B:27,-99
BLE,1670730150093314355,6E:61:16:55:EB:D2,-105
BLE,1670730150131392480,5D:30:BE:7C:85:23,-96
BLE,1670730150180452224,14:BB:6E:11:32:18,-103
BLE,1670730150402947759,5D:30:BE:7C:85:23,-95
BLE,1670730150417719123,7A:42:DE:5D:AA:F8,-98
BLE,1670730150675204071,5D:30:BE:7C:85:23,-94
BLE,1670730150945193368,5D:30:BE:7C:85:23,-97
BLE,1670730151423481538,EB:E7:C8:FB:DB:12,-80
BLE,1670730151700955912,7A:42:DE:5D:AA:F8,-98
BLE,1670730151783339964,42:82:F6:CB:7B:27,-97
BLE,1670730152465843596,7A:42:DE:5D:AA:F8,-98
BLE,1670730152583899011,5D:30:BE:7C:85:23,-95
BLE,1670730153062987212,6E:61:16:55:EB:D2,-103
BLE,1670730153426229556,EB:E7:C8:FB:DB:12,-79
BLE,1670730153693584177,42:82:F6:CB:7B:27,-98
BLE,1670730153963557350,42:82:F6:CB:7B:27,-100
BLE,1670730154228983535,5D:30:BE:7C:85:23,-95
BLE,1670730154234855923,42:82:F6:CB:7B:27,-98
BLE,1670730154500525314,5D:30:BE:7C:85:23,-84
BLE,1670730154508297346,42:82:F6:CB:7B:27,-100
BLE,1670730154770211615,5D:30:BE:7C:85:23,-95
BLE,1670730154784385986,7A:42:DE:5D:AA:F8,-98
BLE,1670730155133459084,6E:61:16:55:EB:D2,-101
BLE,1670730155300659241,7A:42:DE:5D:AA:F8,-100
BLE,1670730155315815892,6E:61:16:55:EB:D2,-92
BLE,1670730155429837314,EB:E7:C8:FB:DB:12,-80
BLE,1670730155820358038,7A:42:DE:5D:AA:F8,-98
BLE,1670730155900176912,C2:82:7D:65:F5:DA,-104
BLE,1670730156851859060,7A:42:DE:5D:AA:F8,-87
BLE,1670730157102212885,7A:42:DE:5D:AA:F8,-99
BLE,1670730157240850803,5D:30:BE:7C:85:23,-98
BLE,1670730157383655545,6E:61:16:55:EB:D2,-103
BLE,1670730157429825449,EB:E7:C8:FB:DB:12,-79
BLE,1670730158137343114,7A:42:DE:5D:AA:F8,-98
BLE,1670730158617539802,5D:30:BE:7C:85:23,-97
BLE,1670730158903358576,7A:42:DE:5D:AA:F8,-89
BLE,1670730159117276672,42:82:F6:CB:7B:27,-101
BLE,1670730159180043293,5D:30:BE:7C:85:23,-96
BLE,1670730159387585591,42:82:F6:CB:7B:27,-99
BLE,1670730159418725258,7A:42:DE:5D:AA:F8,-98
BLE,1670730159431240566,EB:E7:C8:FB:DB:12,-80
BLE,1670730159447552495,5D:30:BE:7C:85:23,-96
BLE,1670730159657189518,42:82:F6:CB:7B:27,-98
BLE,1670730159724964495,5D:30:BE:7C:85:23,-107
BLE,1670730159927273564,42:82:F6:CB:7B:27,-99
BLE,1670730160201122815,42:82:F6:CB:7B:27,-100
BLE,1670730160470982448,42:82:F6:CB:7B:27,-99
BLE,1670730160533411489,6E:61:16:55:EB:D2,-100
BLE,1670730160548728388,5D:30:BE:7C:85:23,-96
BLE,1670730160821270364,5D:30:BE:7C:85:23,-98
BLE,1670730161433820003,EB:E7:C8:FB:DB:12,-79
BLE,1670730161707695962,45:8E:8B:BA:39:29,-89
BLE,1670730161736890236,7A:42:DE:5D:AA:F8,-98
BLE,1670730161842372302,6E:61:16:55:EB:D2,-91
BLE,1670730161910239487,C2:82:7D:65:F5:DA,-89
BLE,1670730162213763798,5D:30:BE:7C:85:23,-86
BLE,1670730162583914600,6E:61:16:55:EB:D2,-88
BLE,1670730162771577720,7A:42:DE:5D:AA:F8,-87
BLE,1670730162779292461,5D:30:BE:7C:85:23,-96
BLE,1670730163046312669,5D:30:BE:7C:85:23,-84
BLE,1670730163287063734,7A:42:DE:5D:AA:F8,-88
BLE,1670730163438786495,EB:E7:C8:FB:DB:12,-65
BLE,1670730163728549513,42:82:F6:CB:7B:27,-90
BLE,1670730164002565012,42:82:F6:CB:7B:27,-97
BLE,1670730164450761751,6E:61:16:55:EB:D2,-93
BLE,1670730164543512720,42:82:F6:CB:7B:27,-87
BLE,1670730164688691517,5D:30:BE:7C:85:23,-85
BLE,1670730164961168368,5D:30:BE:7C:85:23,-97
BLE,1670730165090749311,7A:42:DE:5D:AA:F8,-82
BLE,1670730165394884073,6E:61:16:55:EB:D2,-101
BLE,1670730165442587292,EB:E7:C8:FB:DB:12,-79
BLE,1670730165791191270,5D:30:BE:7C:85:23,-99
BLE,1670730166061162484,5D:30:BE:7C:85:23,-96
BLE,1670730166335114484,5D:30:BE:7C:85:23,-97
BLE,1670730166639459910,7A:42:DE:5D:AA:F8,-100
BLE,1670730166701311417,6E:61:16:55:EB:D2,-100
BLE,1670730167261197731,42:82:F6:CB:7B:27,-98
BLE,1670730167442673342,EB:E7:C8:FB:DB:12,-80
BLE,1670730167531091321,42:82:F6:CB:7B:27,-98
BLE,1670730167801092577,42:82:F6:CB:7B:27,-98
BLE,1670730168071087208,42:82:F6:CB:7B:27,-96
BLE,1670730168266265612,5D:30:BE:7C:85:23,-85
BLE,1670730168346193402,42:82:F6:CB:7B:27,-88
BLE,1670730168363492402,6E:61:16:55:EB:D2,-92
BLE,1670730168541439973,5D:30:BE:7C:85:23,-96
BLE,1670730169231719678,7A:42:DE:5D:AA:F8,-88
BLE,1670730169308510755,6E:61:16:55:EB:D2,-91
BLE,1670730169376291774,5D:30:BE:7C:85:23,-91
BLE,1670730169444001461,EB:E7:C8:FB:DB:12,-65
BLE,1670730169641289715,5D:30:BE:7C:85:23,-85
BLE,1670730169919984116,5D:30:BE:7C:85:23,-91
BLE,1670730169984880836,42:82:F6:CB:7B:27,-88
BLE,1670730170231219210,6E:61:16:55:EB:D2,-92
BLE,1670730170413756308,6E:61:16:55:EB:D2,-101
BLE,1670730170741590202,5D:30:BE:7C:85:23,-95
BLE,1670730170968854263,6E:61:16:55:EB:D2,-102
BLE,1670730171011284795,5D:30:BE:7C:85:23,-98
BLE,1670730171051067025,7A:42:DE:5D:AA:F8,-98
BLE,1670730171153730208,6E:61:16:55:EB:D2,-99
BLE,1670730171281278092,5D:30:BE:7C:85:23,-96
BLE,1670730171816714617,7A:42:DE:5D:AA:F8,-99
BLE,1670730172117720666,5D:30:BE:7C:85:23,-97
BLE,1670730172166208834,42:82:F6:CB:7B:27,-100
BLE,1670730172335134679,7A:42:DE:5D:AA:F8,-98
BLE,1670730172441126364,42:82:F6:CB:7B:27,-100
BLE,1670730172676245622,5D:30:BE:7C:85:23,-97
BLE,1670730172949032719,5D:30:BE:7C:85:23,-96
BLE,1670730172981199374,42:82:F6:CB:7B:27,-99
BLE,1670730173449277958,EB:E7:C8:FB:DB:12,-80
BLE,1670730174051268141,5D:30:BE:7C:85:23,-96
BLE,1670730174282334615,6E:61:16:55:EB:D2,-100
BLE,1670730174652818788,7A:42:DE:5D:AA:F8,-99
BLE,1670730174844650150,6E:61:16:55:EB:D2,-101
BLE,1670730175154196472,5D:30:BE:7C:85:23,-96
BLE,1670730175423898981,5D:30:BE:7C:85:23,-97
BLE,1670730175452960257,EB:E7:C8:FB:DB:12,-79
BLE,1670730175689075836,7A:42:DE:5D:AA:F8,-97
BLE,1670730175949847953,C2:82:7D:65:F5:DA,-100
BLE,1670730175971241321,42:82:F6:CB:7B:27,-98
BLE,1670730176205024303,7A:42:DE:5D:AA:F8,-99
BLE,1670730176690230848,6E:61:16:55:EB:D2,-103
BLE,1670730176793692730,5D:30:BE:7C:85:23,-85
BLE,1670730176969666740,7A:42:DE:5D:AA:F8,-86
BLE,1670730177453251471,EB:E7:C8:FB:DB:12,-80
BLE,1670730177487133606,7A:42:DE:5D:AA:F8,-87
BLE,1670730177630293094,6E:61:16:55:EB:D2,-94
BLE,1670730178006614072,7A:42:DE:5D:AA:F8,-86
BLE,1670730178151457123,42:82:F6:CB:7B:27,-87
BLE,1670730178171168636,5D:30:BE:7C:85:23,-87
BLE,1670730178380730576,6E:61:16:55:EB:D2,-104
BLE,1670730178421273006,42:82:F6:CB:7B:27,-99
BLE,1670730178691291345,42:82:F6:CB:7B:27,-97
BLE,1670730178966257541,42:82:F6:CB:7B:27,-99
BLE,1670730179000538379,5D:30:BE:7C:85:23,-95
BLE,1670730179041842924,7A:42:DE:5D:AA:F8,-100
BLE,1670730179236237255,42:82:F6:CB:7B:27,-99
BLE,1670730179455530328,EB:E7:C8:FB:DB:12,-79
BLE,1670730180103997328,5D:30:BE:7C:85:23,-96
BLE,1670730180344121609,7A:42:DE:5D:AA:F8,-99
BLE,1670730180565914152,C8:B2:1E:C1:4C:16,-103
BLE,1670730180862692086,7A:42:DE:5D:AA:F8,-98
BLE,1670730181351458922,6E:61:16:55:EB:D2,-101
BLE,1670730181459504082,EB:E7:C8:FB:DB:12,-79
BLE,1670730181894824434,7A:42:DE:5D:AA:F8,-98
BLE,1670730182576526409,5D:30:BE:7C:85:23,-95
BLE,1670730182659777909,7A:42:DE:5D:AA:F8,-99
BLE,1670730183217150253,6E:61:16:55:EB:D2,-100
BLE,1670730183661008212,5D:30:BE:7C:85:23,-96
BLE,1670730183845121541,42:82:F6:CB:7B:27,-99
BLE,1670730184115521500,42:82:F6:CB:7B:27,-100
BLE,1670730184387830353,42:82:F6:CB:7B:27,-98
BLE,1670730184488714349,5D:30:BE:7C:85:23,-97
BLE,1670730184658878013,42:82:F6:CB:7B:27,-98
BLE,1670730184767403250,5D:30:BE:7C:85:23,-103
BLE,1670730184928845394,42:82:F6:CB:7B:27,-97
BLE,1670730185199082563,42:82:F6:CB:7B:27,-99
BLE,1670730185594970848,5D:30:BE:7C:85:23,-94
BLE,1670730186532743288,7A:42:DE:5D:AA:F8,-100
BLE,1670730186694882423,5D:30:BE:7C:85:23,-96
BLE,1670730186968991546,5D:30:BE:7C:85:23,-96
BLE,1670730187108087916,6E:61:16:55:EB:D2,-103
BLE,1670730187296371070,7A:42:DE:5D:AA:F8,-99
BLE,1670730187462759988,EB:E7:C8:FB:DB:12,-81
BLE,1670730187647689766,42:82:F6:CB:7B:27,-98
BLE,1670730187815381001,7A:42:DE:5D:AA:F8,-99
BLE,1670730187848431437,6E:61:16:55:EB:D2,-99
BLE,1670730187918926423,42:82:F6:CB:7B:27,-99
BLE,1670730188188938637,42:82:F6:CB:7B:27,-87
BLE,1670730188458946434,42:82:F6:CB:7B:27,-97
BLE,1670730188608826633,5D:30:BE:7C:85:23,-98
BLE,1670730189442576365,5D:30:BE:7C:85:23,-97
BLE,1670730189465222218,EB:E7:C8:FB:DB:12,-81
BLE,1670730190373038934,42:82:F6:CB:7B:27,-87
BLE,1670730190404464307,7A:42:DE:5D:AA:F8,-99
BLE,1670730191103722196,5D:30:BE:7C:85:23,-84
BLE,1670730191206771666,6E:61:16:55:EB:D2,-95
BLE,1670730191375401682,5D:30:BE:7C:85:23,-84
BLE,1670730191467744364,EB:E7:C8:FB:DB:12,-81
BLE,1670730192472971785,7A:42:DE:5D:AA:F8,-87
BLE,1670730192554124976,42:82:F6:CB:7B:27,-88
BLE,1670730192749807333,5D:30:BE:7C:85:23,-84
BLE,1670730192824035567,42:82:F6:CB:7B:27,-99
BLE,1670730192986311367,7A:42:DE:5D:AA:F8,-89
BLE,1670730193250105655,6E:61:16:55:EB:D2,-93
BLE,1670730193376636051,14:BB:6E:11:32:18,-89
BLE,1670730193471574994,EB:E7:C8:FB:DB:12,-66
BLE,1670730193505325963,7A:42:DE:5D:AA:F8,-100
BLE,1670730193851151725,5D:30:BE:7C:85:23,-99
BLE,1670730193914746294,42:82:F6:CB:7B:27,-95
BLE,1670730194684885040,5D:30:BE:7C:85:23,-96
BLE,1670730194790152442,7A:42:DE:5D:AA:F8,-88
BLE,1670730195097951368,6E:61:16:55:EB:D2,-90
BLE,1670730195279173607,6E:61:16:55:EB:D2,-102
BLE,1670730195474315721,EB:E7:C8:FB:DB:12,-66
BLE,1670730195513512208,5D:30:BE:7C:85:23,-98
BLE,1670730195545287451,42:82:F6:CB:7B:27,-87
BLE,1670730195837916352,6E:61:16:55:EB:D2,-91
BLE,1670730196076199238,5D:30:BE:7C:85:23,-87
BLE,1670730196351174351,5D:30:BE:7C:85:23,-84
BLE,1670730196909816513,5D:30:BE:7C:85:23,-97
BLE,1670730197108514292,7A:42:DE:5D:AA:F8,-100
BLE,1670730197183448100,5D:30:BE:7C:85:23,-96
BLE,1670730197453479481,5D:30:BE:7C:85:23,-96
BLE,1670730197474153315,EB:E7:C8:FB:DB:12,-81
BLE,1670730197724994468,5D:30:BE:7C:85:23,-96
BLE,1670730198000486658,42:82:F6:CB:7B:27,-97
BLE,1670730198143012153,7A:42:DE:5D:AA:F8,-98
BLE,1670730198270407748,42:82:F6:CB:7B:27,-96
BLE,1670730198552268319,5D:30:BE:7C:85:23,-95
BLE,1670730199474208074,EB:E7:C8:FB:DB:12,-81
BLE,1670730199574042500,6E:61:16:55:EB:D2,-103
BLE,1670730199924877117,5D:30:BE:7C:85:23,-95
BLE,1670730200137912224,6E:61:16:55:EB:D2,-100
BLE,1670730201028572314,5D:30:BE:7C:85:23,-97
BLE,1670730201234341591,7A:42:DE:5D:AA:F8,-102
BLE,1670730201298339739,5D:30:BE:7C:85:23,-97
BLE,1670730201474082544,EB:E7:C8:FB:DB:12,-79
BLE,1670730201571185044,5D:30:BE:7C:85:23,-97
BLE,1670730201739025610,7A:42:DE:5D:AA:F8,-101
BLE,1670730201798256065,6E:61:16:55:EB:D2,-100
BLE,1670730201980808872,6E:61:16:55:EB:D2,-100
BLE,1670730202163517134,6E:61:16:55:EB:D2,-105
BLE,1670730202261224002,7A:42:DE:5D:AA:F8,-99
BLE,1670730202339188732,42:82:F6:CB:7B:27,-100
BLE,1670730202403346586,5D:30:BE:7C:85:23,-96
BLE,1670730202542138210,6E:61:16:55:EB:D2,-101
BLE,1670730202610530763,42:82:F6:CB:7B:27,-98
BLE,1670730202880682100,42:82:F6:CB:7B:27,-99
BLE,1670730203151782551,42:82:F6:CB:7B:27,-101
BLE,1670730203233340904,5D:30:BE:7C:85:23,-96
BLE,1670730203475420371,EB:E7:C8:FB:DB:12,-79
BLE,1670730204069614189,5D:30:BE:7C:85:23,-97
BLE,1670730204953233446,6E:61:16:55:EB:D2,-105
BLE,1670730205048032557,C8:B2:1E:C1:4C:16,-103
BLE,1670730205065487848,42:82:F6:CB:7B:27,-96
BLE,1670730205440900712,5D:30:BE:7C:85:23,-97
BLE,1670730205478022641,EB:E7:C8:FB:DB:12,-79
BLE,1670730206151878752,7A:42:DE:5D:AA:F8,-96
BLE,1670730206637932078,6E:61:16:55:EB:D2,-99
BLE,1670730206818932736,6E:61:16:55:EB:D2,-91
BLE,1670730207244477831,42:82:F6:CB:7B:27,-100
BLE,1670730207380262283,6E:61:16:55:EB:D2,-98
BLE,1670730207437040309,7A:42:DE:5D:AA:F8,-88
BLE,1670730207479262052,EB:E7:C8:FB:DB:12,-65
BLE,1670730207515550157,42:82:F6:CB:7B:27,-89
BLE,1670730207789263785,42:82:F6:CB:7B:27,-88
BLE,1670730207935696317,5D:30:BE:7C:85:23,-85
BLE,1670730208033597891,C2:82:7D:65:F5:DA,-88
BLE,1670730208207122389,5D:30:BE:7C:85:23,-97
BLE,1670730208470460308,7A:42:DE:5D:AA:F8,-87
BLE,1670730209307225254,5D:30:BE:7C:85:23,-96
BLE,1670730209479534516,EB:E7:C8:FB:DB:12,-79
BLE,1670730209582087076,5D:30:BE:7C:85:23,-97
BLE,1670730209814390493,6E:61:16:55:EB:D2,-99
BLE,1670730209968109104,42:82:F6:CB:7B:27,-98
BLE,1670730210038643590,C2:82:7D:65:F5:DA,-102
BLE,1670730210239433177,42:82:F6:CB:7B:27,-99
BLE,1670730211117712707,6E:61:16:55:EB:D2,-101
BLE,1670730211301534623,7A:42:DE:5D:AA:F8,-98
BLE,1670730211481827915,EB:E7:C8:FB:DB:12,-79
BLE,1670730211821349210,7A:42:DE:5D:AA:F8,-98
BLE,1670730212040665283,5D:30:BE:7C:85:23,-107
BLE,1670730212596949182,5D:30:BE:7C:85:23,-96
BLE,1670730212603783600,6E:61:16:55:EB:D2,-99
BLE,1670730212857649300,7A:42:DE:5D:AA:F8,-98
BLE,1670730213230727400,42:82:F6:CB:7B:27,-99
BLE,1670730213424559488,5D:30:BE:7C:85:23,-98
BLE,1670730213503187960,42:82:F6:CB:7B:27,-99
BLE,1670730213695686230,5D:30:BE:7C:85:23,-97
BLE,1670730213774358910,42:82:F6:CB:7B:27,-99
BLE,1670730213905592333,6E:61:16:55:EB:D2,-103
BLE,1670730214044367624,42:82:F6:CB:7B:27,-98
BLE,1670730214089411582,6E:61:16:55:EB:D2,-100
BLE,1670730214314509294,42:82:F6:CB:7B:27,-98
BLE,1670730214411079259,7A:42:DE:5D:AA:F8,-99
BLE,1670730214526876992,5D:30:BE:7C:85:23,-95
BLE,1670730215029414912,6E:61:16:55:EB:D2,-99
BLE,1670730215488126942,EB:E7:C8:FB:DB:12,-79
BLE,1670730215717731433,7A:42:DE:5D:AA:F8,-99
BLE,1670730215899472582,5D:30:BE:7C:85:23,-96
BLE,1670730215954697669,6E:61:16:55:EB:D2,-102
BLE,1670730216134874670,6E:61:16:55:EB:D2,-102
BLE,1670730216444404785,5D:30:BE:7C:85:23,-96
BLE,1670730216752574332,7A:42:DE:5D:AA:F8,-100
BLE,1670730217035597514,42:82:F6:CB:7B:27,-99
BLE,1670730217490621088,EB:E7:C8:FB:DB:12,-68
BLE,1670730217538363973,7A:42:DE:5D:AA:F8,-86
BLE,1670730217821609736,6E:61:16:55:EB:D2,-100
BLE,1670730218383313028,6E:61:16:55:EB:D2,-103
BLE,1670730218571404476,7A:42:DE:5D:AA:F8,-97
BLE,1670730218674382197,42:82:F6:CB:7B:27,-102
BLE,1670730218945629688,42:82:F6:CB:7B:27,-98
BLE,1670730219189416175,5D:30:BE:7C:85:23,-97
BLE,1670730219218161497,42:82:F6:CB:7B:27,-89
BLE,1670730219339681495,7A:42:DE:5D:AA:F8,-100
BLE,1670730219855943041,7A:42:DE:5D:AA:F8,-100
BLE,1670730220070838334,C2:82:7D:65:F5:DA,-102
BLE,1670730220251190500,6E:61:16:55:EB:D2,-102
BLE,1670730220369554120,7A:42:DE:5D:AA:F8,-99
BLE,1670730220892055883,7A:42:DE:5D:AA:F8,-99
BLE,1670730221495818295,EB:E7:C8:FB:DB:12,-65
BLE,1670730221577787768,6E:61:16:55:EB:D2,-90
BLE,1670730221659458370,5D:30:BE:7C:85:23,-82
BLE,1670730221934386775,5D:30:BE:7C:85:23,-86
BLE,1670730222076002157,C2:82:7D:65:F5:DA,-90
BLE,1670730222204376114,5D:30:BE:7C:85:23,-95
BLE,1670730222442380379,7A:42:DE:5D:AA:F8,-88
BLE,1670730222749528563,42:82:F6:CB:7B:27,-87
BLE,1670730223019482445,42:82:F6:CB:7B:27,-98
BLE,1670730223214668849,C8:B2:1E:C1:4C:16,-91
BLE,1670730223289457492,42:82:F6:CB:7B:27,-88
BLE,1670730223498284066,EB:E7:C8:FB:DB:12,-65
BLE,1670730223560677025,42:82:F6:CB:7B:27,-98
BLE,1670730223573187375,5D:30:BE:7C:85:23,-85
BLE,1670730223995679090,7A:42:DE:5D:AA:F8,-98
BLE,1670730224190849994,6E:61:16:55:EB:D2,-91
BLE,1670730224372042359,6E:61:16:55:EB:D2,-90
BLE,1670730224679648663,5D:30:BE:7C:85:23,-83
BLE,1670730224949485754,5D:30:BE:7C:85:23,-96
BLE,1670730224956209006,6E:61:16:55:EB:D2,-104
BLE,1670730225031495768,7A:42:DE:5D:AA:F8,-98
BLE,1670730225514059428,6E:61:16:55:EB:D2,-100
BLE,1670730225549577210,7A:42:DE:5D:AA:F8,-97
BLE,1670730225665313652,14:BB:6E:11:32:18,-96
BLE,1670730225696465111,6E:61:16:55:EB:D2,-99
BLE,1670730225778229504,5D:30:BE:7C:85:23,-94
BLE,1670730226049438537,5D:30:BE:7C:85:23,-96
BLE,1670730226065571801,7A:42:DE:5D:AA:F8,-98
BLE,1670730226282206406,42:82:F6:CB:7B:27,-90
BLE,1670730226552018539,42:82:F6:CB:7B:27,-97
BLE,1670730226801510916,6E:61:16:55:EB:D2,-98
BLE,1670730226830262404,7A:42:DE:5D:AA:F8,-100
BLE,1670730226882404111,5D:30:BE:7C:85:23,-95
BLE,1670730227348304596,7A:42:DE:5D:AA:F8,-100
BLE,1670730227866573910,7A:42:DE:5D:AA:F8,-99
BLE,1670730228101471838,C2:82:7D:65:F5:DA,-101
BLE,1670730228732106593,42:82:F6:CB:7B:27,-100
BLE,1670730228815660048,5D:30:BE:7C:85:23,-96
BLE,1670730228867035139,6E:61:16:55:EB:D2,-89
BLE,1670730228896865197,7A:42:DE:5D:AA:F8,-99
BLE,1670730229005773555,42:82:F6:CB:7B:27,-88
BLE,1670730229086938954,5D:30:BE:7C:85:23,-84
BLE,1670730229276058057,42:82:F6:CB:7B:27,-99
BLE,1670730229500802731,EB:E7:C8:FB:DB:12,-79
BLE,1670730230109155171,C2:82:7D:65:F5:DA,-89
BLE,1670730230179738407,7A:42:DE:5D:AA:F8,-88
BLE,1670730230464433027,5D:30:BE:7C:85:23,-103
BLE,1670730231021915537,5D:30:BE:7C:85:23,-95
BLE,1670730231503580583,EB:E7:C8:FB:DB:12,-80
BLE,1670730231994681890,42:82:F6:CB:7B:27,-99
BLE,1670730232043070892,6E:61:16:55:EB:D2,-102
BLE,1670730232111682901,C2:82:7D:65:F5:DA,-98
BLE,1670730232126758261,5D:30:BE:7C:85:23,-97
BLE,1670730232264623646,42:82:F6:CB:7B:27,-98
BLE,1670730232497909926,7A:42:DE:5D:AA:F8,-97
BLE,1670730232534583319,42:82:F6:CB:7B:27,-98
BLE,1670730232804587616,42:82:F6:CB:7B:27,-98
BLE,1670730233020347399,7A:42:DE:5D:AA:F8,-99
BLE,1670730233074572039,42:82:F6:CB:7B:27,-97
BLE,1670730233146944586,6E:61:16:55:EB:D2,-103
BLE,1670730233228322066,5D:30:BE:7C:85:23,-98
BLE,1670730233344592003,42:82:F6:CB:7B:27,-89
BLE,1670730233503402344,EB:E7:C8:FB:DB:12,-80
BLE,1670730233886095246,6E:61:16:55:EB:D2,-99
BLE,1670730233889625787,42:82:F6:CB:7B:27,-99
BLE,1670730234054138227,7A:42:DE:5D:AA:F8,-98
BLE,1670730234059406455,5D:30:BE:7C:85:23,-96
BLE,1670730234159690583,42:82:F6:CB:7B:27,-98
BLE,1670730234447306252,6E:61:16:55:EB:D2,-92
BLE,1670730234605684433,5D:30:BE:7C:85:23,-92
BLE,1670730234631240459,6E:61:16:55:EB:D2,-99
BLE,1670730235086123993,7A:42:DE:5D:AA:F8,-89
BLE,1670730235370422410,6E:61:16:55:EB:D2,-89
BLE,1670730235429410493,5D:30:BE:7C:85:23,-85
BLE,1670730235855365291,7A:42:DE:5D:AA:F8,-100
BLE,1670730236535909197,5D:30:BE:7C:85:23,-87
BLE,1670730236611094502,42:82:F6:CB:7B:27,-87
BLE,1670730236617556508,7A:42:DE:5D:AA:F8,-86
BLE,1670730237504110855,EB:E7:C8:FB:DB:12,-66
BLE,1670730237778510766,6E:61:16:55:EB:D2,-100
BLE,1670730237902265612,7A:42:DE:5D:AA:F8,-85
BLE,1670730237909187529,5D:30:BE:7C:85:23,-97
BLE,1670730238339848604,6E:61:16:55:EB:D2,-90
BLE,1670730238414272210,7A:42:DE:5D:AA:F8,-90
BLE,1670730238519715526,42:82:F6:CB:7B:27,-97
BLE,1670730238789732948,42:82:F6:CB:7B:27,-97
BLE,1670730238933420264,7A:42:DE:5D:AA:F8,-98
BLE,1670730239059692871,42:82:F6:CB:7B:27,-100
BLE,1670730239082342266,6E:61:16:55:EB:D2,-103
BLE,1670730239280558509,5D:30:BE:7C:85:23,-96
BLE,1670730239329693294,42:82:F6:CB:7B:27,-98
BLE,1670730239454188673,7A:42:DE:5D:AA:F8,-100
BLE,1670730239550639139,5D:30:BE:7C:85:23,-99
BLE,1670730239599697341,42:82:F6:CB:7B:27,-98
BLE,1670730239827525478,6E:61:16:55:EB:D2,-102
BLE,1670730239873451093,42:82:F6:CB:7B:27,-99
BLE,1670730240109439966,5D:30:BE:7C:85:23,-98
BLE,1670730240143501390,42:82:F6:CB:7B:27,-97
BLE,1670730240390787085,6E:61:16:55:EB:D2,-100
BLE,1670730240414995919,42:82:F6:CB:7B:27,-98
BLE,1670730240684840302,42:82:F6:CB:7B:27,-98
BLE,1670730241003351474,7A:42:DE:5D:AA:F8,-100
BLE,1670730241214367689,5D:30:BE:7C:85:23,-96
BLE,1670730241316692459,6E:61:16:55:EB:D2,-102
BLE,1670730241487133661,5D:30:BE:7C:85:23,-98
BLE,1670730241523405934,7A:42:DE:5D:AA:F8,-100
BLE,1670730242041873704,7A:42:DE:5D:AA:F8,-97
BLE,1670730242146971024,C2:82:7D:65:F5:DA,-102
BLE,1670730242588072432,5D:30:BE:7C:85:23,-97
BLE,1670730243129495510,5D:30:BE:7C:85:23,-97
BLE,1670730243510711554,EB:E7:C8:FB:DB:12,-81
BLE,1670730243961729718,5D:30:BE:7C:85:23,-98
BLE,1670730244752513591,42:82:F6:CB:7B:27,-99
BLE,1670730244842715632,6E:61:16:55:EB:D2,-102
BLE,1670730245022595137,42:82:F6:CB:7B:27,-98
BLE,1670730245293695630,42:82:F6:CB:7B:27,-100
BLE,1670730245329844279,5D:30:BE:7C:85:23,-96
BLE,1670730245392207779,7A:42:DE:5D:AA:F8,-97
BLE,1670730245510620440,EB:E7:C8:FB:DB:12,-81
BLE,1670730245564807539,42:82:F6:CB:7B:27,-98
BLE,1670730245599521080,5D:30:BE:7C:85:23,-95
BLE,1670730245874272570,5D:30:BE:7C:85:23,-96
BLE,1670730245907337798,7A:42:DE:5D:AA:F8,-99
BLE,1670730245949184337,6E:61:16:55:EB:D2,-98
BLE,1670730246152002066,C2:82:7D:65:F5:DA,-101
BLE,1670730246509509312,6E:61:16:55:EB:D2,-101
BLE,1670730247193294512,7A:42:DE:5D:AA:F8,-98
BLE,1670730247515832553,EB:E7:C8:FB:DB:12,-80
BLE,1670730247744905259,42:82:F6:CB:7B:27,-98
BLE,1670730247784306328,5D:30:BE:7C:85:23,-97
BLE,1670730248173631774,6E:61:16:55:EB:D2,-99
BLE,1670730248228483949,7A:42:DE:5D:AA:F8,-99
BLE,1670730248334201803,5D:30:BE:7C:85:23,-102
BLE,1670730248742358982,7A:42:DE:5D:AA:F8,-99
BLE,1670730248888017357,5D:30:BE:7C:85:23,-97
BLE,1670730249657850023,6E:61:16:55:EB:D2,-100
BLE,1670730249986952277,5D:30:BE:7C:85:23,-98
BLE,1670730250039049484,6E:61:16:55:EB:D2,-102
BLE,1670730250197618579,42:82:F6:CB:7B:27,-98
BLE,1670730250259290630,5D:30:BE:7C:85:23,-95
BLE,1670730250467408171,42:82:F6:CB:7B:27,-96
BLE,1670730250545954602,7A:42:DE:5D:AA:F8,-99
BLE,1670730250739940396,42:82:F6:CB:7B:27,-100
BLE,1670730250964422532,6E:61:16:55:EB:D2,-100
BLE,1670730251145782977,6E:61:16:55:EB:D2,-105
BLE,1670730251359215996,5D:30:BE:7C:85:23,-97
BLE,1670730251518384792,EB:E7:C8:FB:DB:12,-81
BLE,1670730251635975712,5D:30:BE:7C:85:23,-85
BLE,1670730251706342325,6E:61:16:55:EB:D2,-88
BLE,1670730252451178250,6E:61:16:55:EB:D2,-91
BLE,1670730252466589607,5D:30:BE:7C:85:23,-85
BLE,1670730252613935794,7A:42:DE:5D:AA:F8,-87
BLE,1670730252731588422,5D:30:BE:7C:85:23,-96
BLE,1670730253013508452,6E:61:16:55:EB:D2,-91
BLE,1670730253278148396,5D:30:BE:7C:85:23,-98
BLE,1670730253395992689,6E:61:16:55:EB:D2,-89
BLE,1670730253459930837,42:82:F6:CB:7B:27,-89
BLE,1670730253732506729,42:82:F6:CB:7B:27,-100
BLE,1670730253960021828,6E:61:16:55:EB:D2,-99
BLE,1670730254413246090,7A:42:DE:5D:AA:F8,-97
BLE,1670730255263750704,6E:61:16:55:EB:D2,-90
BLE,1670730255522266264,EB:E7:C8:FB:DB:12,-81
BLE,1670730255749117164,5D:30:BE:7C:85:23,-96
BLE,1670730255774484734,14:BB:6E:11:32:18,-105
BLE,1670730256007382685,6E:61:16:55:EB:D2,-103
BLE,1670730256183909981,C2:82:7D:65:F5:DA,-99
BLE,1670730256580473382,5D:30:BE:7C:85:23,-95
BLE,1670730256723808993,42:82:F6:CB:7B:27,-98
BLE,1670730256730178792,7A:42:DE:5D:AA:F8,-101
BLE,1670730256993894498,42:82:F6:CB:7B:27,-97
BLE,1670730257267648208,42:82:F6:CB:7B:27,-98
BLE,1670730257521837612,EB:E7:C8:FB:DB:12,-79
BLE,1670730257952088776,5D:30:BE:7C:85:23,-83
BLE,1670730258050798090,6E:61:16:55:EB:D2,-89
BLE,1670730258185655344,C2:82:7D:65:F5:DA,-89
BLE,1670730258232143494,6E:61:16:55:EB:D2,-99
BLE,1670730258413767937,6E:61:16:55:EB:D2,-90
BLE,1670730258500363979,5D:30:BE:7C:85:23,-93
BLE,1670730258535410683,7A:42:DE:5D:AA:F8,-100
BLE,1670730259176369107,42:82:F6:CB:7B:27,-87
BLE,1670730259446317446,42:82:F6:CB:7B:27,-99
BLE,1670730259524350967,EB:E7:C8:FB:DB:12,-84
BLE,1670730259534897465,6E:61:16:55:EB:D2,-91
BLE,1670730259564984270,7A:42:DE:5D:AA:F8,-87
BLE,1670730260082422636,7A:42:DE:5D:AA:F8,-97
BLE,1670730260190821542,C2:82:7D:65:F5:DA,-100
BLE,1670730260970534006,5D:30:BE:7C:85:23,-97
BLE,1670730261524638765,EB:E7:C8:FB:DB:12,-79
BLE,1670730262158218193,7A:42:DE:5D:AA:F8,-98
BLE,1670730262193435520,C2:82:7D:65:F5:DA,-99
BLE,1670730262366465024,5D:30:BE:7C:85:23,-96
BLE,1670730262437611711,42:82:F6:CB:7B:27,-103
BLE,1670730262485214847,6E:61:16:55:EB:D2,-101
BLE,1670730262707612675,42:82:F6:CB:7B:27,-100
BLE,1670730262908053141,5D:30:BE:7C:85:23,-96
BLE,1670730262977868678,42:82:F6:CB:7B:27,-98
BLE,1670730263045858694,6E:61:16:55:EB:D2,-101
BLE,1670730263439316299,7A:42:DE:5D:AA:F8,-98
BLE,1670730263521532936,42:82:F6:CB:7B:27,-99
BLE,1670730263529490341,EB:E7:C8:FB:DB:12,-79
BLE,1670730263738934783,5D:30:BE:7C:85:23,-95
BLE,1670730263791380694,42:82:F6:CB:7B:27,-98
BLE,1670730263955505264,7A:42:DE:5D:AA:F8,-98
BLE,1670730264351356840,6E:61:16:55:EB:D2,-100
BLE,1670730264568901268,5D:30:BE:7C:85:23,-96
BLE,1670730264841394035,5D:30:BE:7C:85:23,-97
BLE,1670730265508880931,7A:42:DE:5D:AA:F8,-100
BLE,1670730265655069550,6E:61:16:55:EB:D2,-104
BLE,1670730265837611273,6E:61:16:55:EB:D2,-98
BLE,1670730265943902704,5D:30:BE:7C:85:23,-97
BLE,1670730266270987441,7A:42:DE:5D:AA:F8,-98
BLE,1670730267040840148,7A:42:DE:5D:AA:F8,-83
BLE,1670730267144941022,6E:61:16:55:EB:D2,-91
BLE,1670730267300158449,5D:30:BE:7C:85:23,-93
BLE,1670730267533586852,EB:E7:C8:FB:DB:12,-79
BLE,1670730267854041502,5D:30:BE:7C:85:23,-98
BLE,1670730268062694120,6E:61:16:55:EB:D2,-89
BLE,1670730268245256801,6E:61:16:55:EB:D2,-90
BLE,1670730268340819319,7A:42:DE:5D:AA:F8,-87
BLE,1670730268402735117,42:82:F6:CB:7B:27,-88
BLE,1670730268672739039,42:82:F6:CB:7B:27,-98
BLE,1670730268806497974,6E:61:16:55:EB:D2,-101
BLE,1670730268859999247,7A:42:DE:5D:AA:F8,-97
BLE,1670730268942718212,42:82:F6:CB:7B:27,-101
BLE,1670730268960571206,5D:30:BE:7C:85:23,-97
BLE,1670730269230153966,5D:30:BE:7C:85:23,-96
BLE,1670730269368003060,6E:61:16:55:EB:D2,-102
BLE,1670730269533505155,EB:E7:C8:FB:DB:12,-79
BLE,1670730269932389862,6E:61:16:55:EB:D2,-99
BLE,1670730270060131618,5D:30:BE:7C:85:23,-97
BLE,1670730270166445341,7A:42:DE:5D:AA:F8,-102
BLE,1670730270314706559,6E:61:16:55:EB:D2,-91
BLE,1670730270891362422,5D:30:BE:7C:85:23,-96
BLE,1670730270933418333,7A:42:DE:5D:AA:F8,-88
BLE,1670730271258775840,6E:61:16:55:EB:D2,-92
BLE,1670730271445837259,7A:42:DE:5D:AA:F8,-87
BLE,1670730271933069405,42:82:F6:CB:7B:27,-88
BLE,1670730272266576522,5D:30:BE:7C:85:23,-84
BLE,1670730272387724108,6E:61:16:55:EB:D2,-87
BLE,1670730272482211223,7A:42:DE:5D:AA:F8,-87
BLE,1670730272560493741,5D:30:BE:7C:85:23,-86
BLE,1670730272747833948,42:82:F6:CB:7B:27,-100
BLE,1670730272765185489,6E:61:16:55:EB:D2,-90
BLE,1670730272826430420,5D:30:BE:7C:85:23,-96
BLE,1670730273001500775,7A:42:DE:5D:AA:F8,-86
BLE,1670730273103943419,5D:30:BE:7C:85:23,-95
BLE,1670730273133423398,6E:61:16:55:EB:D2,-92
BLE,1670730273534485454,EB:E7:C8:FB:DB:12,-80
BLE,1670730273658929667,5D:30:BE:7C:85:23,-97
BLE,1670730274035098355,7A:42:DE:5D:AA:F8,-101
BLE,1670730274253207276,6E:61:16:55:EB:D2,-100
BLE,1670730275032835199,5D:30:BE:7C:85:23,-94
BLE,1670730275469211248,42:82:F6:CB:7B:27,-99
BLE,1670730275535870280,EB:E7:C8:FB:DB:12,-80
BLE,1670730275740421114,42:82:F6:CB:7B:27,-103
BLE,1670730276104004370,7A:42:DE:5D:AA:F8,-97
BLE,1670730276320950721,6E:61:16:55:EB:D2,-99
BLE,1670730277537438271,EB:E7:C8:FB:DB:12,-79
BLE,1670730277988913512,6E:61:16:55:EB:D2,-102
BLE,1670730278046586694,5D:30:BE:7C:85:23,-95
BLE,1670730278174907777,7A:42:DE:5D:AA:F8,-87
BLE,1670730278223124365,C2:82:7D:65:F5:DA,-95
BLE,1670730278320088450,5D:30:BE:7C:85:23,-86
BLE,1670730278731859585,42:82:F6:CB:7B:27,-99
BLE,1670730278910343940,6E:61:16:55:EB:D2,-90
BLE,1670730278942894299,7A:42:DE:5D:AA:F8,-98
BLE,1670730279420156606,5D:30:BE:7C:85:23,-84
BLE,1670730279539718836,EB:E7:C8:FB:DB:12,-66
BLE,1670730279650285424,6E:61:16:55:EB:D2,-91
BLE,1670730279692544750,5D:30:BE:7C:85:23,-84
BLE,1670730279831583746,6E:61:16:55:EB:D2,-91
BLE,1670730279962561338,5D:30:BE:7C:85:23,-96
BLE,1670730280393289621,6E:61:16:55:EB:D2,-101
BLE,1670730281088011440,14:BB:6E:11:32:18,-102
BLE,1670730281139757818,6E:61:16:55:EB:D2,-101
BLE,1670730281451861526,42:82:F6:CB:7B:27,-100
BLE,1670730281541071288,EB:E7:C8:FB:DB:12,-66
BLE,1670730281722987060,42:82:F6:CB:7B:27,-88
BLE,1670730281892651771,5D:30:BE:7C:85:23,-84
BLE,1670730282025074264,7A:42:DE:5D:AA:F8,-87
BLE,1670730282165176163,5D:30:BE:7C:85:23,-83
BLE,1670730282435141086,5D:30:BE:7C:85:23,-96
BLE,1670730282624991930,6E:61:16:55:EB:D2,-89
BLE,1670730283182907101,6E:61:16:55:EB:D2,-102
BLE,1670730283326757747,7A:42:DE:5D:AA:F8,-98
BLE,1670730283367717297,6E:61:16:55:EB:D2,-91
BLE,1670730284109264761,6E:61:16:55:EB:D2,-88
BLE,1670730284612956834,7A:42:DE:5D:AA:F8,-99
BLE,1670730284912541859,5D:30:BE:7C:85:23,-96
BLE,1670730285132658881,7A:42:DE:5D:AA:F8,-91
BLE,1670730285255550113,42:82:F6:CB:7B:27,-88
BLE,1670730285528254752,42:82:F6:CB:7B:27,-100
BLE,1670730285544784721,EB:E7:C8:FB:DB:12,-80
BLE,1670730285798182259,42:82:F6:CB:7B:27,-97
BLE,1670730286018914232,5D:30:BE:7C:85:23,-101
BLE,1670730286068086641,42:82:F6:CB:7B:27,-97
BLE,1670730286161665016,7A:42:DE:5D:AA:F8,-99
BLE,1670730287117478198,5D:30:BE:7C:85:23,-96
BLE,1670730287462389470,6E:61:16:55:EB:D2,-101
BLE,1670730287545406431,EB:E7:C8:FB:DB:12,-80
BLE,1670730288481880387,7A:42:DE:5D:AA:F8,-89
BLE,1670730288584224448,6E:61:16:55:EB:D2,-100
BLE,1670730288767603995,6E:61:16:55:EB:D2,-90
BLE,1670730289000775443,7A:42:DE:5D:AA:F8,-85
BLE,1670730289325750121,42:82:F6:CB:7B:27,-102
BLE,1670730289515776380,7A:42:DE:5D:AA:F8,-88
BLE,1670730289547943785,EB:E7:C8:FB:DB:12,-82
BLE,1670730289598165765,42:82:F6:CB:7B:27,-88
BLE,1670730289709234555,6E:61:16:55:EB:D2,-101
BLE,1670730289884297035,5D:30:BE:7C:85:23,-86
BLE,1670730290257339053,C2:82:7D:65:F5:DA,-89
BLE,1670730290454189812,6E:61:16:55:EB:D2,-101
BLE,1670730290983889114,5D:30:BE:7C:85:23,-96
BLE,1670730291016789344,6E:61:16:55:EB:D2,-100
BLE,1670730291256255175,5D:30:BE:7C:85:23,-96
BLE,1670730292317301633,6E:61:16:55:EB:D2,-103
BLE,1670730292359983329,5D:30:BE:7C:85:23,-98
BLE,1670730292858287133,42:82:F6:CB:7B:27,-97
BLE,1670730292887521031,7A:42:DE:5D:AA:F8,-97
BLE,1670730293128199389,42:82:F6:CB:7B:27,-98
BLE,1670730293141228525,7A:42:DE:5D:AA:F8,-96
BLE,1670730293188720246,5D:30:BE:7C:85:23,-97
BLE,1670730293399418214,42:82:F6:CB:7B:27,-98
BLE,1670730293444908292,6E:61:16:55:EB:D2,-103
BLE,1670730293462370416,5D:30:BE:7C:85:23,-95
BLE,1670730293553042659,EB:E7:C8:FB:DB:12,-81
BLE,1670730293655937465,7A:42:DE:5D:AA:F8,-98
BLE,1670730293669396386,42:82:F6:CB:7B:27,-100
BLE,1670730293942046860,42:82:F6:CB:7B:27,-100
BLE,1670730294211958409,42:82:F6:CB:7B:27,-100
BLE,1670730294560250390,5D:30:BE:7C:85:23,-96
BLE,1670730294691871350,7A:42:DE:5D:AA:F8,-100
BLE,1670730294834886423,5D:30:BE:7C:85:23,-96
BLE,1670730294965485104,14:BB:6E:11:32:18,-104
BLE,1670730295553168501,EB:E7:C8:FB:DB:12,-80
BLE,1670730295580801002,42:82:F6:CB:7B:27,-99
BLE,1670730295724209654,7A:42:DE:5D:AA:F8,-98
BLE,1670730296206226904,5D:30:BE:7C:85:23,-96
BLE,1670730296241460564,7A:42:DE:5D:AA:F8,-100
BLE,1670730296256743922,6E:61:16:55:EB:D2,-101
BLE,1670730296477456520,5D:30:BE:7C:85:23,-85
BLE,1670730296523646006,14:BB:6E:11:32:18,-89
BLE,1670730297291566362,5D:30:BE:7C:85:23,-92
BLE,1670730297528828053,7A:42:DE:5D:AA:F8,-87
BLE,1670730297553136803,EB:E7:C8:FB:DB:12,-81
BLE,1670730297559555975,6E:61:16:55:EB:D2,-91
BLE,1670730297743387183,6E:61:16:55:EB:D2,-91
BLE,1670730297926133904,6E:61:16:55:EB:D2,-102
BLE,1670730298034568309,42:82:F6:CB:7B:27,-91
BLE,1670730298302637838,6E:61:16:55:EB:D2,-89
BLE,1670730298305768175,42:82:F6:CB:7B:27,-90
BLE,1670730298845906935,42:82:F6:CB:7B:27,-97
BLE,1670730299118675908,42:82:F6:CB:7B:27,-97
BLE,1670730299555763156,EB:E7:C8:FB:DB:12,-80
BLE,1670730299761245145,5D:30:BE:7C:85:23,-97
BLE,1670730299862566594,7A:42:DE:5D:AA:F8,-97
BLE,1670730300321460038,5D:30:BE:7C:85:23,-95
BLE,1670730300592632196,5D:30:BE:7C:85:23,-84
BLE,1670730301147510737,7A:42:DE:5D:AA:F8,-98
BLE,1670730301558373384,EB:E7:C8:FB:DB:12,-67
BLE,1670730301834628647,42:82:F6:CB:7B:27,-98
BLE,1670730301935322812,7A:42:DE:5D:AA:F8,-87
BLE,1670730301962133990,5D:30:BE:7C:85:23,-85
BLE,1670730302108252443,42:82:F6:CB:7B:27,-86
BLE,1670730302380796210,42:82:F6:CB:7B:27,-89
BLE,1670730302452893927,7A:42:DE:5D:AA:F8,-87
BLE,1670730303065865561,5D:30:BE:7C:85:23,-96
BLE,1670730303123363704,6E:61:16:55:EB:D2,-100
BLE,1670730303486141386,7A:42:DE:5D:AA:F8,-100
BLE,1670730303559940624,EB:E7:C8:FB:DB:12,-81
BLE,1670730303683695471,6E:61:16:55:EB:D2,-99
BLE,1670730303775013540,6E:61:16:55:EB:D2,-99
BLE,1670730304003730875,7A:42:DE:5D:AA:F8,-86
BLE,1670730304334247654,6E:61:16:55:EB:D2,-102
BLE,1670730304515399477,6E:61:16:55:EB:D2,-101
BLE,1670730305002284126,5D:30:BE:7C:85:23,-96
BLE,1670730305099713914,42:82:F6:CB:7B:27,-98
BLE,1670730305371103445,42:82:F6:CB:7B:27,-97
BLE,1670730305555128650,7A:42:DE:5D:AA:F8,-99
BLE,1670730305562203065,EB:E7:C8:FB:DB:12,-80
BLE,1670730305641327573,42:82:F6:CB:7B:27,-98
BLE,1670730305829049900,6E:61:16:55:EB:D2,-103
BLE,1670730305910952875,42:82:F6:CB:7B:27,-99
BLE,1670730306075786352,7A:42:DE:5D:AA:F8,-98
BLE,1670730306107240391,5D:30:BE:7C:85:23,-97
BLE,1670730306180941089,42:82:F6:CB:7B:27,-98
BLE,1670730306452220954,42:82:F6:CB:7B:27,-97
BLE,1670730306665966427,5D:30:BE:7C:85:23,-85
BLE,1670730306722204710,42:82:F6:CB:7B:27,-97
BLE,1670730306992222840,42:82:F6:CB:7B:27,-99
BLE,1670730307357220579,7A:42:DE:5D:AA:F8,-98
BLE,1670730307561895120,EB:E7:C8:FB:DB:12,-79
BLE,1670730307803236220,D7:5C:30:E3:D5:C3,-98
BLE,1670730308312423852,5D:30:BE:7C:85:23,-96
BLE,1670730308431527004,6E:61:16:55:EB:D2,-100
BLE,1670730308638486392,7A:42:DE:5D:AA:F8,-98
BLE,1670730309143460866,5D:30:BE:7C:85:23,-96
BLE,1670730309173518630,42:82:F6:CB:7B:27,-96
BLE,1670730309416004591,5D:30:BE:7C:85:23,-97
BLE,1670730309565662543,EB:E7:C8:FB:DB:12,-79
BLE,1670730309925341387,7A:42:DE:5D:AA:F8,-100
BLE,1670730310243667729,5D:30:BE:7C:85:23,-95
BLE,1670730310442388633,7A:42:DE:5D:AA:F8,-100
BLE,1670730310517327482,5D:30:BE:7C:85:23,-96
BLE,1670730310958100519,7A:42:DE:5D:AA:F8,-98
BLE,1670730311077131672,5D:30:BE:7C:85:23,-97
BLE,1670730311398264980,6E:61:16:55:EB:D2,-99
BLE,1670730311622368287,42:82:F6:CB:7B:27,-100
BLE,1670730311892323377,42:82:F6:CB:7B:27,-88
BLE,1670730311913381291,5D:30:BE:7C:85:23,-85
BLE,1670730312162315508,42:82:F6:CB:7B:27,-97
BLE,1670730312260622202,7A:42:DE:5D:AA:F8,-86
BLE,1670730312433824662,42:82:F6:CB:7B:27,-87
BLE,1670730312513110959,7A:42:DE:5D:AA:F8,-98
BLE,1670730312706123557,42:82:F6:CB:7B:27,-87
BLE,1670730312707320417,6E:61:16:55:EB:D2,-90
BLE,1670730312744529679,5D:30:BE:7C:85:23,-96
BLE,1670730313087715555,6E:61:16:55:EB:D2,-89
BLE,1670730313569551598,EB:E7:C8:FB:DB:12,-65
BLE,1670730313827744954,6E:61:16:55:EB:D2,-88
BLE,1670730314064078448,7A:42:DE:5D:AA:F8,-97
BLE,1670730314954674371,6E:61:16:55:EB:D2,-101
BLE,1670730315095713385,7A:42:DE:5D:AA:F8,-98
BLE,1670730315221031254,5D:30:BE:7C:85:23,-97
BLE,1670730315518508846,6E:61:16:55:EB:D2,-100
BLE,1670730315569583524,EB:E7:C8:FB:DB:12,-79
BLE,1670730315614160447,7A:42:DE:5D:AA:F8,-100
BLE,1670730316235098652,42:82:F6:CB:7B:27,-99
BLE,1670730316343363185,5D:30:BE:7C:85:23,-96
BLE,1670730316383071874,7A:42:DE:5D:AA:F8,-97
BLE,1670730316822782257,6E:61:16:55:EB:D2,-100
BLE,1670730316881218430,5D:30:BE:7C:85:23,-96
BLE,1670730317156030920,5D:30:BE:7C:85:23,-95
BLE,1670730317413632908,7A:42:DE:5D:AA:F8,-100
BLE,1670730317565520791,6E:61:16:55:EB:D2,-100
BLE,1670730317574632223,EB:E7:C8:FB:DB:12,-79
BLE,1670730317983328396,5D:30:BE:7C:85:23,-85
BLE,1670730318203367751,7A:42:DE:5D:AA:F8,-89
BLE,1670730318256208158,5D:30:BE:7C:85:23,-84
BLE,1670730318528325138,5D:30:BE:7C:85:23,-97
BLE,1670730318988209696,7A:42:DE:5D:AA:F8,-99
BLE,1670730319048198058,6E:61:16:55:EB:D2,-99
BLE,1670730319578745183,EB:E7:C8:FB:DB:12,-80
BLE,1670730319610835298,6E:61:16:55:EB:D2,-89
BLE,1670730319797878050,6E:61:16:55:EB:D2,-104
BLE,1670730320037464463,42:82:F6:CB:7B:27,-99
BLE,1670730320170885776,5D:30:BE:7C:85:23,-97
BLE,1670730320312479200,42:82:F6:CB:7B:27,-97
BLE,1670730320353502457,6E:61:16:55:EB:D2,-100
BLE,1670730320544620827,7A:42:DE:5D:AA:F8,-98
BLE,1670730321000831762,5D:30:BE:7C:85:23,-96
BLE,1670730321057872118,7A:42:DE:5D:AA:F8,-100
BLE,1670730321095239836,6E:61:16:55:EB:D2,-103
BLE,1670730321275806625,5D:30:BE:7C:85:23,-105
BLE,1670730321310765496,7A:42:DE:5D:AA:F8,-104
BLE,1670730321578668110,EB:E7:C8:FB:DB:12,-79
BLE,1670730321662731184,6E:61:16:55:EB:D2,-100
BLE,1670730321954602760,45:8E:8B:BA:39:29,-99
BLE,1670730322220220943,42:82:F6:CB:7B:27,-98
BLE,1670730322225356923,6E:61:16:55:EB:D2,-103
BLE,1670730322343492379,7A:42:DE:5D:AA:F8,-97
BLE,1670730322374635921,5D:30:BE:7C:85:23,-96
BLE,1670730322493734282,42:82:F6:CB:7B:27,-98
BLE,1670730322766290965,42:82:F6:CB:7B:27,-98
BLE,1670730323350813691,6E:61:16:55:EB:D2,-98
BLE,1670730323477129340,5D:30:BE:7C:85:23,-97
BLE,1670730323578533372,EB:E7:C8:FB:DB:12,-79
BLE,1670730323647325295,7A:42:DE:5D:AA:F8,-100
BLE,1670730323747632715,5D:30:BE:7C:85:23,-96
BLE,1670730324092239949,6E:61:16:55:EB:D2,-102
BLE,1670730324414388578,7A:42:DE:5D:AA:F8,-103
BLE,1670730324849677931,5D:30:BE:7C:85:23,-98
BLE,1670730324932011566,7A:42:DE:5D:AA:F8,-99
BLE,1670730325255067060,14:BB:6E:11:32:18,-102
BLE,1670730326234502374,7A:42:DE:5D:AA:F8,-101
BLE,1670730326491176873,5D:30:BE:7C:85:23,-85
BLE,1670730326566353970,42:82:F6:CB:7B:27,-89
BLE,1670730326754200588,7A:42:DE:5D:AA:F8,-88
BLE,1670730326836332476,42:82:F6:CB:7B:27,-86
BLE,1670730327061738517,6E:61:16:55:EB:D2,-90
BLE,1670730327106315773,42:82:F6:CB:7B:27,-98
BLE,1670730327269761434,7A:42:DE:5D:AA:F8,-102
BLE,1670730327322301303,5D:30:BE:7C:85:23,-86
BLE,1670730327582456052,EB:E7:C8:FB:DB:12,-79
BLE,1670730327787579670,7A:42:DE:5D:AA:F8,-90
BLE,1670730327800644888,6E:61:16:55:EB:D2,-100
BLE,1670730327871636077,D7:5C:30:E3:D5:C3,-101
BLE,1670730328156175658,5D:30:BE:7C:85:23,-85
BLE,1670730328354112029,6E:61:16:55:EB:D2,-103
BLE,1670730328433307745,5D:30:BE:7C:85:23,-101
BLE,1670730328903652968,6E:61:16:55:EB:D2,-100
BLE,1670730329000689594,C8:B2:1E:C1:4C:16,-102
BLE,1670730329244596121,5D:30:BE:7C:85:23,-102
BLE,1670730329339700145,7A:42:DE:5D:AA:F8,-99
BLE,1670730329582196731,EB:E7:C8:FB:DB:12,-80
BLE,1670730329591048833,7A:42:DE:5D:AA:F8,-99
BLE,1670730330340888990,5D:30:BE:7C:85:23,-98
BLE,1670730330602376431,6E:61:16:55:EB:D2,-102
BLE,1670730330891750412,7A:42:DE:5D:AA:F8,-100
BLE,1670730330908926372,42:82:F6:CB:7B:27,-101
BLE,1670730330976340187,6E:61:16:55:EB:D2,-101
BLE,1670730331173361403,5D:30:BE:7C:85:23,-96
BLE,1670730331180169780,42:82:F6:CB:7B:27,-98
BLE,1670730331409743063,7A:42:DE:5D:AA:F8,-99
BLE,1670730331450185035,42:82:F6:CB:7B:27,-86
BLE,1670730331536356917,6E:61:16:55:EB:D2,-98
BLE,1670730331584675003,EB:E7:C8:FB:DB:12,-79
BLE,1670730331720155625,42:82:F6:CB:7B:27,-100
BLE,1670730331875455967,D7:5C:30:E3:D5:C3,-100
BLE,1670730331926099233,7A:42:DE:5D:AA:F8,-97
BLE,1670730332275742449,5D:30:BE:7C:85:23,-98
BLE,1670730332281688544,6E:61:16:55:EB:D2,-101
BLE,1670730333408323631,6E:61:16:55:EB:D2,-102
BLE,1670730333482375575,7A:42:DE:5D:AA:F8,-99
BLE,1670730333584774261,EB:E7:C8:FB:DB:12,-79
BLE,1670730333628947939,42:82:F6:CB:7B:27,-98
BLE,1670730333644562751,5D:30:BE:7C:85:23,-97
BLE,1670730333756772194,CD:4E:AE:D5:AE:42,-82
BLE,1670730333901448622,42:82:F6:CB:7B:27,-98
BLE,1670730333923321235,5D:30:BE:7C:85:23,-101
BLE,1670730333997352720,7A:42:DE:5D:AA:F8,-99
BLE,1670730335038551501,5D:30:BE:7C:85:23,-95
BLE,1670730335300897932,7A:42:DE:5D:AA:F8,-100
BLE,1670730335308492882,5D:30:BE:7C:85:23,-96
BLE,1670730335758264394,CD:4E:AE:D5:AE:42,-81
BLE,1670730336584898295,7A:42:DE:5D:AA:F8,-100
BLE,1670730336624166864,42:82:F6:CB:7B:27,-98
BLE,1670730336895322148,42:82:F6:CB:7B:27,-98
BLE,1670730336936370696,6E:61:16:55:EB:D2,-102
BLE,1670730337103447147,7A:42:DE:5D:AA:F8,-99
BLE,1670730337165618692,42:82:F6:CB:7B:27,-97
BLE,1670730337243358841,5D:30:BE:7C:85:23,-95
BLE,1670730337515831025,5D:30:BE:7C:85:23,-96
BLE,1670730337760915622,CD:4E:AE:D5:AE:42,-81
BLE,1670730338243092911,6E:61:16:55:EB:D2,-100
BLE,1670730338348310230,5D:30:BE:7C:85:23,-97
BLE,1670730338387324512,7A:42:DE:5D:AA:F8,-98
BLE,1670730339074272757,42:82:F6:CB:7B:27,-97
BLE,1670730339345445874,42:82:F6:CB:7B:27,-99
BLE,1670730339616908237,42:82:F6:CB:7B:27,-99
BLE,1670730339887989313,42:82:F6:CB:7B:27,-98
BLE,1670730339928470660,6E:61:16:55:EB:D2,-101
BLE,1670730339937828589,7A:42:DE:5D:AA:F8,-97
BLE,1670730339997002128,5D:30:BE:7C:85:23,-104
BLE,1670730340456510606,7A:42:DE:5D:AA:F8,-96
BLE,1670730340551990418,5D:30:BE:7C:85:23,-97
BLE,1670730341425663503,6E:61:16:55:EB:D2,-104
BLE,1670730341654789041,5D:30:BE:7C:85:23,-84
BLE,1670730341737609338,7A:42:DE:5D:AA:F8,-89
BLE,1670730341761722798,CD:4E:AE:D5:AE:42,-68
BLE,1670730341925651370,5D:30:BE:7C:85:23,-96
BLE,1670730342179011659,6E:61:16:55:EB:D2,-89
BLE,1670730342923018552,6E:61:16:55:EB:D2,-103
BLE,1670730343688108984,42:82:F6:CB:7B:27,-100
BLE,1670730343765496512,CD:4E:AE:D5:AE:42,-78
BLE,1670730343959581555,42:82:F6:CB:7B:27,-88
BLE,1670730344075752534,7A:42:DE:5D:AA:F8,-88
BLE,1670730344669616565,5D:30:BE:7C:85:23,-87
BLE,1670730344864635180,7A:42:DE:5D:AA:F8,-98
BLE,1670730345374624635,6E:61:16:55:EB:D2,-90
BLE,1670730345385192467,7A:42:DE:5D:AA:F8,-88
BLE,1670730345898532757,7A:42:DE:5D:AA:F8,-89
BLE,1670730346040664965,5D:30:BE:7C:85:23,-85
BLE,1670730346417648685,7A:42:DE:5D:AA:F8,-87
BLE,1670730347041147318,6E:61:16:55:EB:D2,-91
BLE,1670730347148463237,5D:30:BE:7C:85:23,-86
BLE,1670730347422385237,6E:61:16:55:EB:D2,-91
BLE,1670730347605067334,6E:61:16:55:EB:D2,-88
BLE,1670730347773505310,CD:4E:AE:D5:AE:42,-67
BLE,1670730347786249574,6E:61:16:55:EB:D2,-92
BLE,1670730347968715298,7A:42:DE:5D:AA:F8,-88
BLE,1670730348031862164,42:82:F6:CB:7B:27,-98
BLE,1670730348301862295,42:82:F6:CB:7B:27,-87
BLE,1670730348519623845,5D:30:BE:7C:85:23,-85
BLE,1670730348886436562,6E:61:16:55:EB:D2,-91
BLE,1670730349079540575,5D:30:BE:7C:85:23,-95
BLE,1670730349830749382,6E:61:16:55:EB:D2,-102
BLE,1670730350180735468,5D:30:BE:7C:85:23,-96
BLE,1670730350454426929,5D:30:BE:7C:85:23,-97
BLE,1670730350958599080,6E:61:16:55:EB:D2,-104
BLE,1670730351013181799,5D:30:BE:7C:85:23,-96
BLE,1670730351283704590,5D:30:BE:7C:85:23,-98
BLE,1670730351555673780,5D:30:BE:7C:85:23,-97
BLE,1670730351780030042,CD:4E:AE:D5:AE:42,-80
BLE,1670730351829414199,5D:30:BE:7C:85:23,-95
BLE,1670730351881173869,6E:61:16:55:EB:D2,-99
BLE,1670730352273459322,14:BB:6E:11:32:18,-102
BLE,1670730352375655510,42:82:F6:CB:7B:27,-99
BLE,1670730352618735006,6E:61:16:55:EB:D2,-101
BLE,1670730352656684884,5D:30:BE:7C:85:23,-96
BLE,1670730353124330639,7A:42:DE:5D:AA:F8,-97
BLE,1670730353365299535,6E:61:16:55:EB:D2,-101
BLE,1670730353479237041,5D:30:BE:7C:85:23,-103
BLE,1670730353639009455,7A:42:DE:5D:AA:F8,-97
BLE,1670730353759173761,5D:30:BE:7C:85:23,-96
BLE,1670730354029184600,5D:30:BE:7C:85:23,-101
BLE,1670730354305415822,6E:61:16:55:EB:D2,-101
BLE,1670730354406956811,7A:42:DE:5D:AA:F8,-99
BLE,1670730354487956129,6E:61:16:55:EB:D2,-105
BLE,1670730354860407528,5D:30:BE:7C:85:23,-96
BLE,1670730355093310980,42:82:F6:CB:7B:27,-97
BLE,1670730355130792946,5D:30:BE:7C:85:23,-97
BLE,1670730355363445442,42:82:F6:CB:7B:27,-100
BLE,1670730355406794671,5D:30:BE:7C:85:23,-95
BLE,1670730355421723575,7A:42:DE:5D:AA:F8,-99
BLE,1670730355596731639,6E:61:16:55:EB:D2,-103
BLE,1670730355635907918,42:82:F6:CB:7B:27,-98
BLE,1670730355783701684,CD:4E:AE:D5:AE:42,-82
BLE,1670730355970965476,6E:61:16:55:EB:D2,-100
BLE,1670730356205898153,7A:42:DE:5D:AA:F8,-97
BLE,1670730356236672658,5D:30:BE:7C:85:23,-97
BLE,1670730356505462303,5D:30:BE:7C:85:23,-96
BLE,1670730356717451172,6E:61:16:55:EB:D2,-91
BLE,1670730356778286816,5D:30:BE:7C:85:23,-85
BLE,1670730357276233541,6E:61:16:55:EB:D2,-101
BLE,1670730357457639862,6E:61:16:55:EB:D2,-90
BLE,1670730357786315204,CD:4E:AE:D5:AE:42,-81
BLE,1670730357877924686,5D:30:BE:7C:85:23,-85
BLE,1670730358150543494,5D:30:BE:7C:85:23,-96
BLE,1670730358421736194,5D:30:BE:7C:85:23,-85
BLE,1670730358628317670,42:82:F6:CB:7B:27,-100
BLE,1670730358771391867,7A:42:DE:5D:AA:F8,-99
BLE,1670730358899584785,42:82:F6:CB:7B:27,-98
BLE,1670730359169584541,42:82:F6:CB:7B:27,-98
BLE,1670730359388479202,14:BB:6E:11:32:18,-110
BLE,1670730359790266458,CD:4E:AE:D5:AE:42,-81
BLE,1670730360076370270,6E:61:16:55:EB:D2,-103
BLE,1670730360831033285,6E:61:16:55:EB:D2,-89
BLE,1670730360892905500,5D:30:BE:7C:85:23,-85
BLE,1670730361108729782,7A:42:DE:5D:AA:F8,-88
BLE,1670730361117753965,14:BB:6E:11:32:18,-91
BLE,1670730361165298102,5D:30:BE:7C:85:23,-94
BLE,1670730361337719030,C8:B2:1E:C1:4C:16,-92
BLE,1670730361348337194,42:82:F6:CB:7B:27,-87
BLE,1670730361393571234,6E:61:16:55:EB:D2,-90
BLE,1670730361577370525,6E:61:16:55:EB:D2,-91
BLE,1670730361620843586,42:82:F6:CB:7B:27,-89
BLE,1670730361628443287,7A:42:DE:5D:AA:F8,-89
BLE,1670730361891218588,42:82:F6:CB:7B:27,-87
BLE,1670730361956316805,6E:61:16:55:EB:D2,-92
BLE,1670730362162235873,42:82:F6:CB:7B:27,-89
BLE,1670730362663951927,7A:42:DE:5D:AA:F8,-88
BLE,1670730362882687882,6E:61:16:55:EB:D2,-89
BLE,1670730363446392859,6E:61:16:55:EB:D2,-101
BLE,1670730363790933927,CD:4E:AE:D5:AE:42,-79
BLE,1670730363929035059,5D:30:BE:7C:85:23,-97
BLE,1670730364072142840,42:82:F6:CB:7B:27,-99
BLE,1670730364342373593,42:82:F6:CB:7B:27,-99
BLE,1670730364479088867,5D:30:BE:7C:85:23,-104
BLE,1670730364612215517,42:82:F6:CB:7B:27,-98
BLE,1670730364772120345,6E:61:16:55:EB:D2,-102
BLE,1670730364883548298,42:82:F6:CB:7B:27,-98
BLE,1670730365031543478,5D:30:BE:7C:85:23,-96
BLE,1670730365153519554,42:82:F6:CB:7B:27,-97
BLE,1670730365248915075,7A:42:DE:5D:AA:F8,-97
BLE,1670730365302762678,5D:30:BE:7C:85:23,-96
BLE,1670730365330991838,6E:61:16:55:EB:D2,-101
BLE,1670730365423434603,42:82:F6:CB:7B:27,-103
BLE,1670730365513612311,6E:61:16:55:EB:D2,-100
BLE,1670730365572739517,5D:30:BE:7C:85:23,-96
BLE,1670730365793475656,CD:4E:AE:D5:AE:42,-79
BLE,1670730365847139011,5D:30:BE:7C:85:23,-97
BLE,1670730366135247591,5D:30:BE:7C:85:23,-86
BLE,1670730366535986651,7A:42:DE:5D:AA:F8,-101
BLE,1670730367215339738,5D:30:BE:7C:85:23,-85
BLE,1670730367742797900,6E:61:16:55:EB:D2,-91
BLE,1670730367987592416,D7:5C:30:E3:D5:C3,-90
BLE,1670730368087749380,7A:42:DE:5D:AA:F8,-97
BLE,1670730368320221545,5D:30:BE:7C:85:23,-96
BLE,1670730368686215272,42:82:F6:CB:7B:27,-99
BLE,1670730369123656974,7A:42:DE:5D:AA:F8,-99
BLE,1670730369226227783,42:82:F6:CB:7B:27,-98
BLE,1670730369498480345,42:82:F6:CB:7B:27,-100
BLE,1670730369610821370,6E:61:16:55:EB:D2,-101
BLE,1670730369798667030,CD:4E:AE:D5:AE:42,-79
BLE,1670730370521666759,5D:30:BE:7C:85:23,-96
BLE,1670730370791515599,5D:30:BE:7C:85:23,-95
BLE,1670730371614380253,5D:30:BE:7C:85:23,-88
BLE,1670730371804000600,CD:4E:AE:D5:AE:42,-67
BLE,1670730371893138779,5D:30:BE:7C:85:23,-85
BLE,1670730372195264857,4B:7D:1B:D2:2F:BE,-91
BLE,1670730372778612639,4B:7D:1B:D2:2F:BE,-91
BLE,1670730373027303776,42:82:F6:CB:7B:27,-88
BLE,1670730373144018956,4B:7D:1B:D2:2F:BE,-102
BLE,1670730373261614085,7A:42:DE:5D:AA:F8,-87
BLE,1670730373297267365,42:82:F6:CB:7B:27,-88
BLE,1670730373568589230,42:82:F6:CB:7B:27,-88
BLE,1670730373807788189,CD:4E:AE:D5:AE:42,-82
BLE,1670730373838551736,42:82:F6:CB:7B:27,-87
BLE,1670730373881394138,4B:7D:1B:D2:2F:BE,-100
BLE,1670730374028075500,7A:42:DE:5D:AA:F8,-97
BLE,1670730374065157555,4B:7D:1B:D2:2F:BE,-93
BLE,1670730374099082939,5D:30:BE:7C:85:23,-83
BLE,1670730374371635872,5D:30:BE:7C:85:23,-85
BLE,1670730374541420999,7A:42:DE:5D:AA:F8,-86
BLE,1670730374629068820,4B:7D:1B:D2:2F:BE,-91
BLE,1670730374649068039,5D:30:BE:7C:85:23,-104
BLE,1670730375188006271,4B:7D:1B:D2:2F:BE,-103
BLE,1670730375204072161,5D:30:BE:7C:85:23,-98
BLE,1670730375810571623,CD:4E:AE:D5:AE:42,-82
BLE,1670730376034219269,5D:30:BE:7C:85:23,-98
BLE,1670730376098376999,7A:42:DE:5D:AA:F8,-88
BLE,1670730376558766300,42:82:F6:CB:7B:27,-100
BLE,1670730376832375845,42:82:F6:CB:7B:27,-98
BLE,1670730377102364226,42:82:F6:CB:7B:27,-97
BLE,1670730377372345482,42:82:F6:CB:7B:27,-98
BLE,1670730377407781848,5D:30:BE:7C:85:23,-96
BLE,1670730377418492928,4B:7D:1B:D2:2F:BE,-100
BLE,1670730377643936885,42:82:F6:CB:7B:27,-98
BLE,1670730377649540485,7A:42:DE:5D:AA:F8,-99
BLE,1670730377680584903,5D:30:BE:7C:85:23,-98
BLE,1670730377812936980,CD:4E:AE:D5:AE:42,-81
BLE,1670730378413321224,7A:42:DE:5D:AA:F8,-99
BLE,1670730379346553302,5D:30:BE:7C:85:23,-85
BLE,1670730379461583211,4B:7D:1B:D2:2F:BE,-90
BLE,1670730379634121013,5D:30:BE:7C:85:23,-85
BLE,1670730379644004977,4B:7D:1B:D2:2F:BE,-93
BLE,1670730380363922410,42:82:F6:CB:7B:27,-98
BLE,1670730380385408944,4B:7D:1B:D2:2F:BE,-101
BLE,1670730380446522126,5D:30:BE:7C:85:23,-96
BLE,1670730380567906709,4B:7D:1B:D2:2F:BE,-103
BLE,1670730380716509882,5D:30:BE:7C:85:23,-97
BLE,1670730380988953108,5D:30:BE:7C:85:23,-95
BLE,1670730381258969989,5D:30:BE:7C:85:23,-99
BLE,1670730381812809417,CD:4E:AE:D5:AE:42,-79
BLE,1670730382086532586,5D:30:BE:7C:85:23,-95
BLE,1670730382252146013,4B:7D:1B:D2:2F:BE,-102
BLE,1670730382357799535,5D:30:BE:7C:85:23,-99
BLE,1670730382544930286,42:82:F6:CB:7B:27,-89
BLE,1670730382818725038,42:82:F6:CB:7B:27,-96
BLE,1670730383461570147,5D:30:BE:7C:85:23,-96
BLE,1670730383732792680,5D:30:BE:7C:85:23,-96
BLE,1670730383812859259,CD:4E:AE:D5:AE:42,-79
BLE,1670730383943609855,4B:7D:1B:D2:2F:BE,-102
BLE,1670730384003896547,5D:30:BE:7C:85:23,-96
BLE,1670730384502817344,4B:7D:1B:D2:2F:BE,-102
BLE,1670730384519295312,14:BB:6E:11:32:18,-106
BLE,1670730384832807878,5D:30:BE:7C:85:23,-96
BLE,1670730384998743843,42:82:F6:CB:7B:27,-99
BLE,1670730385097914276,7A:42:DE:5D:AA:F8,-97
BLE,1670730385271243193,42:82:F6:CB:7B:27,-101
BLE,1670730385811567201,4B:7D:1B:D2:2F:BE,-103
BLE,1670730385816661265,CD:4E:AE:D5:AE:42,-80
BLE,1670730386377163571,7A:42:DE:5D:AA:F8,-102
BLE,1670730386477733363,5D:30:BE:7C:85:23,-96
BLE,1670730387308005928,5D:30:BE:7C:85:23,-95
BLE,1670730387577780853,5D:30:BE:7C:85:23,-95
BLE,1670730387819325659,CD:4E:AE:D5:AE:42,-79
BLE,1670730387850537701,5D:30:BE:7C:85:23,-96
BLE,1670730387992489245,42:82:F6:CB:7B:27,-100
BLE,1670730388245358540,4B:7D:1B:D2:2F:BE,-103
BLE,1670730388262522167,42:82:F6:CB:7B:27,-98
BLE,1670730388532529297,42:82:F6:CB:7B:27,-98
BLE,1670730388802527261,42:82:F6:CB:7B:27,-98
BLE,1670730389174882412,14:BB:6E:11:32:18,-102
BLE,1670730389460787643,7A:42:DE:5D:AA:F8,-98
BLE,1670730389563494076,4B:7D:1B:D2:2F:BE,-100
BLE,1670730389823037249,CD:4E:AE:D5:AE:42,-79
BLE,1670730389979205331,7A:42:DE:5D:AA:F8,-99
BLE,1670730390051384963,5D:30:BE:7C:85:23,-96
BLE,1670730390325214048,5D:30:BE:7C:85:23,-97
BLE,1670730390441242195,42:82:F6:CB:7B:27,-98
BLE,1670730390713740129,42:82:F6:CB:7B:27,-97
BLE,1670730391695394501,5D:30:BE:7C:85:23,-96
BLE,1670730391825777976,CD:4E:AE:D5:AE:42,-79
BLE,1670730391966406077,5D:30:BE:7C:85:23,-97
BLE,1670730392566707364,7A:42:DE:5D:AA:F8,-99
BLE,1670730393071281260,5D:30:BE:7C:85:23,-95
BLE,1670730393087077403,7A:42:DE:5D:AA:F8,-98
BLE,1670730393809453723,14:BB:6E:11:32:18,-91
BLE,1670730393829337359,CD:4E:AE:D5:AE:42,-79
BLE,1670730393850161900,7A:42:DE:5D:AA:F8,-98
BLE,1670730394367768097,7A:42:DE:5D:AA:F8,-101
BLE,1670730394438849368,5D:30:BE:7C:85:23,-98
BLE,1670730394516293354,42:82:F6:CB:7B:27,-101
BLE,1670730394786309985,42:82:F6:CB:7B:27,-97
BLE,1670730395057554267,42:82:F6:CB:7B:27,-98
BLE,1670730395542658563,5D:30:BE:7C:85:23,-97
BLE,1670730395597656402,42:82:F6:CB:7B:27,-101
BLE,1670730395815288746,5D:30:BE:7C:85:23,-97
BLE,1670730395829256411,CD:4E:AE:D5:AE:42,-79
BLE,1670730395943230375,7A:42:DE:5D:AA:F8,-98
BLE,1670730396459703544,7A:42:DE:5D:AA:F8,-100
BLE,1670730397493071877,7A:42:DE:5D:AA:F8,-99
BLE,1670730397833147457,CD:4E:AE:D5:AE:42,-79
BLE,1670730397913869446,45:8E:8B:BA:39:29,-100
BLE,1670730398015300477,7A:42:DE:5D:AA:F8,-89
BLE,1670730398295151447,5D:30:BE:7C:85:23,-104
BLE,1670730398318874329,42:82:F6:CB:7B:27,-87
BLE,1670730398591442262,42:82:F6:CB:7B:27,-98
BLE,1670730398704326656,4B:7D:1B:D2:2F:BE,-104
BLE,1670730398861304811,42:82:F6:CB:7B:27,-97
BLE,1670730399392590761,5D:30:BE:7C:85:23,-95
BLE,1670730399812721962,7A:42:DE:5D:AA:F8,-98
BLE,1670730399835605896,CD:4E:AE:D5:AE:42,-79
BLE,1670730400495166595,5D:30:BE:7C:85:23,-97
BLE,1670730400849297757,7A:42:DE:5D:AA:F8,-99
BLE,1670730400900615765,14:BB:6E:11:32:18,-102
BLE,1670730401837048180,CD:4E:AE:D5:AE:42,-65
BLE,1670730402118955917,42:82:F6:CB:7B:27,-88
BLE,1670730402337720622,D7:5C:30:E3:D5:C3,-96
BLE,1670730402390602820,42:82:F6:CB:7B:27,-99
BLE,1670730402435707944,4B:7D:1B:D2:2F:BE,-93
BLE,1670730402660244705,42:82:F6:CB:7B:27,-102
BLE,1670730402804613637,4B:7D:1B:D2:2F:BE,-91
BLE,1670730402933922458,42:82:F6:CB:7B:27,-90
BLE,1670730403189018601,7A:42:DE:5D:AA:F8,-100
BLE,1670730403529869505,5D:30:BE:7C:85:23,-85
BLE,1670730403559337859,4B:7D:1B:D2:2F:BE,-90
BLE,1670730403751262595,4B:7D:1B:D2:2F:BE,-92
BLE,1670730403801083038,5D:30:BE:7C:85:23,-96
BLE,1670730403838221467,CD:4E:AE:D5:AE:42,-65
BLE,1670730403949827084,7A:42:DE:5D:AA:F8,-98
BLE,1670730404505722279,4B:7D:1B:D2:2F:BE,-91
BLE,1670730404902518720,5D:30:BE:7C:85:23,-98
BLE,1670730404929286315,14:BB:6E:11:32:18,-106
BLE,1670730405070941821,4B:7D:1B:D2:2F:BE,-104
BLE,1670730405235355762,7A:42:DE:5D:AA:F8,-98
BLE,1670730405651636927,42:82:F6:CB:7B:27,-98
BLE,1670730405738578132,5D:30:BE:7C:85:23,-96
BLE,1670730405925282972,42:82:F6:CB:7B:27,-102
BLE,1670730406299194312,5D:30:BE:7C:85:23,-98
BLE,1670730406568533284,5D:30:BE:7C:85:23,-96
BLE,1670730406840984510,5D:30:BE:7C:85:23,-97
BLE,1670730408069715038,7A:42:DE:5D:AA:F8,-88
BLE,1670730408105307068,42:82:F6:CB:7B:27,-97
BLE,1670730408213485018,5D:30:BE:7C:85:23,-86
BLE,1670730408375288866,42:82:F6:CB:7B:27,-86
BLE,1670730408645310329,42:82:F6:CB:7B:27,-87
BLE,1670730408916569153,42:82:F6:CB:7B:27,-86
BLE,1670730409842311071,CD:4E:AE:D5:AE:42,-79
BLE,1670730409856001823,5D:30:BE:7C:85:23,-98
BLE,1670730410100398762,4B:7D:1B:D2:2F:BE,-103
BLE,1670730410359767312,D7:5C:30:E3:D5:C3,-106
BLE,1670730410404740646,5D:30:BE:7C:85:23,-94
BLE,1670730410861943069,4B:7D:1B:D2:2F:BE,-108
BLE,1670730411517397985,5D:30:BE:7C:85:23,-98
BLE,1670730411617836903,4B:7D:1B:D2:2F:BE,-100
BLE,1670730411636492721,42:82:F6:CB:7B:27,-97
BLE,1670730411787203660,5D:30:BE:7C:85:23,-95
BLE,1670730411843284569,CD:4E:AE:D5:AE:42,-80
BLE,1670730411907862085,42:82:F6:CB:7B:27,-98
BLE,1670730412178070713,42:82:F6:CB:7B:27,-97
BLE,1670730412179376031,4B:7D:1B:D2:2F:BE,-102
BLE,1670730412450344608,42:82:F6:CB:7B:27,-87
BLE,1670730412621541676,5D:30:BE:7C:85:23,-95
BLE,1670730413700525544,5D:30:BE:7C:85:23,-96
BLE,1670730413843401702,CD:4E:AE:D5:AE:42,-80
BLE,1670730413970940920,5D:30:BE:7C:85:23,-95
BLE,1670730414044775657,4B:7D:1B:D2:2F:BE,-103
BLE,1670730414243952472,5D:30:BE:7C:85:23,-96
BLE,1670730414514718802,5D:30:BE:7C:85:23,-95
BLE,1670730414526763241,7A:42:DE:5D:AA:F8,-99
BLE,1670730415042907831,7A:42:DE:5D:AA:F8,-99
BLE,1670730415170417215,42:82:F6:CB:7B:27,-101
BLE,1670730415442891816,42:82:F6:CB:7B:27,-97
BLE,1670730415560423654,7A:42:DE:5D:AA:F8,-97
BLE,1670730415845864057,CD:4E:AE:D5:AE:42,-80
BLE,1670730415913723742,4B:7D:1B:D2:2F:BE,-103
BLE,1670730416078729759,7A:42:DE:5D:AA:F8,-98
BLE,1670730416430988151,5D:30:BE:7C:85:23,-103
BLE,1670730416596946866,7A:42:DE:5D:AA:F8,-86
BLE,1670730417115534509,7A:42:DE:5D:AA:F8,-87
BLE,1670730417254769044,5D:30:BE:7C:85:23,-84
BLE,1670730417529690033,5D:30:BE:7C:85:23,-96
BLE,1670730417847093302,CD:4E:AE:D5:AE:42,-66
BLE,1670730418357343254,5D:30:BE:7C:85:23,-95
BLE,1670730418628630369,5D:30:BE:7C:85:23,-98
BLE,1670730418701718324,42:82:F6:CB:7B:27,-96
BLE,1670730418920906524,5D:30:BE:7C:85:23,-97
BLE,1670730418976593813,42:82:F6:CB:7B:27,-96
BLE,1670730419463390214,5D:30:BE:7C:85:23,-95
BLE,1670730420347373008,4B:7D:1B:D2:2F:BE,-103
BLE,1670730420528627372,4B:7D:1B:D2:2F:BE,-103
BLE,1670730420564654273,5D:30:BE:7C:85:23,-95
BLE,1670730420982471919,7A:42:DE:5D:AA:F8,-97
BLE,1670730421268528231,4B:7D:1B:D2:2F:BE,-100
BLE,1670730421396062907,5D:30:BE:7C:85:23,-97
BLE,1670730421425463346,42:82:F6:CB:7B:27,-101
BLE,1670730421504469980,7A:42:DE:5D:AA:F8,-99
BLE,1670730421695477101,42:82:F6:CB:7B:27,-100
BLE,1670730421965495107,42:82:F6:CB:7B:27,-100
BLE,1670730422011279182,4B:7D:1B:D2:2F:BE,-100
BLE,1670730422239157985,42:82:F6:CB:7B:27,-101
BLE,1670730422500992880,5D:30:BE:7C:85:23,-98
BLE,1670730422686414069,45:8E:8B:BA:39:29,-99
BLE,1670730423056112710,7A:42:DE:5D:AA:F8,-100
BLE,1670730423627436470,14:BB:6E:11:32:18,-107
BLE,1670730424092173927,7A:42:DE:5D:AA:F8,-100
BLE,1670730424144800378,5D:30:BE:7C:85:23,-96
BLE,1670730424146820354,42:82:F6:CB:7B:27,-99
BLE,1670730424414711552,5D:30:BE:7C:85:23,-99
BLE,1670730424454506282,4B:7D:1B:D2:2F:BE,-101
BLE,1670730424608063020,7A:42:DE:5D:AA:F8,-99
BLE,1670730424962047058,42:82:F6:CB:7B:27,-98
BLE,1670730425126110587,7A:42:DE:5D:AA:F8,-101
BLE,1670730425231795859,42:82:F6:CB:7B:27,-97
BLE,1670730425783663436,5D:30:BE:7C:85:23,-96
BLE,1670730425854243129,CD:4E:AE:D5:AE:42,-81
BLE,1670730425941662287,4B:7D:1B:D2:2F:BE,-101
BLE,1670730426870591833,42:82:F6:CB:7B:27,-99
BLE,1670730426884708830,5D:30:BE:7C:85:23,-85
BLE,1670730426949311846,7A:42:DE:5D:AA:F8,-101
BLE,1670730427414514006,42:82:F6:CB:7B:27,-99
BLE,1670730427713052252,7A:42:DE:5D:AA:F8,-99
BLE,1670730427856786817,CD:4E:AE:D5:AE:42,-82
BLE,1670730428536992852,4B:7D:1B:D2:2F:BE,-100
BLE,1670730428745857717,7A:42:DE:5D:AA:F8,-97
BLE,1670730429593327909,42:82:F6:CB:7B:27,-98
BLE,1670730429842311458,4B:7D:1B:D2:2F:BE,-103
BLE,1670730429859411670,CD:4E:AE:D5:AE:42,-82
BLE,1670730429863119792,42:82:F6:CB:7B:27,-98
BLE,1670730430024835057,4B:7D:1B:D2:2F:BE,-101
BLE,1670730430032800961,7A:42:DE:5D:AA:F8,-98
BLE,1670730430134557572,42:82:F6:CB:7B:27,-98
BLE,1670730430734826609,5D:30:BE:7C:85:23,-95
BLE,1670730431062070177,7A:42:DE:5D:AA:F8,-101
BLE,1670730431690261878,4B:7D:1B:D2:2F:BE,-92
BLE,1670730431834881807,5D:30:BE:7C:85:23,-86
BLE,1670730431861821317,CD:4E:AE:D5:AE:42,-81
BLE,1670730432427190190,D7:5C:30:E3:D5:C3,-89
BLE,1670730432855714583,42:82:F6:CB:7B:27,-99
BLE,1670730433128246100,42:82:F6:CB:7B:27,-90
BLE,1670730433351791247,4B:7D:1B:D2:2F:BE,-93
BLE,1670730433398180481,42:82:F6:CB:7B:27,-88
BLE,1670730433482132014,5D:30:BE:7C:85:23,-85
BLE,1670730433668190111,42:82:F6:CB:7B:27,-88
BLE,1670730433727342901,4B:7D:1B:D2:2F:BE,-92
BLE,1670730433864813082,CD:4E:AE:D5:AE:42,-66
BLE,1670730434105754145,4B:7D:1B:D2:2F:BE,-94
BLE,1670730434310968138,5D:30:BE:7C:85:23,-86
BLE,1670730434686994119,7A:42:DE:5D:AA:F8,-86
BLE,1670730435143467343,5D:30:BE:7C:85:23,-95
BLE,1670730435453516451,7A:42:DE:5D:AA:F8,-99
BLE,1670730435864681010,CD:4E:AE:D5:AE:42,-81
BLE,1670730435974666605,5D:30:BE:7C:85:23,-96
BLE,1670730436196689229,C8:B2:1E:C1:4C:16,-102
BLE,1670730436247156539,5D:30:BE:7C:85:23,-96
BLE,1670730436347393585,4B:7D:1B:D2:2F:BE,-100
BLE,1670730436435750856,D7:5C:30:E3:D5:C3,-102
BLE,1670730436529870142,4B:7D:1B:D2:2F:BE,-105
BLE,1670730436756998205,7A:42:DE:5D:AA:F8,-99
BLE,1670730436905194507,4B:7D:1B:D2:2F:BE,-102
BLE,1670730437077185565,5D:30:BE:7C:85:23,-95
BLE,1670730437197028667,42:82:F6:CB:7B:27,-99
BLE,1670730437273727079,7A:42:DE:5D:AA:F8,-98
BLE,1670730437348377848,5D:30:BE:7C:85:23,-95
BLE,1670730437470745086,42:82:F6:CB:7B:27,-99
BLE,1670730437868481182,CD:4E:AE:D5:AE:42,-82
BLE,1670730438040677363,7A:42:DE:5D:AA:F8,-88
BLE,1670730439075230682,7A:42:DE:5D:AA:F8,-99
BLE,1670730439143894482,4B:7D:1B:D2:2F:BE,-90
BLE,1670730439869818384,CD:4E:AE:D5:AE:42,-66
BLE,1670730439884426208,4B:7D:1B:D2:2F:BE,-90
BLE,1670730440438680299,4B:7D:1B:D2:2F:BE,-103
BLE,1670730440441026937,D7:5C:30:E3:D5:C3,-99
BLE,1670730440632510344,5D:30:BE:7C:85:23,-97
BLE,1670730440732250396,42:82:F6:CB:7B:27,-100
BLE,1670730440903363757,5D:30:BE:7C:85:23,-97
BLE,1670730441002141986,42:82:F6:CB:7B:27,-97
BLE,1670730441273579141,42:82:F6:CB:7B:27,-100
BLE,1670730441543390316,42:82:F6:CB:7B:27,-100
BLE,1670730441782590858,14:BB:6E:11:32:18,-104
BLE,1670730441813321072,42:82:F6:CB:7B:27,-98
BLE,1670730441873549307,CD:4E:AE:D5:AE:42,-80
BLE,1670730442547589833,5D:30:BE:7C:85:23,-95
BLE,1670730443647678156,5D:30:BE:7C:85:23,-95
BLE,1670730443873863480,CD:4E:AE:D5:AE:42,-80
BLE,1670730443919527681,5D:30:BE:7C:85:23,-97
BLE,1670730444002497142,7A:42:DE:5D:AA:F8,-100
BLE,1670730444152022679,4B:7D:1B:D2:2F:BE,-102
BLE,1670730444752028761,5D:30:BE:7C:85:23,-98
BLE,1670730445022575676,5D:30:BE:7C:85:23,-97
BLE,1670730445255104591,4B:7D:1B:D2:2F:BE,-104
BLE,1670730445312019407,5D:30:BE:7C:85:23,-96
BLE,1670730445343339281,42:82:F6:CB:7B:27,-97
BLE,1670730445614711728,42:82:F6:CB:7B:27,-99
BLE,1670730445817577082,4B:7D:1B:D2:2F:BE,-100
BLE,1670730445887069580,42:82:F6:CB:7B:27,-97
BLE,1670730446742718466,4B:7D:1B:D2:2F:BE,-92
BLE,1670730446838387399,7A:42:DE:5D:AA:F8,-89
BLE,1670730446955796447,5D:30:BE:7C:85:23,-86
BLE,1670730447661770714,4B:7D:1B:D2:2F:BE,-89
BLE,1670730447874641031,CD:4E:AE:D5:AE:42,-65
BLE,1670730448329696146,5D:30:BE:7C:85:23,-85
BLE,1670730448335969946,42:82:F6:CB:7B:27,-88
BLE,1670730448606028867,42:82:F6:CB:7B:27,-98
BLE,1670730448876007915,42:82:F6:CB:7B:27,-99
BLE,1670730449148527224,42:82:F6:CB:7B:27,-98
BLE,1670730449419619633,42:82:F6:CB:7B:27,-87
BLE,1670730449689790137,42:82:F6:CB:7B:27,-99
BLE,1670730449700744005,5D:30:BE:7C:85:23,-95
BLE,1670730449877132219,CD:4E:AE:D5:AE:42,-79
BLE,1670730449944709199,7A:42:DE:5D:AA:F8,-97
BLE,1670730449972018704,5D:30:BE:7C:85:23,-96
BLE,1670730450652858939,4B:7D:1B:D2:2F:BE,-101
BLE,1670730450804563700,5D:30:BE:7C:85:23,-96
BLE,1670730451077001218,5D:30:BE:7C:85:23,-96
BLE,1670730451347215013,5D:30:BE:7C:85:23,-96
BLE,1670730451398793768,4B:7D:1B:D2:2F:BE,-101
BLE,1670730451597316341,42:82:F6:CB:7B:27,-99
BLE,1670730451742178058,7A:42:DE:5D:AA:F8,-98
BLE,1670730451883018616,CD:4E:AE:D5:AE:42,-81
BLE,1670730452181077368,5D:30:BE:7C:85:23,-98
BLE,1670730452902906361,4B:7D:1B:D2:2F:BE,-103
BLE,1670730453283347331,5D:30:BE:7C:85:23,-96
BLE,1670730453882199385,CD:4E:AE:D5:AE:42,-79
BLE,1670730454059350798,7A:42:DE:5D:AA:F8,-100
BLE,1670730454826734453,7A:42:DE:5D:AA:F8,-98
BLE,1670730454921093194,5D:30:BE:7C:85:23,-97
BLE,1670730454949702392,4B:7D:1B:D2:2F:BE,-102
BLE,1670730455129899101,42:82:F6:CB:7B:27,-97
BLE,1670730455132245698,4B:7D:1B:D2:2F:BE,-99
BLE,1670730455194411660,5D:30:BE:7C:85:23,-96
BLE,1670730455399920940,42:82:F6:CB:7B:27,-97
BLE,1670730455671140014,42:82:F6:CB:7B:27,-98
BLE,1670730455882412809,CD:4E:AE:D5:AE:42,-79
BLE,1670730455943651157,42:82:F6:CB:7B:27,-100
BLE,1670730456291861556,5D:30:BE:7C:85:23,-98
BLE,1670730457145540173,7A:42:DE:5D:AA:F8,-102
BLE,1670730457396869278,5D:30:BE:7C:85:23,-97
BLE,1670730457661834927,7A:42:DE:5D:AA:F8,-87
BLE,1670730457670611864,5D:30:BE:7C:85:23,-85
BLE,1670730457852448929,42:82:F6:CB:7B:27,-99
BLE,1670730457887260844,CD:4E:AE:D5:AE:42,-66
BLE,1670730458107433156,4B:7D:1B:D2:2F:BE,-90
BLE,1670730458124912155,42:82:F6:CB:7B:27,-88
BLE,1670730458292294310,4B:7D:1B:D2:2F:BE,-91
BLE,1670730458396161020,42:82:F6:CB:7B:27,-97
BLE,1670730458693148577,7A:42:DE:5D:AA:F8,-98
BLE,1670730458846901479,4B:7D:1B:D2:2F:BE,-106
BLE,1670730459331918276,5D:30:BE:7C:85:23,-84
BLE,1670730459729831495,7A:42:DE:5D:AA:F8,-100
BLE,1670730460335592091,4B:7D:1B:D2:2F:BE,-102
BLE,1670730460434343655,5D:30:BE:7C:85:23,-97
BLE,1670730461115210973,42:82:F6:CB:7B:27,-100
BLE,1670730461385090939,42:82:F6:CB:7B:27,-100
BLE,1670730461456537580,4B:7D:1B:D2:2F:BE,-103
BLE,1670730461655080986,42:82:F6:CB:7B:27,-87
BLE,1670730461891343939,CD:4E:AE:D5:AE:42,-65
BLE,1670730461925005993,42:82:F6:CB:7B:27,-89
BLE,1670730462092247483,C8:B2:1E:C1:4C:16,-89
BLE,1670730462195000582,42:82:F6:CB:7B:27,-89
BLE,1670730462465011671,42:82:F6:CB:7B:27,-90
BLE,1670730462735042384,42:82:F6:CB:7B:27,-98
BLE,1670730462941588777,4B:7D:1B:D2:2F:BE,-102
BLE,1670730463005006849,42:82:F6:CB:7B:27,-88
BLE,1670730463275333350,42:82:F6:CB:7B:27,-88
BLE,1670730463621643897,7A:42:DE:5D:AA:F8,-99
BLE,1670730463688926589,4B:7D:1B:D2:2F:BE,-103
BLE,1670730463817591335,42:82:F6:CB:7B:27,-88
BLE,1670730463895037154,CD:4E:AE:D5:AE:42,-65
BLE,1670730463987919996,5D:30:BE:7C:85:23,-97
BLE,1670730464259112488,5D:30:BE:7C:85:23,-86
BLE,1670730464429429483,4B:7D:1B:D2:2F:BE,-91
BLE,1670730464529160368,5D:30:BE:7C:85:23,-96
BLE,1670730465362118734,5D:30:BE:7C:85:23,-96
BLE,1670730465635630406,5D:30:BE:7C:85:23,-96
BLE,1670730465900380224,CD:4E:AE:D5:AE:42,-66
BLE,1670730466494320587,4B:7D:1B:D2:2F:BE,-101
BLE,1670730466519869322,D7:5C:30:E3:D5:C3,-91
BLE,1670730467274150675,5D:30:BE:7C:85:23,-98
BLE,1670730467547908719,5D:30:BE:7C:85:23,-97
BLE,1670730467798708122,4B:7D:1B:D2:2F:BE,-93
BLE,1670730467902820913,CD:4E:AE:D5:AE:42,-81
BLE,1670730468109175183,5D:30:BE:7C:85:23,-84
BLE,1670730468299946516,7A:42:DE:5D:AA:F8,-87
BLE,1670730468522426384,D7:5C:30:E3:D5:C3,-92
BLE,1670730468647856835,5D:30:BE:7C:85:23,-98
BLE,1670730468821772662,7A:42:DE:5D:AA:F8,-99
BLE,1670730468919106909,5D:30:BE:7C:85:23,-85
BLE,1670730469340443305,7A:42:DE:5D:AA:F8,-102
BLE,1670730469653204339,4B:7D:1B:D2:2F:BE,-92
BLE,1670730469800162573,42:82:F6:CB:7B:27,-89
BLE,1670730469906947248,CD:4E:AE:D5:AE:42,-81
BLE,1670730470072825380,42:82:F6:CB:7B:27,-99
BLE,1670730470287954420,5D:30:BE:7C:85:23,-99
BLE,1670730470344997901,42:82:F6:CB:7B:27,-99
BLE,1670730470370421387,7A:42:DE:5D:AA:F8,-99
BLE,1670730470522674808,D7:5C:30:E3:D5:C3,-101
BLE,1670730470557828677,5D:30:BE:7C:85:23,-100
BLE,1670730470828370426,5D:30:BE:7C:85:23,-95
BLE,1670730471132849851,4B:7D:1B:D2:2F:BE,-102
BLE,1670730471376606547,5D:30:BE:7C:85:23,-103
BLE,1670730471875473969,4B:7D:1B:D2:2F:BE,-99
BLE,1670730471910442965,CD:4E:AE:D5:AE:42,-80
BLE,1670730471930727763,5D:30:BE:7C:85:23,-96
BLE,1670730473023250094,5D:30:BE:7C:85:23,-103
BLE,1670730473574322097,5D:30:BE:7C:85:23,-97
BLE,1670730473603994116,42:82:F6:CB:7B:27,-100
BLE,1670730473875329980,42:82:F6:CB:7B:27,-87
BLE,1670730473908287751,4B:7D:1B:D2:2F:BE,-92
BLE,1670730473910485724,CD:4E:AE:D5:AE:42,-66
BLE,1670730473992712861,7A:42:DE:5D:AA:F8,-87
BLE,1670730474147537709,42:82:F6:CB:7B:27,-88
BLE,1670730474417836170,42:82:F6:CB:7B:27,-99
BLE,1670730474830764333,4B:7D:1B:D2:2F:BE,-93
BLE,1670730474949237284,5D:30:BE:7C:85:23,-84
BLE,1670730475029569486,7A:42:DE:5D:AA:F8,-87
BLE,1670730475388211635,4B:7D:1B:D2:2F:BE,-90
BLE,1670730475779242978,5D:30:BE:7C:85:23,-97
BLE,1670730475913066203,CD:4E:AE:D5:AE:42,-81
BLE,1670730475946609008,4B:7D:1B:D2:2F:BE,-102
BLE,1670730476049212609,5D:30:BE:7C:85:23,-97
BLE,1670730476322886695,5D:30:BE:7C:85:23,-97
BLE,1670730476596596073,42:82:F6:CB:7B:27,-88
BLE,1670730476659007990,14:BB:6E:11:32:18,-93
BLE,1670730476870285118,42:82:F6:CB:7B:27,-89
BLE,1670730477100311479,7A:42:DE:5D:AA:F8,-98
BLE,1670730477420765753,5D:30:BE:7C:85:23,-87
BLE,1670730477620617227,7A:42:DE:5D:AA:F8,-98
BLE,1670730477915636640,CD:4E:AE:D5:AE:42,-67
BLE,1670730478176069677,4B:7D:1B:D2:2F:BE,-88
BLE,1670730478780347416,42:82:F6:CB:7B:27,-98
BLE,1670730479063126560,5D:30:BE:7C:85:23,-97
BLE,1670730479332974443,5D:30:BE:7C:85:23,-85
BLE,1670730479603081239,5D:30:BE:7C:85:23,-86
BLE,1670730480151638105,42:82:F6:CB:7B:27,-97
BLE,1670730480425320442,42:82:F6:CB:7B:27,-87
BLE,1670730480436648472,5D:30:BE:7C:85:23,-86
BLE,1670730480555460128,D7:5C:30:E3:D5:C3,-90
BLE,1670730480584649277,4B:7D:1B:D2:2F:BE,-89
BLE,1670730480707879797,5D:30:BE:7C:85:23,-86
BLE,1670730480977887802,5D:30:BE:7C:85:23,-86
BLE,1670730480992805248,7A:42:DE:5D:AA:F8,-99
BLE,1670730481147919259,4B:7D:1B:D2:2F:BE,-102
BLE,1670730481508422011,7A:42:DE:5D:AA:F8,-100
BLE,1670730481628005615,14:BB:6E:11:32:18,-102
BLE,1670730481811841531,5D:30:BE:7C:85:23,-97
BLE,1670730481916796437,CD:4E:AE:D5:AE:42,-79
BLE,1670730481946727494,14:BB:6E:11:32:18,-102
BLE,1670730482543878943,7A:42:DE:5D:AA:F8,-99
BLE,1670730482560560868,D7:5C:30:E3:D5:C3,-101
BLE,1670730482602843235,42:82:F6:CB:7B:27,-97
BLE,1670730482874146392,42:82:F6:CB:7B:27,-99
BLE,1670730483144179105,42:82:F6:CB:7B:27,-98
BLE,1670730483184171083,5D:30:BE:7C:85:23,-97
BLE,1670730483758438474,4B:7D:1B:D2:2F:BE,-103
BLE,1670730483920766232,CD:4E:AE:D5:AE:42,-79
BLE,1670730484288008986,5D:30:BE:7C:85:23,-98
BLE,1670730484343268280,7A:42:DE:5D:AA:F8,-98
BLE,1670730484672644781,4B:7D:1B:D2:2F:BE,-100
BLE,1670730484847904592,5D:30:BE:7C:85:23,-85
BLE,1670730485111931794,7A:42:DE:5D:AA:F8,-99
BLE,1670730485428615697,4B:7D:1B:D2:2F:BE,-104
BLE,1670730485682980057,5D:30:BE:7C:85:23,-96
BLE,1670730485866735308,42:82:F6:CB:7B:27,-100
BLE,1670730485921728397,CD:4E:AE:D5:AE:42,-79
BLE,1670730486184324575,4B:7D:1B:D2:2F:BE,-102
BLE,1670730486662034459,7A:42:DE:5D:AA:F8,-99
BLE,1670730487323242514,5D:30:BE:7C:85:23,-95
BLE,1670730487488143658,4B:7D:1B:D2:2F:BE,-99
BLE,1670730487856964601,4B:7D:1B:D2:2F:BE,-101
BLE,1670730487865465166,5D:30:BE:7C:85:23,-95
BLE,1670730487924569872,CD:4E:AE:D5:AE:42,-79
BLE,1670730488460732180,7A:42:DE:5D:AA:F8,-97
BLE,1670730488768828644,4B:7D:1B:D2:2F:BE,-100
BLE,1670730488962852229,5D:30:BE:7C:85:23,-96
BLE,1670730488983287026,7A:42:DE:5D:AA:F8,-98
BLE,1670730489398100041,42:82:F6:CB:7B:27,-101
BLE,1670730489496951270,7A:42:DE:5D:AA:F8,-98
BLE,1670730489669286491,42:82:F6:CB:7B:27,-91
BLE,1670730489692731334,4B:7D:1B:D2:2F:BE,-90
BLE,1670730489925638827,CD:4E:AE:D5:AE:42,-65
BLE,1670730489940471191,42:82:F6:CB:7B:27,-99
BLE,1670730490210794859,42:82:F6:CB:7B:27,-89
BLE,1670730490255297616,4B:7D:1B:D2:2F:BE,-100
BLE,1670730490480635075,42:82:F6:CB:7B:27,-98
BLE,1670730490723296867,14:BB:6E:11:32:18,-92
BLE,1670730490750511290,42:82:F6:CB:7B:27,-89
BLE,1670730490781407503,7A:42:DE:5D:AA:F8,-102
BLE,1670730491506110211,14:BB:6E:11:32:18,-95
BLE,1670730491547939959,7A:42:DE:5D:AA:F8,-88
BLE,1670730491925781585,CD:4E:AE:D5:AE:42,-65
BLE,1670730492270273196,5D:30:BE:7C:85:23,-97
BLE,1670730492311469034,4B:7D:1B:D2:2F:BE,-91
BLE,1670730492685969242,4B:7D:1B:D2:2F:BE,-93
BLE,1670730493254423328,4B:7D:1B:D2:2F:BE,-108
BLE,1670730493741897387,42:82:F6:CB:7B:27,-88
BLE,1670730494011826894,42:82:F6:CB:7B:27,-87
BLE,1670730494285472148,42:82:F6:CB:7B:27,-98
BLE,1670730494900968043,7A:42:DE:5D:AA:F8,-100
BLE,1670730495289509125,5D:30:BE:7C:85:23,-84
BLE,1670730495414698329,7A:42:DE:5D:AA:F8,-100
BLE,1670730495560166747,5D:30:BE:7C:85:23,-96
BLE,1670730495930794211,CD:4E:AE:D5:AE:42,-65
BLE,1670730496454306503,7A:42:DE:5D:AA:F8,-88
BLE,1670730496466882519,42:82:F6:CB:7B:27,-86
BLE,1670730496647697388,5D:30:BE:7C:85:23,-105
BLE,1670730496738046594,42:82:F6:CB:7B:27,-87
BLE,1670730497008217389,42:82:F6:CB:7B:27,-99
BLE,1670730497201581649,5D:30:BE:7C:85:23,-95
BLE,1670730497278104855,42:82:F6:CB:7B:27,-98
BLE,1670730497548194151,42:82:F6:CB:7B:27,-99
BLE,1670730497710389327,4B:7D:1B:D2:2F:BE,-102
BLE,1670730497818101949,42:82:F6:CB:7B:27,-99
BLE,1670730498006505518,7A:42:DE:5D:AA:F8,-97
BLE,1670730498466134829,4B:7D:1B:D2:2F:BE,-90
BLE,1670730498522132406,7A:42:DE:5D:AA:F8,-98
BLE,1670730498570239578,5D:30:BE:7C:85:23,-96
BLE,1670730498845164566,5D:30:BE:7C:85:23,-95
BLE,1670730499553656136,7A:42:DE:5D:AA:F8,-98
BLE,1670730499675323924,5D:30:BE:7C:85:23,-96
BLE,1670730500509140197,5D:30:BE:7C:85:23,-97
BLE,1670730500889503918,4B:7D:1B:D2:2F:BE,-102
BLE,1670730501105358366,7A:42:DE:5D:AA:F8,-99
BLE,1670730501350734667,42:82:F6:CB:7B:27,-99
BLE,1670730501454809500,4B:7D:1B:D2:2F:BE,-107
BLE,1670730501620618466,42:82:F6:CB:7B:27,-98
BLE,1670730501877765126,5D:30:BE:7C:85:23,-95
BLE,1670730501890588431,42:82:F6:CB:7B:27,-100
BLE,1670730501895995616,7A:42:DE:5D:AA:F8,-99
BLE,1670730501934519778,CD:4E:AE:D5:AE:42,-80
BLE,1670730502149143074,5D:30:BE:7C:85:23,-95
BLE,1670730502160619978,42:82:F6:CB:7B:27,-97
BLE,1670730502413428690,7A:42:DE:5D:AA:F8,-96
BLE,1670730502572897274,4B:7D:1B:D2:2F:BE,-101
BLE,1670730502927871217,7A:42:DE:5D:AA:F8,-98
BLE,1670730502980009840,5D:30:BE:7C:85:23,-95
BLE,1670730503127439360,4B:7D:1B:D2:2F:BE,-101
BLE,1670730503180887593,7A:42:DE:5D:AA:F8,-97
BLE,1670730503528362043,42:82:F6:CB:7B:27,-98
BLE,1670730503699435237,7A:42:DE:5D:AA:F8,-98
BLE,1670730503800896810,42:82:F6:CB:7B:27,-99
BLE,1670730503814957307,5D:30:BE:7C:85:23,-97
BLE,1670730503867650591,4B:7D:1B:D2:2F:BE,-102
BLE,1670730503938287034,CD:4E:AE:D5:AE:42,-79
BLE,1670730504072111384,42:82:F6:CB:7B:27,-99
BLE,1670730504084994063,5D:30:BE:7C:85:23,-95
BLE,1670730504343272126,42:82:F6:CB:7B:27,-101
BLE,1670730504355037401,5D:30:BE:7C:85:23,-97
BLE,1670730504430353704,4B:7D:1B:D2:2F:BE,-100
BLE,1670730504483294110,7A:42:DE:5D:AA:F8,-98
BLE,1670730504628808695,5D:30:BE:7C:85:23,-96
BLE,1670730505250507974,7A:42:DE:5D:AA:F8,-97
BLE,1670730505373144626,4B:7D:1B:D2:2F:BE,-102
BLE,1670730505456247752,5D:30:BE:7C:85:23,-95
BLE,1670730505729258097,5D:30:BE:7C:85:23,-96
BLE,1670730505745344278,4B:7D:1B:D2:2F:BE,-99
BLE,1670730505767972673,7A:42:DE:5D:AA:F8,-100
BLE,1670730505938675455,CD:4E:AE:D5:AE:42,-86
BLE,1670730506001323494,5D:30:BE:7C:85:23,-96
BLE,1670730506281714042,7A:42:DE:5D:AA:F8,-99
BLE,1670730506299621368,4B:7D:1B:D2:2F:BE,-101
BLE,1670730506500218041,4B:7D:1B:D2:2F:BE,-102
BLE,1670730506610053680,D7:5C:30:E3:D5:C3,-92
BLE,1670730507062927446,4B:7D:1B:D2:2F:BE,-94
BLE,1670730507103765997,5D:30:BE:7C:85:23,-95
BLE,1670730507332192919,42:82:F6:CB:7B:27,-98
BLE,1670730507603445660,42:82:F6:CB:7B:27,-99
BLE,1670730507802944179,4B:7D:1B:D2:2F:BE,-90
BLE,1670730507813288680,7A:42:DE:5D:AA:F8,-90
BLE,1670730507873226251,42:82:F6:CB:7B:27,-87
BLE,1670730507942111715,CD:4E:AE:D5:AE:42,-65
BLE,1670730508143917249,42:82:F6:CB:7B:27,-97
BLE,1670730508330921002,7A:42:DE:5D:AA:F8,-86
BLE,1670730508415789065,42:82:F6:CB:7B:27,-100
BLE,1670730508549513750,4B:7D:1B:D2:2F:BE,-91
BLE,1670730508685770363,42:82:F6:CB:7B:27,-101
BLE,1670730508849284606,7A:42:DE:5D:AA:F8,-99
BLE,1670730509290858800,4B:7D:1B:D2:2F:BE,-99
BLE,1670730509306203158,5D:30:BE:7C:85:23,-98
BLE,1670730509616589178,7A:42:DE:5D:AA:F8,-99
BLE,1670730509660321902,4B:7D:1B:D2:2F:BE,-103
BLE,1670730509943351668,CD:4E:AE:D5:AE:42,-79
BLE,1670730510030955199,4B:7D:1B:D2:2F:BE,-98
BLE,1670730510863597694,42:82:F6:CB:7B:27,-90
BLE,1670730511134711853,42:82:F6:CB:7B:27,-98
BLE,1670730511185399494,7A:42:DE:5D:AA:F8,-98
BLE,1670730511404580110,42:82:F6:CB:7B:27,-102
BLE,1670730511678289863,42:82:F6:CB:7B:27,-97
BLE,1670730511779896434,5D:30:BE:7C:85:23,-85
BLE,1670730511945892606,CD:4E:AE:D5:AE:42,-79
BLE,1670730512327366438,5D:30:BE:7C:85:23,-100
BLE,1670730512619561094,D7:5C:30:E3:D5:C3,-102
BLE,1670730512739340780,7A:42:DE:5D:AA:F8,-99
BLE,1670730513190188071,4B:7D:1B:D2:2F:BE,-101
BLE,1670730513315873727,42:82:F6:CB:7B:27,-102
BLE,1670730513587243050,42:82:F6:CB:7B:27,-97
BLE,1670730513701129390,5D:30:BE:7C:85:23,-101
BLE,1670730513860845012,42:82:F6:CB:7B:27,-98
BLE,1670730513949705694,CD:4E:AE:D5:AE:42,-80
BLE,1670730514026103610,7A:42:DE:5D:AA:F8,-99
BLE,1670730514130989516,42:82:F6:CB:7B:27,-99
BLE,1670730514132978784,4B:7D:1B:D2:2F:BE,-93
BLE,1670730514400848023,42:82:F6:CB:7B:27,-98
BLE,1670730514525457859,5D:30:BE:7C:85:23,-95
BLE,1670730515249165413,4B:7D:1B:D2:2F:BE,-104
BLE,1670730515327407265,7A:42:DE:5D:AA:F8,-98
BLE,1670730515615144724,4B:7D:1B:D2:2F:BE,-103
BLE,1670730515631139282,5D:30:BE:7C:85:23,-99
BLE,1670730515843715394,7A:42:DE:5D:AA:F8,-98
BLE,1670730515949870744,CD:4E:AE:D5:AE:42,-79
BLE,1670730516175464033,4B:7D:1B:D2:2F:BE,-101
BLE,1670730516365828912,7A:42:DE:5D:AA:F8,-100
BLE,1670730516461090267,5D:30:BE:7C:85:23,-97
BLE,1670730516578407816,42:82:F6:CB:7B:27,-98
BLE,1670730516631083766,7A:42:DE:5D:AA:F8,-100
BLE,1670730516733599826,5D:30:BE:7C:85:23,-96
BLE,1670730516852161318,42:82:F6:CB:7B:27,-98
BLE,1670730516918072818,4B:7D:1B:D2:2F:BE,-104
BLE,1670730517149654785,7A:42:DE:5D:AA:F8,-99
BLE,1670730517393670978,42:82:F6:CB:7B:27,-98
BLE,1670730517562398867,5D:30:BE:7C:85:23,-97
BLE,1670730517836269743,5D:30:BE:7C:85:23,-95
BLE,1670730517913757812,7A:42:DE:5D:AA:F8,-98
BLE,1670730517953574042,CD:4E:AE:D5:AE:42,-80
BLE,1670730518666137188,5D:30:BE:7C:85:23,-96
BLE,1670730518937306638,5D:30:BE:7C:85:23,-95
BLE,1670730518948324047,7A:42:DE:5D:AA:F8,-97
BLE,1670730518989826007,4B:7D:1B:D2:2F:BE,-102
BLE,1670730519956406267,CD:4E:AE:D5:AE:42,-80
BLE,1670730520310068601,5D:30:BE:7C:85:23,-96
BLE,1670730520601104312,5D:30:BE:7C:85:23,-95
BLE,1670730520654754043,42:82:F6:CB:7B:27,-99
BLE,1670730521270496186,7A:42:DE:5D:AA:F8,-97
BLE,1670730521786283738,7A:42:DE:5D:AA:F8,-87
BLE,1670730521802920455,4B:7D:1B:D2:2F:BE,-92
BLE,1670730521956211404,CD:4E:AE:D5:AE:42,-66
BLE,1670730522171138030,4B:7D:1B:D2:2F:BE,-103
BLE,1670730522241079481,5D:30:BE:7C:85:23,-97
BLE,1670730522266472385,14:BB:6E:11:32:18,-92
BLE,1670730522303703896,7A:42:DE:5D:AA:F8,-98
BLE,1670730522512430429,5D:30:BE:7C:85:23,-95
BLE,1670730522783674087,5D:30:BE:7C:85:23,-84
BLE,1670730523056115730,5D:30:BE:7C:85:23,-86
BLE,1670730523104583605,4B:7D:1B:D2:2F:BE,-102
BLE,1670730523288229565,4B:7D:1B:D2:2F:BE,-91
BLE,1670730523377278037,42:82:F6:CB:7B:27,-90
BLE,1670730524428886651,5D:30:BE:7C:85:23,-96
BLE,1670730524588655439,4B:7D:1B:D2:2F:BE,-90
BLE,1670730524623206399,7A:42:DE:5D:AA:F8,-87
BLE,1670730525138740455,7A:42:DE:5D:AA:F8,-102
BLE,1670730525561115671,42:82:F6:CB:7B:27,-99
BLE,1670730525798688691,5D:30:BE:7C:85:23,-97
BLE,1670730526176520943,7A:42:DE:5D:AA:F8,-97
BLE,1670730526256565606,4B:7D:1B:D2:2F:BE,-102
BLE,1670730526658349820,D7:5C:30:E3:D5:C3,-99
BLE,1670730526901162694,5D:30:BE:7C:85:23,-95
BLE,1670730526938800533,7A:42:DE:5D:AA:F8,-99
BLE,1670730527000573666,4B:7D:1B:D2:2F:BE,-99
BLE,1670730527172365018,5D:30:BE:7C:85:23,-97
BLE,1670730527963865758,CD:4E:AE:D5:AE:42,-79
BLE,1670730527975693366,7A:42:DE:5D:AA:F8,-98
BLE,1670730528003596239,5D:30:BE:7C:85:23,-94
BLE,1670730528276131005,5D:30:BE:7C:85:23,-84
BLE,1670730528278607892,42:82:F6:CB:7B:27,-87
BLE,1670730528492882276,7A:42:DE:5D:AA:F8,-88
BLE,1670730528549916091,42:82:F6:CB:7B:27,-89
BLE,1670730528661048089,4B:7D:1B:D2:2F:BE,-92
BLE,1670730529405118231,4B:7D:1B:D2:2F:BE,-90
BLE,1670730529525204705,7A:42:DE:5D:AA:F8,-99
BLE,1670730529965178585,CD:4E:AE:D5:AE:42,-81
BLE,1670730530042513447,7A:42:DE:5D:AA:F8,-99
BLE,1670730531038873475,5D:30:BE:7C:85:23,-96
BLE,1670730531076624979,7A:42:DE:5D:AA:F8,-97
BLE,1670730531250155894,42:82:F6:CB:7B:27,-99
BLE,1670730531313580549,5D:30:BE:7C:85:23,-95
BLE,1670730531328748950,7A:42:DE:5D:AA:F8,-99
BLE,1670730531523609734,42:82:F6:CB:7B:27,-98
BLE,1670730531966033459,CD:4E:AE:D5:AE:42,-81
BLE,1670730532141271978,5D:30:BE:7C:85:23,-96
BLE,1670730532416369923,5D:30:BE:7C:85:23,-95
BLE,1670730532611320705,7A:42:DE:5D:AA:F8,-98
BLE,1670730532670648034,D7:5C:30:E3:D5:C3,-101
BLE,1670730532975127250,5D:30:BE:7C:85:23,-97
BLE,1670730533124944450,7A:42:DE:5D:AA:F8,-99
BLE,1670730533641424703,7A:42:DE:5D:AA:F8,-100
BLE,1670730533809897053,5D:30:BE:7C:85:23,-95
BLE,1670730533858815049,4B:7D:1B:D2:2F:BE,-100
BLE,1670730533966145884,CD:4E:AE:D5:AE:42,-82
BLE,1670730533971168615,42:82:F6:CB:7B:27,-98
BLE,1670730534241193204,42:82:F6:CB:7B:27,-100
BLE,1670730534513734512,42:82:F6:CB:7B:27,-88
BLE,1670730534784944462,42:82:F6:CB:7B:27,-97
BLE,1670730534909841086,5D:30:BE:7C:85:23,-96
BLE,1670730534924035791,7A:42:DE:5D:AA:F8,-97
BLE,1670730534956508692,14:BB:6E:11:32:18,-106
BLE,1670730534985050141,4B:7D:1B:D2:2F:BE,-102
BLE,1670730535171045156,4B:7D:1B:D2:2F:BE,-104
BLE,1670730535183506631,5D:30:BE:7C:85:23,-96
BLE,1670730535445151695,7A:42:DE:5D:AA:F8,-98
BLE,1670730536469324347,4B:7D:1B:D2:2F:BE,-103
BLE,1670730537033373195,4B:7D:1B:D2:2F:BE,-90
BLE,1670730537233811328,42:82:F6:CB:7B:27,-98
BLE,1670730537504039039,42:82:F6:CB:7B:27,-89
BLE,1670730537776580264,42:82:F6:CB:7B:27,-89
BLE,1670730537968923828,CD:4E:AE:D5:AE:42,-67
BLE,1670730538133800764,4B:7D:1B:D2:2F:BE,-99
BLE,1670730538275810266,7A:42:DE:5D:AA:F8,-88
BLE,1670730538586299160,42:82:F6:CB:7B:27,-98
BLE,1670730538758545673,5D:30:BE:7C:85:23,-96
BLE,1670730538856266624,42:82:F6:CB:7B:27,-99
BLE,1670730538877564368,4B:7D:1B:D2:2F:BE,-100
BLE,1670730539029774289,5D:30:BE:7C:85:23,-96
BLE,1670730539311593319,7A:42:DE:5D:AA:F8,-97
BLE,1670730539862444992,5D:30:BE:7C:85:23,-95
BLE,1670730539972467253,CD:4E:AE:D5:AE:42,-81
BLE,1670730540567902390,4B:7D:1B:D2:2F:BE,-102
BLE,1670730540597495868,7A:42:DE:5D:AA:F8,-97
BLE,1670730541794801773,5D:30:BE:7C:85:23,-95
BLE,1670730541882531677,7A:42:DE:5D:AA:F8,-99
BLE,1670730541892943760,42:82:F6:CB:7B:27,-98
BLE,1670730541976596130,CD:4E:AE:D5:AE:42,-81
BLE,1670730542067194916,5D:30:BE:7C:85:23,-95
BLE,1670730542165030949,42:82:F6:CB:7B:27,-97
BLE,1670730542337191630,5D:30:BE:7C:85:23,-96
BLE,1670730542607213677,5D:30:BE:7C:85:23,-95
BLE,1670730542792239454,4B:7D:1B:D2:2F:BE,-101
BLE,1670730543159168795,7A:42:DE:5D:AA:F8,-98
BLE,1670730543533779419,4B:7D:1B:D2:2F:BE,-101
BLE,1670730543677812271,7A:42:DE:5D:AA:F8,-98
BLE,1670730543976366642,CD:4E:AE:D5:AE:42,-82
BLE,1670730544249950272,5D:30:BE:7C:85:23,-96
BLE,1670730544281472934,4B:7D:1B:D2:2F:BE,-102
BLE,1670730544446798115,7A:42:DE:5D:AA:F8,-100
BLE,1670730544662770853,4B:7D:1B:D2:2F:BE,-103
BLE,1670730544705030470,D7:5C:30:E3:D5:C3,-103
BLE,1670730544963803944,7A:42:DE:5D:AA:F8,-100
BLE,1670730545351025083,5D:30:BE:7C:85:23,-97
BLE,1670730545476580032,7A:42:DE:5D:AA:F8,-99
BLE,1670730545620984130,5D:30:BE:7C:85:23,-96
BLE,1670730545784224544,4B:7D:1B:D2:2F:BE,-101
BLE,1670730545892171289,5D:30:BE:7C:85:23,-97
BLE,1670730545975954698,CD:4E:AE:D5:AE:42,-79
BLE,1670730546235251666,42:82:F6:CB:7B:27,-102
BLE,1670730546506717529,42:82:F6:CB:7B:27,-98
BLE,1670730546777759772,42:82:F6:CB:7B:27,-97
BLE,1670730546991052209,5D:30:BE:7C:85:23,-97
BLE,1670730547009850233,7A:42:DE:5D:AA:F8,-97
BLE,1670730547047687862,42:82:F6:CB:7B:27,-98
BLE,1670730547078951570,4B:7D:1B:D2:2F:BE,-103
BLE,1670730547828386231,5D:30:BE:7C:85:23,-82
BLE,1670730547976203288,CD:4E:AE:D5:AE:42,-79
BLE,1670730548012509019,4B:7D:1B:D2:2F:BE,-103
BLE,1670730548292514571,7A:42:DE:5D:AA:F8,-98
BLE,1670730548658749379,5D:30:BE:7C:85:23,-97
BLE,1670730548710447882,D7:5C:30:E3:D5:C3,-100
BLE,1670730548754086650,4B:7D:1B:D2:2F:BE,-107
BLE,1670730548807458050,7A:42:DE:5D:AA:F8,-98
BLE,1670730548957655370,42:82:F6:CB:7B:27,-99
BLE,1670730549231465413,42:82:F6:CB:7B:27,-97
BLE,1670730549492160614,5D:30:BE:7C:85:23,-95
BLE,1670730549842578529,7A:42:DE:5D:AA:F8,-100
BLE,1670730549977498366,CD:4E:AE:D5:AE:42,-79
BLE,1670730551544987656,4B:7D:1B:D2:2F:BE,-101
BLE,1670730551694573275,5D:30:BE:7C:85:23,-98
BLE,1670730551727267174,4B:7D:1B:D2:2F:BE,-94
BLE,1670730551949053967,42:82:F6:CB:7B:27,-91
BLE,1670730551978805818,CD:4E:AE:D5:AE:42,-65
BLE,1670730552108545634,4B:7D:1B:D2:2F:BE,-94
BLE,1670730552220299624,42:82:F6:CB:7B:27,-101
BLE,1670730552241943239,5D:30:BE:7C:85:23,-87
BLE,1670730552432867112,7A:42:DE:5D:AA:F8,-100
BLE,1670730552490303380,42:82:F6:CB:7B:27,-99
BLE,1670730552676610516,4B:7D:1B:D2:2F:BE,-90
BLE,1670730552761543412,42:82:F6:CB:7B:27,-88
BLE,1670730552946379483,7A:42:DE:5D:AA:F8,-98
BLE,1670730553231623597,4B:7D:1B:D2:2F:BE,-89
BLE,1670730553342152853,5D:30:BE:7C:85:23,-84
BLE,1670730553714196590,7A:42:DE:5D:AA:F8,-86
BLE,1670730553978580330,CD:4E:AE:D5:AE:42,-66
BLE,1670730554941668966,42:82:F6:CB:7B:27,-99
BLE,1670730555005717071,5D:30:BE:7C:85:23,-96
BLE,1670730555211660847,42:82:F6:CB:7B:27,-100
BLE,1670730555246421554,7A:42:DE:5D:AA:F8,-98
BLE,1670730555464553433,4B:7D:1B:D2:2F:BE,-101
BLE,1670730555485369516,42:82:F6:CB:7B:27,-99
BLE,1670730555755376063,42:82:F6:CB:7B:27,-99
BLE,1670730555978575965,CD:4E:AE:D5:AE:42,-79
BLE,1670730556105865435,5D:30:BE:7C:85:23,-97
BLE,1670730556296595310,42:82:F6:CB:7B:27,-99
BLE,1670730556379479897,5D:30:BE:7C:85:23,-98
BLE,1670730556547051301,7A:42:DE:5D:AA:F8,-97
BLE,1670730556566511525,42:82:F6:CB:7B:27,-99
BLE,1670730556649444487,5D:30:BE:7C:85:23,-98
BLE,1670730556723817218,D7:5C:30:E3:D5:C3,-108
BLE,1670730557316773510,7A:42:DE:5D:AA:F8,-100
BLE,1670730557834707995,7A:42:DE:5D:AA:F8,-101
BLE,1670730557978603932,CD:4E:AE:D5:AE:42,-79
BLE,1670730558584623192,5D:30:BE:7C:85:23,-95
BLE,1670730558632723489,4B:7D:1B:D2:2F:BE,-92
BLE,1670730559195372770,4B:7D:1B:D2:2F:BE,-104
BLE,1670730559983921253,CD:4E:AE:D5:AE:42,-80
BLE,1670730560096672065,42:82:F6:CB:7B:27,-99
BLE,1670730560131363440,14:BB:6E:11:32:18,-104
BLE,1670730560497102503,5D:30:BE:7C:85:23,-95
BLE,1670730560499300268,4B:7D:1B:D2:2F:BE,-102
BLE,1670730560639119588,42:82:F6:CB:7B:27,-99
BLE,1670730560766949094,5D:30:BE:7C:85:23,-97
BLE,1670730561051453550,4B:7D:1B:D2:2F:BE,-103
BLE,1670730561186768674,7A:42:DE:5D:AA:F8,-98
BLE,1670730561964944616,4B:7D:1B:D2:2F:BE,-100
BLE,1670730561987426554,CD:4E:AE:D5:AE:42,-79
BLE,1670730562134780991,5D:30:BE:7C:85:23,-96
BLE,1670730562405097785,5D:30:BE:7C:85:23,-96
BLE,1670730562548028567,42:82:F6:CB:7B:27,-96
BLE,1670730562707693399,4B:7D:1B:D2:2F:BE,-100
BLE,1670730562817968157,42:82:F6:CB:7B:27,-98
BLE,1670730563254220082,7A:42:DE:5D:AA:F8,-97
BLE,1670730563627912592,4B:7D:1B:D2:2F:BE,-98
BLE,1670730563987502604,CD:4E:AE:D5:AE:42,-80
BLE,1670730564048046668,5D:30:BE:7C:85:23,-98
BLE,1670730564318702666,5D:30:BE:7C:85:23,-97
BLE,1670730564588249427,5D:30:BE:7C:85:23,-98
BLE,1670730565076034732,7A:42:DE:5D:AA:F8,-99
BLE,1670730565518219877,4B:7D:1B:D2:2F:BE,-104
BLE,1670730565699375992,4B:7D:1B:D2:2F:BE,-100
BLE,1670730565809267130,42:82:F6:CB:7B:27,-102
BLE,1670730565991381317,CD:4E:AE:D5:AE:42,-80
BLE,1670730566068976843,4B:7D:1B:D2:2F:BE,-101
BLE,1670730566079266178,42:82:F6:CB:7B:27,-100
BLE,1670730566231790053,5D:30:BE:7C:85:23,-96
BLE,1670730566350540210,42:82:F6:CB:7B:27,-98
BLE,1670730566443362094,4B:7D:1B:D2:2F:BE,-100
BLE,1670730566755584051,D7:5C:30:E3:D5:C3,-106
BLE,1670730566991684006,4B:7D:1B:D2:2F:BE,-88
BLE,1670730567642196481,7A:42:DE:5D:AA:F8,-100
BLE,1670730567876831911,5D:30:BE:7C:85:23,-97
BLE,1670730567993942712,CD:4E:AE:D5:AE:42,-65
BLE,1670730568467990350,4B:7D:1B:D2:2F:BE,-103
BLE,1670730568535573912,42:82:F6:CB:7B:27,-101
BLE,1670730569247446150,5D:30:BE:7C:85:23,-96
BLE,1670730569997855633,CD:4E:AE:D5:AE:42,-79
BLE,1670730570350600395,5D:30:BE:7C:85:23,-87
BLE,1670730570620513693,5D:30:BE:7C:85:23,-98
BLE,1670730570764167092,D7:5C:30:E3:D5:C3,-100
BLE,1670730571848419980,4B:7D:1B:D2:2F:BE,-90
BLE,1670730571994743347,5D:30:BE:7C:85:23,-97
BLE,1670730571997758436,CD:4E:AE:D5:AE:42,-80
BLE,1670730572875580929,42:82:F6:CB:7B:27,-98
BLE,1670730573149348723,42:82:F6:CB:7B:27,-99
BLE,1670730573419612267,42:82:F6:CB:7B:27,-97
BLE,1670730573584134957,7A:42:DE:5D:AA:F8,-98
BLE,1670730574001782230,CD:4E:AE:D5:AE:42,-80
BLE,1670730574100205589,4B:7D:1B:D2:2F:BE,-99
BLE,1670730574198478700,5D:30:BE:7C:85:23,-95
BLE,1670730574366762261,7A:42:DE:5D:AA:F8,-97
BLE,1670730574775717597,D7:5C:30:E3:D5:C3,-100
BLE,1670730574833280572,4B:7D:1B:D2:2F:BE,-99
BLE,1670730575299476679,5D:30:BE:7C:85:23,-98
BLE,1670730575404335002,7A:42:DE:5D:AA:F8,-98
BLE,1670730575571759782,5D:30:BE:7C:85:23,-98
BLE,1670730575596908396,42:82:F6:CB:7B:27,-100
BLE,1670730575868254886,42:82:F6:CB:7B:27,-99
BLE,1670730575918866278,7A:42:DE:5D:AA:F8,-100
BLE,1670730576004160128,CD:4E:AE:D5:AE:42,-79
BLE,1670730576138200601,42:82:F6:CB:7B:27,-99
BLE,1670730576148341937,4B:7D:1B:D2:2F:BE,-101
BLE,1670730576400561156,5D:30:BE:7C:85:23,-98
BLE,1670730576408046108,42:82:F6:CB:7B:27,-100
BLE,1670730576685088196,7A:42:DE:5D:AA:F8,-98
BLE,1670730576951855865,42:82:F6:CB:7B:27,-97
BLE,1670730577088501182,4B:7D:1B:D2:2F:BE,-102
BLE,1670730577202957265,7A:42:DE:5D:AA:F8,-97
BLE,1670730577724542914,7A:42:DE:5D:AA:F8,-100
BLE,1670730577833383689,4B:7D:1B:D2:2F:BE,-101
BLE,1670730578004381635,CD:4E:AE:D5:AE:42,-79
BLE,1670730578043039170,5D:30:BE:7C:85:23,-97
BLE,1670730578875704998,5D:30:BE:7C:85:23,-96
BLE,1670730579129392283,42:82:F6:CB:7B:27,-99
BLE,1670730579148019101,5D:30:BE:7C:85:23,-97
BLE,1670730579403099286,42:82:F6:CB:7B:27,-98
BLE,1670730579490651151,4B:7D:1B:D2:2F:BE,-100
BLE,1670730579542113032,7A:42:DE:5D:AA:F8,-101
BLE,1670730579944412615,42:82:F6:CB:7B:27,-99
BLE,1670730579979257030,5D:30:BE:7C:85:23,-97
BLE,1670730580009378834,CD:4E:AE:D5:AE:42,-79
BLE,1670730580061502833,7A:42:DE:5D:AA:F8,-100
BLE,1670730580581008007,7A:42:DE:5D:AA:F8,-98
BLE,1670730580600298317,4B:7D:1B:D2:2F:BE,-102
BLE,1670730580790680863,5D:30:BE:7C:85:23,-96
BLE,1670730580799292218,D7:5C:30:E3:D5:C3,-100
BLE,1670730581097095973,7A:42:DE:5D:AA:F8,-98
BLE,1670730581605740694,5D:30:BE:7C:85:23,-110
BLE,1670730581786085277,6F:0B:39:C9:A6:03,-89
BLE,1670730581863911133,7A:42:DE:5D:AA:F8,-87
BLE,1670730582012997675,CD:4E:AE:D5:AE:42,-69
BLE,1670730582084750647,4B:7D:1B:D2:2F:BE,-87
BLE,1670730582123121144,42:82:F6:CB:7B:27,-88
BLE,1670730582269435052,4B:7D:1B:D2:2F:BE,-90
BLE,1670730582378277203,7A:42:DE:5D:AA:F8,-100
BLE,1670730582394735588,42:82:F6:CB:7B:27,-89
BLE,1670730582896990678,7A:42:DE:5D:AA:F8,-104
BLE,1670730583417540340,7A:42:DE:5D:AA:F8,-98
BLE,1670730583746758301,4B:7D:1B:D2:2F:BE,-92
BLE,1670730584013058351,CD:4E:AE:D5:AE:42,-79
BLE,1670730584491175856,4B:7D:1B:D2:2F:BE,-89
BLE,1670730584674256031,4B:7D:1B:D2:2F:BE,-102
BLE,1670730584807291349,D7:5C:30:E3:D5:C3,-93
BLE,1670730584966902389,7A:42:DE:5D:AA:F8,-88
BLE,1670730585118282820,42:82:F6:CB:7B:27,-88
BLE,1670730585389628935,42:82:F6:CB:7B:27,-99
BLE,1670730585618054440,4B:7D:1B:D2:2F:BE,-101
BLE,1670730585659487026,42:82:F6:CB:7B:27,-100
BLE,1670730585736792055,5D:30:BE:7C:85:23,-95
BLE,1670730586016863315,CD:4E:AE:D5:AE:42,-80
BLE,1670730586518122666,7A:42:DE:5D:AA:F8,-97
BLE,1670730587037127263,7A:42:DE:5D:AA:F8,-98
BLE,1670730587381880871,5D:30:BE:7C:85:23,-96
BLE,1670730587555028499,7A:42:DE:5D:AA:F8,-102
BLE,1670730587653169861,5D:30:BE:7C:85:23,-96
BLE,1670730587668704008,4B:7D:1B:D2:2F:BE,-100
BLE,1670730588016942782,CD:4E:AE:D5:AE:42,-79
BLE,1670730590001060857,42:82:F6:CB:7B:27,-88
BLE,1670730590019531760,CD:4E:AE:D5:AE:42,-65
BLE,1670730590129090360,5D:30:BE:7C:85:23,-97
BLE,1670730590477827295,4B:7D:1B:D2:2F:BE,-99
BLE,1670730591220523870,4B:7D:1B:D2:2F:BE,-99
BLE,1670730591599994394,4B:7D:1B:D2:2F:BE,-104
BLE,1670730591669439643,7A:42:DE:5D:AA:F8,-100
BLE,1670730592023487264,CD:4E:AE:D5:AE:42,-79
BLE,1670730592600610995,5D:30:BE:7C:85:23,-96
BLE,1670730592719607607,42:82:F6:CB:7B:27,-99
BLE,1670730592834731432,D7:5C:30:E3:D5:C3,-101
BLE,1670730592989581030,42:82:F6:CB:7B:27,-88
BLE,1670730593087031859,4B:7D:1B:D2:2F:BE,-105
BLE,1670730593259599452,42:82:F6:CB:7B:27,-100
BLE,1670730593269624998,4B:7D:1B:D2:2F:BE,-102
BLE,1670730593701892179,5D:30:BE:7C:85:23,-96
BLE,1670730593799595714,42:82:F6:CB:7B:27,-98
BLE,1670730593972964172,5D:30:BE:7C:85:23,-96
BLE,1670730594028321174,CD:4E:AE:D5:AE:42,-80
BLE,1670730594069581719,42:82:F6:CB:7B:27,-97
BLE,1670730594246699133,5D:30:BE:7C:85:23,-95
BLE,1670730594339632891,42:82:F6:CB:7B:27,-99
BLE,1670730594528130334,7A:42:DE:5D:AA:F8,-98
BLE,1670730594613356560,42:82:F6:CB:7B:27,-99
BLE,1670730595046179818,7A:42:DE:5D:AA:F8,-97
BLE,1670730595561754248,7A:42:DE:5D:AA:F8,-98
BLE,1670730595616644422,5D:30:BE:7C:85:23,-96
BLE,1670730595619245140,14:BB:6E:11:32:18,-104
BLE,1670730595698998432,4B:7D:1B:D2:2F:BE,-101
BLE,1670730595889494351,5D:30:BE:7C:85:23,-96
BLE,1670730596028611055,CD:4E:AE:D5:AE:42,-80
BLE,1670730596718120186,5D:30:BE:7C:85:23,-86
BLE,1670730596853507268,14:BB:6E:11:32:18,-89
BLE,1670730596991565442,5D:30:BE:7C:85:23,-86
BLE,1670730597261586197,5D:30:BE:7C:85:23,-98
BLE,1670730597367117138,7A:42:DE:5D:AA:F8,-87
BLE,1670730597531544162,5D:30:BE:7C:85:23,-84
BLE,1670730597761219527,4B:7D:1B:D2:2F:BE,-93
BLE,1670730597942546265,4B:7D:1B:D2:2F:BE,-100
BLE,1670730598032058939,CD:4E:AE:D5:AE:42,-80
BLE,1670730598396987596,7A:42:DE:5D:AA:F8,-100
BLE,1670730598412211372,42:82:F6:CB:7B:27,-100
BLE,1670730598629568843,5D:30:BE:7C:85:23,-97
BLE,1670730598684680348,42:82:F6:CB:7B:27,-88
BLE,1670730598914823957,7A:42:DE:5D:AA:F8,-98
BLE,1670730598955951213,42:82:F6:CB:7B:27,-99
BLE,1670730599432980106,7A:42:DE:5D:AA:F8,-98
BLE,1670730599437287971,4B:7D:1B:D2:2F:BE,-91
BLE,1670730600035861112,CD:4E:AE:D5:AE:42,-79
BLE,1670730600250128537,14:BB:6E:11:32:18,-93
BLE,1670730601119653339,4B:7D:1B:D2:2F:BE,-91
BLE,1670730601301619486,4B:7D:1B:D2:2F:BE,-100
BLE,1670730601400273467,5D:30:BE:7C:85:23,-84
BLE,1670730601502508113,7A:42:DE:5D:AA:F8,-87
BLE,1670730601783746692,14:BB:6E:11:32:18,-88
BLE,1670730601857183935,4B:7D:1B:D2:2F:BE,-91
BLE,1670730602035754164,CD:4E:AE:D5:AE:42,-80
BLE,1670730602229362754,5D:30:BE:7C:85:23,-98
BLE,1670730602500393039,5D:30:BE:7C:85:23,-95
BLE,1670730602598941564,4B:7D:1B:D2:2F:BE,-103
BLE,1670730602770667000,5D:30:BE:7C:85:23,-96
BLE,1670730602788370871,C8:B2:1E:C1:4C:16,-101
BLE,1670730603040423259,5D:30:BE:7C:85:23,-95
BLE,1670730603057455304,7A:42:DE:5D:AA:F8,-99
BLE,1670730603315451496,5D:30:BE:7C:85:23,-96
BLE,1670730603904309003,4B:7D:1B:D2:2F:BE,-100
BLE,1670730604094865255,4B:7D:1B:D2:2F:BE,-100
BLE,1670730604144272995,5D:30:BE:7C:85:23,-99
BLE,1670730604653907871,4B:7D:1B:D2:2F:BE,-101
BLE,1670730604870927305,D7:5C:30:E3:D5:C3,-99
BLE,1670730604917473579,42:82:F6:CB:7B:27,-98
BLE,1670730605187449710,42:82:F6:CB:7B:27,-99
BLE,1670730605210877845,4B:7D:1B:D2:2F:BE,-102
BLE,1670730605246557250,5D:30:BE:7C:85:23,-95
BLE,1670730605457362258,42:82:F6:CB:7B:27,-98
BLE,1670730605664815224,7A:42:DE:5D:AA:F8,-100
BLE,1670730605727340556,42:82:F6:CB:7B:27,-99
BLE,1670730605771043364,4B:7D:1B:D2:2F:BE,-100
BLE,1670730605997334770,42:82:F6:CB:7B:27,-100
BLE,1670730606036694047,CD:4E:AE:D5:AE:42,-81
BLE,1670730606076453444,5D:30:BE:7C:85:23,-96
BLE,1670730606184822392,7A:42:DE:5D:AA:F8,-100
BLE,1670730606267307609,42:82:F6:CB:7B:27,-98
BLE,1670730606350204488,5D:30:BE:7C:85:23,-97
BLE,1670730606539888834,42:82:F6:CB:7B:27,-100
BLE,1670730606877583859,4B:7D:1B:D2:2F:BE,-104
BLE,1670730606895136357,5D:30:BE:7C:85:23,-101
BLE,1670730607616687687,4B:7D:1B:D2:2F:BE,-102
BLE,1670730607722724704,5D:30:BE:7C:85:23,-99
BLE,1670730607907512234,42:82:F6:CB:7B:27,-97
BLE,1670730608036912887,CD:4E:AE:D5:AE:42,-82
BLE,1670730608178602143,42:82:F6:CB:7B:27,-99
BLE,1670730608187317580,4B:7D:1B:D2:2F:BE,-104
BLE,1670730608452378437,42:82:F6:CB:7B:27,-90
BLE,1670730608748592919,4B:7D:1B:D2:2F:BE,-102
BLE,1670730608821858789,5D:30:BE:7C:85:23,-98
BLE,1670730609094998465,5D:30:BE:7C:85:23,-95
BLE,1670730609368321514,5D:30:BE:7C:85:23,-97
BLE,1670730609787039816,7A:42:DE:5D:AA:F8,-100
BLE,1670730610041924628,CD:4E:AE:D5:AE:42,-81
BLE,1670730610363883343,42:82:F6:CB:7B:27,-99
BLE,1670730611274408527,5D:30:BE:7C:85:23,-98
BLE,1670730611546330760,5D:30:BE:7C:85:23,-96
BLE,1670730611808389694,C8:B2:1E:C1:4C:16,-94
BLE,1670730612044424316,CD:4E:AE:D5:AE:42,-66
BLE,1670730612271586045,4B:7D:1B:D2:2F:BE,-90
BLE,1670730612274937171,42:82:F6:CB:7B:27,-89
BLE,1670730612544934219,42:82:F6:CB:7B:27,-100
BLE,1670730612621469757,7A:42:DE:5D:AA:F8,-101
BLE,1670730612638083308,4B:7D:1B:D2:2F:BE,-92
BLE,1670730612817485819,42:82:F6:CB:7B:27,-87
BLE,1670730612822538841,4B:7D:1B:D2:2F:BE,-89
BLE,1670730612919331761,5D:30:BE:7C:85:23,-85
BLE,1670730613192692227,5D:30:BE:7C:85:23,-98
BLE,1670730613374341169,4B:7D:1B:D2:2F:BE,-90
BLE,1670730614020336865,5D:30:BE:7C:85:23,-86
BLE,1670730614291386400,5D:30:BE:7C:85:23,-84
BLE,1670730615122736743,5D:30:BE:7C:85:23,-95
BLE,1670730615397685273,5D:30:BE:7C:85:23,-96
BLE,1670730615474484767,7A:42:DE:5D:AA:F8,-98
BLE,1670730615536238275,42:82:F6:CB:7B:27,-101
BLE,1670730615789068112,4B:7D:1B:D2:2F:BE,-102
BLE,1670730615810033152,42:82:F6:CB:7B:27,-98
BLE,1670730616048398496,CD:4E:AE:D5:AE:42,-80
BLE,1670730616080038407,42:82:F6:CB:7B:27,-99
BLE,1670730616166497743,4B:7D:1B:D2:2F:BE,-101
BLE,1670730616515108179,7A:42:DE:5D:AA:F8,-98
BLE,1670730616962383930,C8:B2:1E:C1:4C:16,-100
BLE,1670730617030689943,7A:42:DE:5D:AA:F8,-101
BLE,1670730617034963766,5D:30:BE:7C:85:23,-95
BLE,1670730617475188101,4B:7D:1B:D2:2F:BE,-103
BLE,1670730617795656709,7A:42:DE:5D:AA:F8,-99
BLE,1670730618037649718,4B:7D:1B:D2:2F:BE,-102
BLE,1670730618048432338,CD:4E:AE:D5:AE:42,-81
BLE,1670730618419293382,4B:7D:1B:D2:2F:BE,-100
BLE,1670730618530216716,42:82:F6:CB:7B:27,-98
BLE,1670730618681265317,5D:30:BE:7C:85:23,-96
BLE,1670730618898657580,D7:5C:30:E3:D5:C3,-103
BLE,1670730619071432171,42:82:F6:CB:7B:27,-101
BLE,1670730619240046811,5D:30:BE:7C:85:23,-96
BLE,1670730619341316595,42:82:F6:CB:7B:27,-98
BLE,1670730619611320559,42:82:F6:CB:7B:27,-90
BLE,1670730619866914237,7A:42:DE:5D:AA:F8,-98
BLE,1670730619882607924,42:82:F6:CB:7B:27,-102
BLE,1670730620053485954,CD:4E:AE:D5:AE:42,-81
BLE,1670730620152580930,42:82:F6:CB:7B:27,-102
BLE,1670730620343809299,5D:30:BE:7C:85:23,-99
BLE,1670730620422637935,42:82:F6:CB:7B:27,-99
BLE,1670730620484735772,4B:7D:1B:D2:2F:BE,-101
BLE,1670730620616721228,5D:30:BE:7C:85:23,-97
BLE,1670730620897912265,7A:42:DE:5D:AA:F8,-98
BLE,1670730620952572567,14:BB:6E:11:32:18,-106
BLE,1670730621415155675,7A:42:DE:5D:AA:F8,-97
BLE,1670730621774470858,4B:7D:1B:D2:2F:BE,-103
BLE,1670730621935238301,7A:42:DE:5D:AA:F8,-98
BLE,1670730621990016434,5D:30:BE:7C:85:23,-96
BLE,1670730622057196710,CD:4E:AE:D5:AE:42,-80
BLE,1670730622331482915,42:82:F6:CB:7B:27,-99
BLE,1670730622333767679,4B:7D:1B:D2:2F:BE,-102
BLE,1670730622453912860,7A:42:DE:5D:AA:F8,-96
BLE,1670730622603872558,42:82:F6:CB:7B:27,-96
BLE,1670730622816622043,5D:30:BE:7C:85:23,-97
BLE,1670730622874419516,42:82:F6:CB:7B:27,-99
BLE,1670730623255347022,4B:7D:1B:D2:2F:BE,-101
BLE,1670730623814278806,4B:7D:1B:D2:2F:BE,-102
BLE,1670730623995484711,4B:7D:1B:D2:2F:BE,-102
BLE,1670730624057512549,CD:4E:AE:D5:AE:42,-81
BLE,1670730624187446697,4B:7D:1B:D2:2F:BE,-101
BLE,1670730624192569885,5D:30:BE:7C:85:23,-97
BLE,1670730624463800168,5D:30:BE:7C:85:23,-95
BLE,1670730624566228020,4B:7D:1B:D2:2F:BE,-101
BLE,1670730625289039043,7A:42:DE:5D:AA:F8,-98
BLE,1670730625565173100,5D:30:BE:7C:85:23,-98
BLE,1670730625805588419,7A:42:DE:5D:AA:F8,-99
BLE,1670730625835098898,5D:30:BE:7C:85:23,-95
BLE,1670730625862344196,4B:7D:1B:D2:2F:BE,-100
BLE,1670730626058630545,CD:4E:AE:D5:AE:42,-80
BLE,1670730626132676697,42:82:F6:CB:7B:27,-98
BLE,1670730626402685078,42:82:F6:CB:7B:27,-99
BLE,1670730626670033824,5D:30:BE:7C:85:23,-95
BLE,1670730626676478580,42:82:F6:CB:7B:27,-100
BLE,1670730627358669008,7A:42:DE:5D:AA:F8,-99
BLE,1670730627770382602,5D:30:BE:7C:85:23,-87
BLE,1670730627873510571,7A:42:DE:5D:AA:F8,-89
BLE,1670730627919810307,4B:7D:1B:D2:2F:BE,-94
BLE,1670730628060067830,CD:4E:AE:D5:AE:42,-67
BLE,1670730628476813155,4B:7D:1B:D2:2F:BE,-93
BLE,1670730628856727465,4B:7D:1B:D2:2F:BE,-99
BLE,1670730629140018436,5D:30:BE:7C:85:23,-97
BLE,1670730629156226741,7A:42:DE:5D:AA:F8,-101
BLE,1670730629412492745,5D:30:BE:7C:85:23,-97
BLE,1670730629677847057,7A:42:DE:5D:AA:F8,-100
BLE,1670730630059672427,CD:4E:AE:D5:AE:42,-79
BLE,1670730630194165978,7A:42:DE:5D:AA:F8,-97
BLE,1670730630364761720,4B:7D:1B:D2:2F:BE,-101
BLE,1670730630708508214,7A:42:DE:5D:AA:F8,-99
BLE,1670730630750295795,42:82:F6:CB:7B:27,-97
BLE,1670730630782457617,5D:30:BE:7C:85:23,-95
BLE,1670730631020341842,42:82:F6:CB:7B:27,-99
BLE,1670730631056236952,5D:30:BE:7C:85:23,-96
BLE,1670730631293357061,4B:7D:1B:D2:2F:BE,-103
BLE,1670730631674230402,4B:7D:1B:D2:2F:BE,-102
BLE,1670730632061168460,CD:4E:AE:D5:AE:42,-79
BLE,1670730632263890566,7A:42:DE:5D:AA:F8,-97
BLE,1670730632696396702,5D:30:BE:7C:85:23,-95
BLE,1670730632782183005,7A:42:DE:5D:AA:F8,-99
BLE,1670730632927800839,42:82:F6:CB:7B:27,-98
BLE,1670730633200315314,42:82:F6:CB:7B:27,-98
BLE,1670730634068919752,5D:30:BE:7C:85:23,-96
BLE,1670730634900253137,5D:30:BE:7C:85:23,-98
BLE,1670730635174939420,5D:30:BE:7C:85:23,-96
BLE,1670730635342258701,7A:42:DE:5D:AA:F8,-98
BLE,1670730635946146028,4B:7D:1B:D2:2F:BE,-102
BLE,1670730636062374590,CD:4E:AE:D5:AE:42,-79
BLE,1670730636312914788,4B:7D:1B:D2:2F:BE,-102
BLE,1670730636461901831,42:82:F6:CB:7B:27,-99
BLE,1670730636866385929,4B:7D:1B:D2:2F:BE,-101
BLE,1670730637395371656,7A:42:DE:5D:AA:F8,-97
BLE,1670730637617521112,4B:7D:1B:D2:2F:BE,-103
BLE,1670730637626235965,5D:30:BE:7C:85:23,-97
BLE,1670730638062101811,CD:4E:AE:D5:AE:42,-79
BLE,1670730638179681190,7A:42:DE:5D:AA:F8,-100
BLE,1670730638372946659,42:82:F6:CB:7B:27,-99
BLE,1670730638457478602,5D:30:BE:7C:85:23,-95
BLE,1670730638557781855,4B:7D:1B:D2:2F:BE,-92
BLE,1670730638647043074,42:82:F6:CB:7B:27,-101
BLE,1670730638698694537,7A:42:DE:5D:AA:F8,-98
BLE,1670730638916678334,42:82:F6:CB:7B:27,-98
BLE,1670730639216072278,7A:42:DE:5D:AA:F8,-99
BLE,1670730639289145650,5D:30:BE:7C:85:23,-96
BLE,1670730639475675451,4B:7D:1B:D2:2F:BE,-93
BLE,1670730639846560994,4B:7D:1B:D2:2F:BE,-101
BLE,1670730640029429422,4B:7D:1B:D2:2F:BE,-102
BLE,1670730640120121915,5D:30:BE:7C:85:23,-96
BLE,1670730640251630210,7A:42:DE:5D:AA:F8,-100
BLE,1670730640828032409,42:82:F6:CB:7B:27,-99
BLE,1670730641100682800,42:82:F6:CB:7B:27,-98
BLE,1670730641532645317,7A:42:DE:5D:AA:F8,-97
BLE,1670730641871896074,4B:7D:1B:D2:2F:BE,-104
BLE,1670730642054889459,5D:30:BE:7C:85:23,-84
BLE,1670730642067140145,CD:4E:AE:D5:AE:42,-65
BLE,1670730642328969707,5D:30:BE:7C:85:23,-95
BLE,1670730642598592425,5D:30:BE:7C:85:23,-86
BLE,1670730642858575760,C8:B2:1E:C1:4C:16,-91
BLE,1670730644067502567,CD:4E:AE:D5:AE:42,-66
BLE,1670730644370308720,7A:42:DE:5D:AA:F8,-88
BLE,1670730644507315032,5D:30:BE:7C:85:23,-84
BLE,1670730644882784604,7A:42:DE:5D:AA:F8,-87
BLE,1670730644898089128,42:82:F6:CB:7B:27,-87
BLE,1670730645168037718,42:82:F6:CB:7B:27,-99
BLE,1670730645439544580,42:82:F6:CB:7B:27,-100
BLE,1670730645606609906,4B:7D:1B:D2:2F:BE,-100
BLE,1670730645710503491,42:82:F6:CB:7B:27,-100
BLE,1670730645884767064,5D:30:BE:7C:85:23,-96
BLE,1670730645980643995,42:82:F6:CB:7B:27,-98
BLE,1670730646067275329,CD:4E:AE:D5:AE:42,-80
BLE,1670730646166880590,4B:7D:1B:D2:2F:BE,-100
BLE,1670730646250571251,42:82:F6:CB:7B:27,-99
BLE,1670730646520564299,42:82:F6:CB:7B:27,-98
BLE,1670730646542625450,4B:7D:1B:D2:2F:BE,-87
BLE,1670730646729405539,4B:7D:1B:D2:2F:BE,-101
BLE,1670730646791777707,42:82:F6:CB:7B:27,-99
BLE,1670730647721271538,7A:42:DE:5D:AA:F8,-99
BLE,1670730647818965572,5D:30:BE:7C:85:23,-95
BLE,1670730648088627165,5D:30:BE:7C:85:23,-95
BLE,1670730648486541092,7A:42:DE:5D:AA:F8,-99
BLE,1670730648591792994,4B:7D:1B:D2:2F:BE,-88
BLE,1670730648700585062,42:82:F6:CB:7B:27,-89
BLE,1670730648922604561,5D:30:BE:7C:85:23,-85
BLE,1670730648970560568,42:82:F6:CB:7B:27,-89
BLE,1670730649153108833,4B:7D:1B:D2:2F:BE,-95
BLE,1670730649240610406,42:82:F6:CB:7B:27,-100
BLE,1670730649270223342,7A:42:DE:5D:AA:F8,-86
BLE,1670730649513083882,42:82:F6:CB:7B:27,-86
BLE,1670730650073836728,CD:4E:AE:D5:AE:42,-66
BLE,1670730650289926423,5D:30:BE:7C:85:23,-84
BLE,1670730651565546053,4B:7D:1B:D2:2F:BE,-100
BLE,1670730651589254393,7A:42:DE:5D:AA:F8,-99
BLE,1670730651693131103,42:82:F6:CB:7B:27,-99
BLE,1670730651938567946,5D:30:BE:7C:85:23,-96
BLE,1670730651963163109,42:82:F6:CB:7B:27,-97
BLE,1670730652077441486,CD:4E:AE:D5:AE:42,-80
BLE,1670730652234670055,42:82:F6:CB:7B:27,-97
BLE,1670730652505763922,42:82:F6:CB:7B:27,-97
BLE,1670730652767685691,5D:30:BE:7C:85:23,-97
BLE,1670730652776887664,42:82:F6:CB:7B:27,-98
BLE,1670730652871213156,4B:7D:1B:D2:2F:BE,-103
BLE,1670730652875487854,7A:42:DE:5D:AA:F8,-99
BLE,1670730653046912086,42:82:F6:CB:7B:27,-98
BLE,1670730653318306284,42:82:F6:CB:7B:27,-99
BLE,1670730653657849120,7A:42:DE:5D:AA:F8,-97
BLE,1670730653809269884,4B:7D:1B:D2:2F:BE,-104
BLE,1670730653868317425,5D:30:BE:7C:85:23,-98
BLE,1670730654077521411,CD:4E:AE:D5:AE:42,-79
BLE,1670730654140822275,5D:30:BE:7C:85:23,-98
BLE,1670730654200532433,4B:7D:1B:D2:2F:BE,-101
BLE,1670730654976221529,5D:30:BE:7C:85:23,-97
BLE,1670730655211425786,7A:42:DE:5D:AA:F8,-99
BLE,1670730655671851878,14:BB:6E:11:32:18,-103
BLE,1670730655731220873,7A:42:DE:5D:AA:F8,-100
BLE,1670730655768260511,42:82:F6:CB:7B:27,-98
BLE,1670730655804546159,5D:30:BE:7C:85:23,-97
BLE,1670730656078148329,CD:4E:AE:D5:AE:42,-80
BLE,1670730656803068785,4B:7D:1B:D2:2F:BE,-90
BLE,1670730657015376068,7A:42:DE:5D:AA:F8,-87
BLE,1670730657799159858,7A:42:DE:5D:AA:F8,-97
BLE,1670730658078168547,CD:4E:AE:D5:AE:42,-67
BLE,1670730659050823651,4B:7D:1B:D2:2F:BE,-101
BLE,1670730659569768541,42:82:F6:CB:7B:27,-98
BLE,1670730659652016261,5D:30:BE:7C:85:23,-95
BLE,1670730659794652505,4B:7D:1B:D2:2F:BE,-100
BLE,1670730659840817075,42:82:F6:CB:7B:27,-101
BLE,1670730659924461779,5D:30:BE:7C:85:23,-98
BLE,1670730660078189348,CD:4E:AE:D5:AE:42,-81
BLE,1670730660906771017,4B:7D:1B:D2:2F:BE,-107
BLE,1670730661027019780,5D:30:BE:7C:85:23,-96
BLE,1670730661280201488,4B:7D:1B:D2:2F:BE,-101
BLE,1670730661461328520,4B:7D:1B:D2:2F:BE,-100
BLE,1670730661842768478,4B:7D:1B:D2:2F:BE,-100
BLE,1670730661857550801,5D:30:BE:7C:85:23,-98
BLE,1670730662078095275,CD:4E:AE:D5:AE:42,-79
BLE,1670730662130729268,5D:30:BE:7C:85:23,-97
BLE,1670730662400751690,5D:30:BE:7C:85:23,-97
BLE,1670730662458846909,7A:42:DE:5D:AA:F8,-100
BLE,1670730662770153335,4B:7D:1B:D2:2F:BE,-103
BLE,1670730662830896521,42:82:F6:CB:7B:27,-99
BLE,1670730662976252941,7A:42:DE:5D:AA:F8,-98
BLE,1670730663103379289,42:82:F6:CB:7B:27,-98
BLE,1670730663145405409,4B:7D:1B:D2:2F:BE,-102
BLE,1670730663373832956,42:82:F6:CB:7B:27,-100
BLE,1670730663644857949,42:82:F6:CB:7B:27,-90
BLE,1670730663708185897,4B:7D:1B:D2:2F:BE,-102
BLE,1670730663890612496,4B:7D:1B:D2:2F:BE,-101
BLE,1670730664082078445,CD:4E:AE:D5:AE:42,-82
BLE,1670730664184839711,42:82:F6:CB:7B:27,-98
BLE,1670730664256020022,7A:42:DE:5D:AA:F8,-88
BLE,1670730664330695916,5D:30:BE:7C:85:23,-98
BLE,1670730664601937240,5D:30:BE:7C:85:23,-96
BLE,1670730664841749109,4B:7D:1B:D2:2F:BE,-101
BLE,1670730664873737391,5D:30:BE:7C:85:23,-86
BLE,1670730665588204514,4B:7D:1B:D2:2F:BE,-98
BLE,1670730665957908780,4B:7D:1B:D2:2F:BE,-101
BLE,1670730666087156477,CD:4E:AE:D5:AE:42,-81
BLE,1670730666094687887,42:82:F6:CB:7B:27,-100
BLE,1670730666368642220,42:82:F6:CB:7B:27,-96
BLE,1670730667616275395,5D:30:BE:7C:85:23,-94
BLE,1670730667879813937,7A:42:DE:5D:AA:F8,-99
BLE,1670730667887218223,5D:30:BE:7C:85:23,-96
BLE,1670730668091134064,CD:4E:AE:D5:AE:42,-81
BLE,1670730668186897288,4B:7D:1B:D2:2F:BE,-102
BLE,1670730668705797595,5D:30:BE:7C:85:23,-104
BLE,1670730668914301089,7A:42:DE:5D:AA:F8,-98
BLE,1670730669323252967,4B:7D:1B:D2:2F:BE,-100
BLE,1670730669529383407,5D:30:BE:7C:85:23,-96
BLE,1670730669628506883,42:82:F6:CB:7B:27,-97
BLE,1670730669901056566,42:82:F6:CB:7B:27,-99
BLE,1670730670090982742,CD:4E:AE:D5:AE:42,-81
BLE,1670730670444859532,4B:7D:1B:D2:2F:BE,-100
BLE,1670730670819012994,4B:7D:1B:D2:2F:BE,-99
BLE,1670730670905673328,5D:30:BE:7C:85:23,-97
BLE,1670730671025757010,D7:5C:30:E3:D5:C3,-101
BLE,1670730672021162341,7A:42:DE:5D:AA:F8,-89
BLE,1670730672025296291,14:BB:6E:11:32:18,-92
BLE,1670730672078556984,42:82:F6:CB:7B:27,-88
BLE,1670730672090667964,CD:4E:AE:D5:AE:42,-65
BLE,1670730672314780937,4B:7D:1B:D2:2F:BE,-90
BLE,1670730672351186917,42:82:F6:CB:7B:27,-88
BLE,1670730672538359251,7A:42:DE:5D:AA:F8,-98
BLE,1670730672543495064,5D:30:BE:7C:85:23,-98
BLE,1670730672816960237,5D:30:BE:7C:85:23,-85
BLE,1670730672873034063,4B:7D:1B:D2:2F:BE,-89
BLE,1670730673053577935,7A:42:DE:5D:AA:F8,-87
BLE,1670730673613306168,4B:7D:1B:D2:2F:BE,-102
BLE,1670730673795638935,4B:7D:1B:D2:2F:BE,-91
BLE,1670730673822222532,7A:42:DE:5D:AA:F8,-101
BLE,1670730674091965874,CD:4E:AE:D5:AE:42,-68
BLE,1670730674170815302,4B:7D:1B:D2:2F:BE,-92
BLE,1670730674190663147,5D:30:BE:7C:85:23,-86
BLE,1670730674339011698,7A:42:DE:5D:AA:F8,-89
BLE,1670730674531086973,42:82:F6:CB:7B:27,-87
BLE,1670730674732512303,4B:7D:1B:D2:2F:BE,-107
BLE,1670730674804846267,42:82:F6:CB:7B:27,-99
BLE,1670730674855520699,7A:42:DE:5D:AA:F8,-99
BLE,1670730674913459295,4B:7D:1B:D2:2F:BE,-103
BLE,1670730675019494688,5D:30:BE:7C:85:23,-98
BLE,1670730675037566970,D7:5C:30:E3:D5:C3,-105
BLE,1670730675076144465,42:82:F6:CB:7B:27,-100
BLE,1670730675285753363,4B:7D:1B:D2:2F:BE,-101
BLE,1670730675291995330,5D:30:BE:7C:85:23,-95
BLE,1670730675562098168,5D:30:BE:7C:85:23,-96
BLE,1670730675621924032,7A:42:DE:5D:AA:F8,-99
BLE,1670730676095822046,CD:4E:AE:D5:AE:42,-79
BLE,1670730676390937166,5D:30:BE:7C:85:23,-95
BLE,1670730676579257612,4B:7D:1B:D2:2F:BE,-99
BLE,1670730676663245144,5D:30:BE:7C:85:23,-96
BLE,1670730676714896524,42:82:F6:CB:7B:27,-98
BLE,1670730676769703032,4B:7D:1B:D2:2F:BE,-103
BLE,1670730676924842543,7A:42:DE:5D:AA:F8,-98
BLE,1670730676984949737,42:82:F6:CB:7B:27,-99
BLE,1670730677147905779,4B:7D:1B:D2:2F:BE,-101
BLE,1670730677258703698,42:82:F6:CB:7B:27,-99
BLE,1670730677440801426,7A:42:DE:5D:AA:F8,-100
BLE,1670730677768170618,5D:30:BE:7C:85:23,-96
BLE,1670730677960366641,7A:42:DE:5D:AA:F8,-89
BLE,1670730678032801146,14:BB:6E:11:32:18,-92
BLE,1670730678098340567,CD:4E:AE:D5:AE:42,-70
BLE,1670730678269562801,4B:7D:1B:D2:2F:BE,-90
BLE,1670730678450895831,4B:7D:1B:D2:2F:BE,-104
BLE,1670730678817806880,4B:7D:1B:D2:2F:BE,-89
BLE,1670730678869416843,5D:30:BE:7C:85:23,-84
BLE,1670730678896165105,42:82:F6:CB:7B:27,-87
BLE,1670730678996445484,7A:42:DE:5D:AA:F8,-97
BLE,1670730679167688093,42:82:F6:CB:7B:27,-87
BLE,1670730679437631724,42:82:F6:CB:7B:27,-98
BLE,1670730679711298519,42:82:F6:CB:7B:27,-87
BLE,1670730679969559582,5D:30:BE:7C:85:23,-86
BLE,1670730680103937051,CD:4E:AE:D5:AE:42,-81
BLE,1670730680119885901,4B:7D:1B:D2:2F:BE,-99
BLE,1670730680239438089,5D:30:BE:7C:85:23,-96
BLE,1670730680509516886,5D:30:BE:7C:85:23,-96
BLE,1670730680783157473,5D:30:BE:7C:85:23,-97
BLE,1670730681236853646,4B:7D:1B:D2:2F:BE,-92
BLE,1670730681343190202,5D:30:BE:7C:85:23,-97
BLE,1670730681829869604,7A:42:DE:5D:AA:F8,-98
BLE,1670730682103680105,CD:4E:AE:D5:AE:42,-79
BLE,1670730682167794376,4B:7D:1B:D2:2F:BE,-102
BLE,1670730682348117793,7A:42:DE:5D:AA:F8,-97
BLE,1670730682430056808,42:82:F6:CB:7B:27,-99
BLE,1670730682543280073,4B:7D:1B:D2:2F:BE,-100
BLE,1670730682700001648,42:82:F6:CB:7B:27,-98
BLE,1670730682718117055,5D:30:BE:7C:85:23,-97
BLE,1670730682725768755,4B:7D:1B:D2:2F:BE,-101
BLE,1670730682973943898,42:82:F6:CB:7B:27,-97
BLE,1670730683057720183,D7:5C:30:E3:D5:C3,-103
BLE,1670730683818435459,5D:30:BE:7C:85:23,-95
BLE,1670730684037036374,4B:7D:1B:D2:2F:BE,-99
BLE,1670730684090636646,5D:30:BE:7C:85:23,-96
BLE,1670730684107788524,CD:4E:AE:D5:AE:42,-80
BLE,1670730684149638729,7A:42:DE:5D:AA:F8,-97
BLE,1670730684232291819,4B:7D:1B:D2:2F:BE,-100
BLE,1670730684360611277,5D:30:BE:7C:85:23,-97
BLE,1670730684419442862,4B:7D:1B:D2:2F:BE,-100
BLE,1670730684610110196,42:82:F6:CB:7B:27,-99
BLE,1670730684668853449,7A:42:DE:5D:AA:F8,-88
BLE,1670730684798279227,4B:7D:1B:D2:2F:BE,-89
BLE,1670730684885043184,42:82:F6:CB:7B:27,-90
BLE,1670730685155060065,42:82:F6:CB:7B:27,-97
BLE,1670730685186653893,7A:42:DE:5D:AA:F8,-88
BLE,1670730685535387286,4B:7D:1B:D2:2F:BE,-91
BLE,1670730685701939618,7A:42:DE:5D:AA:F8,-88
BLE,1670730685720840100,4B:7D:1B:D2:2F:BE,-90
BLE,1670730685731968091,5D:30:BE:7C:85:23,-85
BLE,1670730686002179552,5D:30:BE:7C:85:23,-84
BLE,1670730686097908652,4B:7D:1B:D2:2F:BE,-91
BLE,1670730686108496066,CD:4E:AE:D5:AE:42,-65
BLE,1670730686216714974,7A:42:DE:5D:AA:F8,-99
BLE,1670730686463695757,4B:7D:1B:D2:2F:BE,-91
BLE,1670730686671037140,C8:B2:1E:C1:4C:16,-100
BLE,1670730686735731321,7A:42:DE:5D:AA:F8,-88
BLE,1670730687008890997,4B:7D:1B:D2:2F:BE,-90
BLE,1670730687062861390,D7:5C:30:E3:D5:C3,-101
BLE,1670730687104429349,5D:30:BE:7C:85:23,-85
BLE,1670730687253240561,7A:42:DE:5D:AA:F8,-86
BLE,1670730687374421813,5D:30:BE:7C:85:23,-97
BLE,1670730687760846587,4B:7D:1B:D2:2F:BE,-90
BLE,1670730688143068744,42:82:F6:CB:7B:27,-100
BLE,1670730688207136141,5D:30:BE:7C:85:23,-96
BLE,1670730688413929239,42:82:F6:CB:7B:27,-89
BLE,1670730688685292770,42:82:F6:CB:7B:27,-100
BLE,1670730688959169604,42:82:F6:CB:7B:27,-99
BLE,1670730689036932962,5D:30:BE:7C:85:23,-86
BLE,1670730690091777995,7A:42:DE:5D:AA:F8,-99
BLE,1670730690112439205,CD:4E:AE:D5:AE:42,-79
BLE,1670730690194170764,4B:7D:1B:D2:2F:BE,-102
BLE,1670730690376048204,4B:7D:1B:D2:2F:BE,-101
BLE,1670730690865565655,42:82:F6:CB:7B:27,-99
BLE,1670730691136609898,42:82:F6:CB:7B:27,-99
BLE,1670730691243157743,5D:30:BE:7C:85:23,-96
BLE,1670730691411593844,42:82:F6:CB:7B:27,-97
BLE,1670730691515437513,5D:30:BE:7C:85:23,-96
BLE,1670730691681591266,42:82:F6:CB:7B:27,-97
BLE,1670730691865091020,4B:7D:1B:D2:2F:BE,-102
BLE,1670730691910692222,7A:42:DE:5D:AA:F8,-98
BLE,1670730691951615897,42:82:F6:CB:7B:27,-97
BLE,1670730692117922482,CD:4E:AE:D5:AE:42,-80
BLE,1670730692992515723,4B:7D:1B:D2:2F:BE,-100
BLE,1670730693154407569,5D:30:BE:7C:85:23,-97
BLE,1670730693363631430,4B:7D:1B:D2:2F:BE,-101
BLE,1670730693587865236,42:82:F6:CB:7B:27,-99
BLE,1670730694120655792,CD:4E:AE:D5:AE:42,-80
BLE,1670730694131465329,42:82:F6:CB:7B:27,-99
BLE,1670730694766109078,7A:42:DE:5D:AA:F8,-97
BLE,1670730695088341956,5D:30:BE:7C:85:23,-95
BLE,1670730695532623201,7A:42:DE:5D:AA:F8,-99
BLE,1670730696123202187,CD:4E:AE:D5:AE:42,-81
BLE,1670730696195499069,5D:30:BE:7C:85:23,-96
BLE,1670730696465483491,5D:30:BE:7C:85:23,-96
BLE,1670730696535106321,4B:7D:1B:D2:2F:BE,-104
BLE,1670730697062394985,7A:42:DE:5D:AA:F8,-99
BLE,1670730697122342515,42:82:F6:CB:7B:27,-98
BLE,1670730697268835338,4B:7D:1B:D2:2F:BE,-100
BLE,1670730697391768486,42:82:F6:CB:7B:27,-98
BLE,1670730697579911434,7A:42:DE:5D:AA:F8,-98
BLE,1670730697664218087,42:82:F6:CB:7B:27,-98
BLE,1670730697858079174,5D:30:BE:7C:85:23,-96
BLE,1670730697934231343,42:82:F6:CB:7B:27,-99
BLE,1670730698122706828,CD:4E:AE:D5:AE:42,-79
BLE,1670730698617252344,7A:42:DE:5D:AA:F8,-97
BLE,1670730698689268603,5D:30:BE:7C:85:23,-97
BLE,1670730699132628109,4B:7D:1B:D2:2F:BE,-98
BLE,1670730699136414439,7A:42:DE:5D:AA:F8,-98
BLE,1670730699898971068,7A:42:DE:5D:AA:F8,-99
BLE,1670730700123110999,CD:4E:AE:D5:AE:42,-79
BLE,1670730700334483043,5D:30:BE:7C:85:23,-97
BLE,1670730700653033590,42:82:F6:CB:7B:27,-99
BLE,1670730700663768794,7A:42:DE:5D:AA:F8,-99
BLE,1670730700927924995,42:82:F6:CB:7B:27,-99
BLE,1670730701438128406,5D:30:BE:7C:85:23,-98
BLE,1670730702123245674,CD:4E:AE:D5:AE:42,-79
BLE,1670730702137754916,4B:7D:1B:D2:2F:BE,-90
BLE,1670730702266964072,5D:30:BE:7C:85:23,-97
BLE,1670730702889053555,4B:7D:1B:D2:2F:BE,-104
BLE,1670730703080579754,4B:7D:1B:D2:2F:BE,-92
BLE,1670730703099275446,5D:30:BE:7C:85:23,-98
BLE,1670730703109676238,D7:5C:30:E3:D5:C3,-100
BLE,1670730704018953853,4B:7D:1B:D2:2F:BE,-92
BLE,1670730704128093459,CD:4E:AE:D5:AE:42,-79
BLE,1670730704284976740,7A:42:DE:5D:AA:F8,-98
BLE,1670730704396120988,4B:7D:1B:D2:2F:BE,-91
BLE,1670730704473404184,5D:30:BE:7C:85:23,-84
BLE,1670730704579888072,4B:7D:1B:D2:2F:BE,-103
BLE,1670730704951861268,4B:7D:1B:D2:2F:BE,-103
BLE,1670730705037917776,5D:30:BE:7C:85:23,-99
BLE,1670730705143669297,4B:7D:1B:D2:2F:BE,-102
BLE,1670730705303078257,5D:30:BE:7C:85:23,-96
BLE,1670730705323684634,7A:42:DE:5D:AA:F8,-90
BLE,1670730705575361568,5D:30:BE:7C:85:23,-98
BLE,1670730706128445422,CD:4E:AE:D5:AE:42,-79
BLE,1670730706353747007,7A:42:DE:5D:AA:F8,-98
BLE,1670730706876437976,7A:42:DE:5D:AA:F8,-100
BLE,1670730707241604713,5D:30:BE:7C:85:23,-96
BLE,1670730707718219486,42:82:F6:CB:7B:27,-87
BLE,1670730707742415237,4B:7D:1B:D2:2F:BE,-92
BLE,1670730707926262570,4B:7D:1B:D2:2F:BE,-90
BLE,1670730707989393894,42:82:F6:CB:7B:27,-96
BLE,1670730708127566276,CD:4E:AE:D5:AE:42,-80
BLE,1670730708259410900,42:82:F6:CB:7B:27,-96
BLE,1670730708633002661,5D:30:BE:7C:85:23,-98
BLE,1670730708942580441,7A:42:DE:5D:AA:F8,-96
BLE,1670730709176701753,5D:30:BE:7C:85:23,-86
BLE,1670730709416135084,4B:7D:1B:D2:2F:BE,-93
BLE,1670730709450268215,5D:30:BE:7C:85:23,-107
BLE,1670730710130150587,CD:4E:AE:D5:AE:42,-79
BLE,1670730710277838146,5D:30:BE:7C:85:23,-97
BLE,1670730710720275372,4B:7D:1B:D2:2F:BE,-104
BLE,1670730711793297020,42:82:F6:CB:7B:27,-99
BLE,1670730712038335159,4B:7D:1B:D2:2F:BE,-105
BLE,1670730712063189027,42:82:F6:CB:7B:27,-100
BLE,1670730712131639079,CD:4E:AE:D5:AE:42,-79
BLE,1670730712227589510,4B:7D:1B:D2:2F:BE,-99
BLE,1670730712273746038,7A:42:DE:5D:AA:F8,-97
BLE,1670730712333176116,42:82:F6:CB:7B:27,-98
BLE,1670730712966170135,4B:7D:1B:D2:2F:BE,-101
BLE,1670730713313343713,5D:30:BE:7C:85:23,-85
BLE,1670730713587843748,5D:30:BE:7C:85:23,-95
BLE,1670730713707480227,4B:7D:1B:D2:2F:BE,-99
BLE,1670730713858953699,5D:30:BE:7C:85:23,-95
BLE,1670730714131587339,CD:4E:AE:D5:AE:42,-79
BLE,1670730714268722067,4B:7D:1B:D2:2F:BE,-102
BLE,1670730714416403000,5D:30:BE:7C:85:23,-97
BLE,1670730715055742110,42:82:F6:CB:7B:27,-98
BLE,1670730715325957654,42:82:F6:CB:7B:27,-97
BLE,1670730715597099855,42:82:F6:CB:7B:27,-100
BLE,1670730715790221201,5D:30:BE:7C:85:23,-99
BLE,1670730715867134152,42:82:F6:CB:7B:27,-98
BLE,1670730716063963287,5D:30:BE:7C:85:23,-96
BLE,1670730716134154526,CD:4E:AE:D5:AE:42,-79
BLE,1670730716146969664,7A:42:DE:5D:AA:F8,-99
BLE,1670730716929058517,7A:42:DE:5D:AA:F8,-88
BLE,1670730717120731630,14:BB:6E:11:32:18,-91
BLE,1670730717258857554,4B:7D:1B:D2:2F:BE,-90
BLE,1670730717434189613,5D:30:BE:7C:85:23,-96
BLE,1670730718136896295,CD:4E:AE:D5:AE:42,-66
BLE,1670730718215833721,7A:42:DE:5D:AA:F8,-88
BLE,1670730718589594355,42:82:F6:CB:7B:27,-99
BLE,1670730718803876155,5D:30:BE:7C:85:23,-97
BLE,1670730719515877266,7A:42:DE:5D:AA:F8,-99
BLE,1670730719869492892,4B:7D:1B:D2:2F:BE,-101
BLE,1670730719911377097,5D:30:BE:7C:85:23,-97
BLE,1670730720501024221,42:82:F6:CB:7B:27,-98
BLE,1670730720770896186,42:82:F6:CB:7B:27,-100
BLE,1670730720801260071,7A:42:DE:5D:AA:F8,-99
BLE,1670730721040844651,42:82:F6:CB:7B:27,-97
BLE,1670730721183919932,4B:7D:1B:D2:2F:BE,-108
BLE,1670730721310970113,42:82:F6:CB:7B:27,-100
BLE,1670730721580882287,42:82:F6:CB:7B:27,-98
BLE,1670730721586437095,C8:B2:1E:C1:4C:16,-102
BLE,1670730721851053290,42:82:F6:CB:7B:27,-98
BLE,1670730722082640049,7A:42:DE:5D:AA:F8,-99
BLE,1670730722092553888,5D:30:BE:7C:85:23,-97
BLE,1670730722123241478,42:82:F6:CB:7B:27,-101
BLE,1670730722141686256,CD:4E:AE:D5:AE:42,-79
BLE,1670730722393350899,42:82:F6:CB:7B:27,-99
BLE,1670730722846562828,7A:42:DE:5D:AA:F8,-101
BLE,1670730723605258837,4B:7D:1B:D2:2F:BE,-101
BLE,1670730723733862458,5D:30:BE:7C:85:23,-96
BLE,1670730723787594104,4B:7D:1B:D2:2F:BE,-101
BLE,1670730723881283520,7A:42:DE:5D:AA:F8,-98
BLE,1670730724911773554,4B:7D:1B:D2:2F:BE,-107
BLE,1670730724918493140,7A:42:DE:5D:AA:F8,-98
BLE,1670730725106511756,5D:30:BE:7C:85:23,-97
BLE,1670730725378990398,5D:30:BE:7C:85:23,-99
BLE,1670730725469262689,4B:7D:1B:D2:2F:BE,-106
BLE,1670730725652158449,42:82:F6:CB:7B:27,-98
BLE,1670730725923408023,42:82:F6:CB:7B:27,-99
BLE,1670730725956814872,7A:42:DE:5D:AA:F8,-98
BLE,1670730726143840916,CD:4E:AE:D5:AE:42,-80
BLE,1670730726194659722,42:82:F6:CB:7B:27,-98
BLE,1670730726464944766,42:82:F6:CB:7B:27,-98
BLE,1670730726481435026,5D:30:BE:7C:85:23,-96
BLE,1670730726734739858,42:82:F6:CB:7B:27,-99
BLE,1670730727041522421,5D:30:BE:7C:85:23,-98
BLE,1670730727314052605,5D:30:BE:7C:85:23,-97
BLE,1670730727323979402,4B:7D:1B:D2:2F:BE,-101
BLE,1670730727755966628,7A:42:DE:5D:AA:F8,-97
BLE,1670730727881221081,4B:7D:1B:D2:2F:BE,-101
BLE,1670730728145176951,CD:4E:AE:D5:AE:42,-80
BLE,1670730728268430887,7A:42:DE:5D:AA:F8,-100
BLE,1670730728445002807,4B:7D:1B:D2:2F:BE,-100
BLE,1670730729007920543,4B:7D:1B:D2:2F:BE,-100
BLE,1670730729184899750,42:82:F6:CB:7B:27,-98
BLE,1670730729192189370,4B:7D:1B:D2:2F:BE,-104
BLE,1670730729938421570,4B:7D:1B:D2:2F:BE,-101
BLE,1670730730072621916,7A:42:DE:5D:AA:F8,-99
BLE,1670730730149116038,CD:4E:AE:D5:AE:42,-80
BLE,1670730730309172615,4B:7D:1B:D2:2F:BE,-108
BLE,1670730730501061101,4B:7D:1B:D2:2F:BE,-101
BLE,1670730730638909153,5D:30:BE:7C:85:23,-96
BLE,1670730730834145057,7A:42:DE:5D:AA:F8,-100
BLE,1670730730876140386,4B:7D:1B:D2:2F:BE,-100
BLE,1670730731165536450,D7:5C:30:E3:D5:C3,-102
BLE,1670730731351775587,7A:42:DE:5D:AA:F8,-98
BLE,1670730731869499658,7A:42:DE:5D:AA:F8,-88
BLE,1670730732150232076,CD:4E:AE:D5:AE:42,-67
BLE,1670730732448510451,42:82:F6:CB:7B:27,-89
BLE,1670730732825138217,5D:30:BE:7C:85:23,-87
BLE,1670730732904884258,7A:42:DE:5D:AA:F8,-88
BLE,1670730732990946183,42:82:F6:CB:7B:27,-98
BLE,1670730733096443665,5D:30:BE:7C:85:23,-85
BLE,1670730733166923651,D7:5C:30:E3:D5:C3,-89
BLE,1670730733261004271,42:82:F6:CB:7B:27,-88
BLE,1670730733308969778,4B:7D:1B:D2:2F:BE,-88
BLE,1670730733942943327,7A:42:DE:5D:AA:F8,-98
BLE,1670730734150372834,CD:4E:AE:D5:AE:42,-66
BLE,1670730734197816056,5D:30:BE:7C:85:23,-84
BLE,1670730734468833174,5D:30:BE:7C:85:23,-85
BLE,1670730734705177584,7A:42:DE:5D:AA:F8,-87
BLE,1670730734789888441,4B:7D:1B:D2:2F:BE,-91
BLE,1670730735300264975,5D:30:BE:7C:85:23,-95
BLE,1670730735532847014,4B:7D:1B:D2:2F:BE,-100
BLE,1670730735571326260,5D:30:BE:7C:85:23,-97
BLE,1670730735712340107,42:82:F6:CB:7B:27,-100
BLE,1670730735719525604,7A:42:DE:5D:AA:F8,-98
BLE,1670730735722211072,4B:7D:1B:D2:2F:BE,-102
BLE,1670730735841310308,5D:30:BE:7C:85:23,-96
BLE,1670730735982341571,42:82:F6:CB:7B:27,-98
BLE,1670730736151715786,CD:4E:AE:D5:AE:42,-80
BLE,1670730736237944875,7A:42:DE:5D:AA:F8,-99
BLE,1670730736252314077,42:82:F6:CB:7B:27,-97
BLE,1670730736396073641,5D:30:BE:7C:85:23,-107
BLE,1670730736671429541,5D:30:BE:7C:85:23,-95
BLE,1670730736753861801,7A:42:DE:5D:AA:F8,-102
BLE,1670730737196828853,4B:7D:1B:D2:2F:BE,-101
BLE,1670730737379470575,4B:7D:1B:D2:2F:BE,-102
BLE,1670730737946690592,4B:7D:1B:D2:2F:BE,-100
BLE,1670730738039537477,7A:42:DE:5D:AA:F8,-99
BLE,1670730738045165368,5D:30:BE:7C:85:23,-97
BLE,1670730738155409460,CD:4E:AE:D5:AE:42,-81
BLE,1670730739071609867,4B:7D:1B:D2:2F:BE,-102
BLE,1670730739321005579,7A:42:DE:5D:AA:F8,-99
BLE,1670730739416394016,5D:30:BE:7C:85:23,-93
BLE,1670730739444910965,4B:7D:1B:D2:2F:BE,-92
BLE,1670730739782396868,42:82:F6:CB:7B:27,-88
BLE,1670730739838564568,7A:42:DE:5D:AA:F8,-96
BLE,1670730740053827481,42:82:F6:CB:7B:27,-87
BLE,1670730740159097008,CD:4E:AE:D5:AE:42,-81
BLE,1670730740246431792,5D:30:BE:7C:85:23,-96
BLE,1670730740324987015,42:82:F6:CB:7B:27,-101
BLE,1670730740357045296,7A:42:DE:5D:AA:F8,-98
BLE,1670730740516513338,5D:30:BE:7C:85:23,-96
BLE,1670730740594917188,42:82:F6:CB:7B:27,-99
BLE,1670730740914119561,C8:B2:1E:C1:4C:16,-102
BLE,1670730741192657755,D7:5C:30:E3:D5:C3,-102
BLE,1670730741352649125,5D:30:BE:7C:85:23,-97
BLE,1670730742162105065,CD:4E:AE:D5:AE:42,-80
BLE,1670730742421585322,7A:42:DE:5D:AA:F8,-99
BLE,1670730742618486956,4B:7D:1B:D2:2F:BE,-100
BLE,1670730742726221911,5D:30:BE:7C:85:23,-96
BLE,1670730743358669854,4B:7D:1B:D2:2F:BE,-104
BLE,1670730743823731682,5D:30:BE:7C:85:23,-97
BLE,1670730743853562157,42:82:F6:CB:7B:27,-98
BLE,1670730744124837314,42:82:F6:CB:7B:27,-98
BLE,1670730744166609270,CD:4E:AE:D5:AE:42,-80
BLE,1670730744395356022,42:82:F6:CB:7B:27,-99
BLE,1670730744491445242,7A:42:DE:5D:AA:F8,-100
BLE,1670730744667468002,42:82:F6:CB:7B:27,-99
BLE,1670730746169465162,CD:4E:AE:D5:AE:42,-81
BLE,1670730746641275660,14:BB:6E:11:32:18,-100
BLE,1670730746840176061,5D:30:BE:7C:85:23,-86
BLE,1670730747095938280,4B:7D:1B:D2:2F:BE,-92
BLE,1670730747387634108,5D:30:BE:7C:85:23,-93
BLE,1670730747927568370,42:82:F6:CB:7B:27,-97
BLE,1670730748174095533,CD:4E:AE:D5:AE:42,-66
BLE,1670730748200051554,42:82:F6:CB:7B:27,-88
BLE,1670730748409321165,4B:7D:1B:D2:2F:BE,-88
BLE,1670730749166907103,4B:7D:1B:D2:2F:BE,-103
BLE,1670730749212072352,D7:5C:30:E3:D5:C3,-99
BLE,1670730749348910041,4B:7D:1B:D2:2F:BE,-106
BLE,1670730749400176133,7A:42:DE:5D:AA:F8,-101
BLE,1670730749535747796,4B:7D:1B:D2:2F:BE,-102
BLE,1670730749838829696,42:82:F6:CB:7B:27,-98
BLE,1670730749906608965,4B:7D:1B:D2:2F:BE,-102
BLE,1670730749917512917,7A:42:DE:5D:AA:F8,-98
BLE,1670730750111325422,42:82:F6:CB:7B:27,-98
BLE,1670730750146225252,5D:30:BE:7C:85:23,-96
BLE,1670730750174400247,CD:4E:AE:D5:AE:42,-82
BLE,1670730750381404510,42:82:F6:CB:7B:27,-99
BLE,1670730750416274549,5D:30:BE:7C:85:23,-96
BLE,1670730750433093597,7A:42:DE:5D:AA:F8,-99
BLE,1670730750458418876,4B:7D:1B:D2:2F:BE,-101
BLE,1670730750921335355,42:82:F6:CB:7B:27,-100
BLE,1670730751249307664,5D:30:BE:7C:85:23,-96
BLE,1670730751521679850,5D:30:BE:7C:85:23,-96
BLE,1670730751753101527,4B:7D:1B:D2:2F:BE,-102
BLE,1670730751791243986,5D:30:BE:7C:85:23,-96
BLE,1670730751943008287,4B:7D:1B:D2:2F:BE,-101
BLE,1670730752174443006,CD:4E:AE:D5:AE:42,-80
BLE,1670730752254303963,7A:42:DE:5D:AA:F8,-98
BLE,1670730752621244137,5D:30:BE:7C:85:23,-96
BLE,1670730752776306774,7A:42:DE:5D:AA:F8,-99
BLE,1670730752864104761,4B:7D:1B:D2:2F:BE,-103
BLE,1670730753213467146,D7:5C:30:E3:D5:C3,-101
BLE,1670730753607049083,4B:7D:1B:D2:2F:BE,-101
BLE,1670730753643877308,42:82:F6:CB:7B:27,-98
BLE,1670730753811326796,7A:42:DE:5D:AA:F8,-98
BLE,1670730753997644098,5D:30:BE:7C:85:23,-96
BLE,1670730754175940914,CD:4E:AE:D5:AE:42,-81
BLE,1670730754185193178,42:82:F6:CB:7B:27,-100
BLE,1670730754455193767,42:82:F6:CB:7B:27,-99
BLE,1670730754826241850,5D:30:BE:7C:85:23,-95
BLE,1670730754845569285,7A:42:DE:5D:AA:F8,-98
BLE,1670730754906411387,4B:7D:1B:D2:2F:BE,-100
BLE,1670730755097488966,5D:30:BE:7C:85:23,-97
BLE,1670730755221128647,D7:5C:30:E3:D5:C3,-101
BLE,1670730755360185143,7A:42:DE:5D:AA:F8,-98
BLE,1670730756029623349,4B:7D:1B:D2:2F:BE,-102
BLE,1670730756178435894,CD:4E:AE:D5:AE:42,-81
BLE,1670730756202489021,5D:30:BE:7C:85:23,-99
BLE,1670730756364091996,42:82:F6:CB:7B:27,-98
BLE,1670730756476061651,5D:30:BE:7C:85:23,-102
BLE,1670730756636449724,42:82:F6:CB:7B:27,-98
BLE,1670730756908823201,42:82:F6:CB:7B:27,-97
BLE,1670730757033528994,5D:30:BE:7C:85:23,-85
BLE,1670730757178847915,42:82:F6:CB:7B:27,-99
BLE,1670730757874138310,4B:7D:1B:D2:2F:BE,-106
BLE,1670730758178705650,CD:4E:AE:D5:AE:42,-81
BLE,1670730758943632584,5D:30:BE:7C:85:23,-95
BLE,1670730758964251336,7A:42:DE:5D:AA:F8,-98
BLE,1670730759216037894,5D:30:BE:7C:85:23,-98
BLE,1670730759476473014,7A:42:DE:5D:AA:F8,-97
BLE,1670730760178426871,CD:4E:AE:D5:AE:42,-79
BLE,1670730760317377910,5D:30:BE:7C:85:23,-95
BLE,1670730760588603068,5D:30:BE:7C:85:23,-97
BLE,1670730760664443948,4B:7D:1B:D2:2F:BE,-99
BLE,1670730760765249862,7A:42:DE:5D:AA:F8,-98
BLE,1670730760850118800,4B:7D:1B:D2:2F:BE,-102
BLE,1670730761251360229,D7:5C:30:E3:D5:C3,-101
BLE,1670730761277811911,7A:42:DE:5D:AA:F8,-99
BLE,1670730761772942962,4B:7D:1B:D2:2F:BE,-92
BLE,1670730762059133023,42:82:F6:CB:7B:27,-97
BLE,1670730762181938880,CD:4E:AE:D5:AE:42,-65
BLE,1670730762329081321,42:82:F6:CB:7B:27,-89
BLE,1670730762519743946,4B:7D:1B:D2:2F:BE,-91
BLE,1670730762601455256,42:82:F6:CB:7B:27,-88
BLE,1670730762769786150,5D:30:BE:7C:85:23,-84
BLE,1670730762871479220,42:82:F6:CB:7B:27,-99
BLE,1670730762900727827,4B:7D:1B:D2:2F:BE,-90
BLE,1670730764182164804,CD:4E:AE:D5:AE:42,-70
BLE,1670730764788380186,4B:7D:1B:D2:2F:BE,-102
BLE,1670730764881424860,7A:42:DE:5D:AA:F8,-97
BLE,1670730765341467040,4B:7D:1B:D2:2F:BE,-103
BLE,1670730765590468798,42:82:F6:CB:7B:27,-98
BLE,1670730765862936524,42:82:F6:CB:7B:27,-101
BLE,1670730765912404930,7A:42:DE:5D:AA:F8,-98
BLE,1670730766164388235,7A:42:DE:5D:AA:F8,-100
BLE,1670730766182147730,CD:4E:AE:D5:AE:42,-79
BLE,1670730766286500351,4B:7D:1B:D2:2F:BE,-102
BLE,1670730766324653893,5D:30:BE:7C:85:23,-97
BLE,1670730766595895092,5D:30:BE:7C:85:23,-97
BLE,1670730766866490716,5D:30:BE:7C:85:23,-96
BLE,1670730767139959221,5D:30:BE:7C:85:23,-95
BLE,1670730767958819882,4B:7D:1B:D2:2F:BE,-91
BLE,1670730767970884487,5D:30:BE:7C:85:23,-96
BLE,1670730768240887451,5D:30:BE:7C:85:23,-86
BLE,1670730768582969215,42:82:F6:CB:7B:27,-98
BLE,1670730768852968721,42:82:F6:CB:7B:27,-88
BLE,1670730769073336365,5D:30:BE:7C:85:23,-84
BLE,1670730769076936030,4B:7D:1B:D2:2F:BE,-95
BLE,1670730769123779925,42:82:F6:CB:7B:27,-90
BLE,1670730769785932219,7A:42:DE:5D:AA:F8,-100
BLE,1670730769903531389,5D:30:BE:7C:85:23,-95
BLE,1670730770060962122,14:BB:6E:11:32:18,-106
BLE,1670730770183252569,CD:4E:AE:D5:AE:42,-79
BLE,1670730770571682944,7A:42:DE:5D:AA:F8,-99
BLE,1670730771269499559,D7:5C:30:E3:D5:C3,-92
BLE,1670730771275827483,5D:30:BE:7C:85:23,-95
BLE,1670730771546096277,5D:30:BE:7C:85:23,-95
BLE,1670730771817167269,5D:30:BE:7C:85:23,-96
BLE,1670730771855049481,7A:42:DE:5D:AA:F8,-98
BLE,1670730772187166032,CD:4E:AE:D5:AE:42,-79
BLE,1670730772384339746,42:82:F6:CB:7B:27,-100
BLE,1670730772655560154,42:82:F6:CB:7B:27,-100
BLE,1670730772891518318,7A:42:DE:5D:AA:F8,-97
BLE,1670730772919557398,5D:30:BE:7C:85:23,-95
BLE,1670730772928016463,42:82:F6:CB:7B:27,-100
BLE,1670730773198192508,42:82:F6:CB:7B:27,-100
BLE,1670730773408829852,7A:42:DE:5D:AA:F8,-101
BLE,1670730773468072099,42:82:F6:CB:7B:27,-99
BLE,1670730773479534586,5D:30:BE:7C:85:23,-96
BLE,1670730773749768839,5D:30:BE:7C:85:23,-97
BLE,1670730774192448853,CD:4E:AE:D5:AE:42,-79
BLE,1670730774299494233,4B:7D:1B:D2:2F:BE,-101
BLE,1670730775050370461,4B:7D:1B:D2:2F:BE,-103
BLE,1670730775123308709,5D:30:BE:7C:85:23,-95
BLE,1670730775393804501,5D:30:BE:7C:85:23,-98
BLE,1670730775667125050,5D:30:BE:7C:85:23,-97
BLE,1670730776009674684,7A:42:DE:5D:AA:F8,-106
BLE,1670730776196115777,CD:4E:AE:D5:AE:42,-79
BLE,1670730776460657057,42:82:F6:CB:7B:27,-99
BLE,1670730776533575472,7A:42:DE:5D:AA:F8,-99
BLE,1670730777817314713,7A:42:DE:5D:AA:F8,-88
BLE,1670730778034180482,4B:7D:1B:D2:2F:BE,-94
BLE,1670730778370936061,42:82:F6:CB:7B:27,-99
BLE,1670730778582251355,4D:AD:7D:48:A1:5B,-87
BLE,1670730778644256277,42:82:F6:CB:7B:27,-87
BLE,1670730778677183589,5D:30:BE:7C:85:23,-95
BLE,1670730779144175770,4B:7D:1B:D2:2F:BE,-91
BLE,1670730779698266653,4B:7D:1B:D2:2F:BE,-103
BLE,1670730779863874747,4D:AD:7D:48:A1:5B,-99
BLE,1670730780202469261,CD:4E:AE:D5:AE:42,-79
BLE,1670730780270729274,4B:7D:1B:D2:2F:BE,-98
BLE,1670730781364744379,42:82:F6:CB:7B:27,-97
BLE,1670730781667436200,4D:AD:7D:48:A1:5B,-99
BLE,1670730782132586069,4B:7D:1B:D2:2F:BE,-101
BLE,1670730782202502771,CD:4E:AE:D5:AE:42,-79
BLE,1670730782527103453,5D:30:BE:7C:85:23,-96
BLE,1670730783300012874,D7:5C:30:E3:D5:C3,-102
BLE,1670730783360884643,5D:30:BE:7C:85:23,-98
BLE,1670730783545767213,42:82:F6:CB:7B:27,-97
BLE,1670730783632050510,5D:30:BE:7C:85:23,-95
BLE,1670730784085773641,42:82:F6:CB:7B:27,-99
BLE,1670730784202419239,CD:4E:AE:D5:AE:42,-80
BLE,1670730784357066215,42:82:F6:CB:7B:27,-98
BLE,1670730784459814855,5D:30:BE:7C:85:23,-96
BLE,1670730784993299486,4D:AD:7D:48:A1:5B,-99
BLE,1670730785303719589,D7:5C:30:E3:D5:C3,-101
BLE,1670730785511109097,4D:AD:7D:48:A1:5B,-98
BLE,1670730785662329989,4B:7D:1B:D2:2F:BE,-102
BLE,1670730786028327549,4D:AD:7D:48:A1:5B,-97
BLE,1670730786204800179,CD:4E:AE:D5:AE:42,-79
BLE,1670730787064581098,4D:AD:7D:48:A1:5B,-98
BLE,1670730787303601725,D7:5C:30:E3:D5:C3,-105
BLE,1670730787500874063,45:34:99:79:69:36,-96
BLE,1670730787584858888,4D:AD:7D:48:A1:5B,-87
BLE,1670730787712532478,4B:7D:1B:D2:2F:BE,-99
BLE,1670730788158455870,42:82:F6:CB:7B:27,-101
BLE,1670730788204823646,CD:4E:AE:D5:AE:42,-79
BLE,1670730788431910293,42:82:F6:CB:7B:27,-98
BLE,1670730788455423218,4B:7D:1B:D2:2F:BE,-103
BLE,1670730788602142164,45:34:99:79:69:36,-97
BLE,1670730788614929010,4D:AD:7D:48:A1:5B,-99
BLE,1670730788637473114,4B:7D:1B:D2:2F:BE,-102
BLE,1670730788874487475,45:34:99:79:69:36,-95
BLE,1670730789305883249,D7:5C:30:E3:D5:C3,-104
BLE,1670730789977178975,45:34:99:79:69:36,-86
BLE,1670730790208830316,CD:4E:AE:D5:AE:42,-65
BLE,1670730790507716100,4B:7D:1B:D2:2F:BE,-90
BLE,1670730790936133827,4E:B6:4A:DF:D3:0E,-88
BLE,1670730791243605382,4B:7D:1B:D2:2F:BE,-91
BLE,1670730791292418212,C8:B2:1E:C1:4C:16,-101
BLE,1670730791355818992,45:34:99:79:69:36,-93
BLE,1670730791691181462,42:82:F6:CB:7B:27,-98
BLE,1670730792208823159,CD:4E:AE:D5:AE:42,-79
BLE,1670730792354372535,4B:7D:1B:D2:2F:BE,-103
BLE,1670730792447429042,45:34:99:79:69:36,-83
BLE,1670730792717069177,45:34:99:79:69:36,-84
BLE,1670730792987102599,45:34:99:79:69:36,-84
BLE,1670730793094552641,4B:7D:1B:D2:2F:BE,-94
BLE,1670730793258346090,45:34:99:79:69:36,-86
BLE,1670730793873866318,42:82:F6:CB:7B:27,-88
BLE,1670730794009113568,4B:7D:1B:D2:2F:BE,-90
BLE,1670730794145945299,42:82:F6:CB:7B:27,-98
BLE,1670730794194670172,4B:7D:1B:D2:2F:BE,-90
BLE,1670730794213628694,CD:4E:AE:D5:AE:42,-80
BLE,1670730794749433256,4B:7D:1B:D2:2F:BE,-90
BLE,1670730794904406060,45:34:99:79:69:36,-83
BLE,1670730795174372608,45:34:99:79:69:36,-97
BLE,1670730795695631470,4B:7D:1B:D2:2F:BE,-99
BLE,1670730796214130823,CD:4E:AE:D5:AE:42,-79
BLE,1670730797108443660,45:34:99:79:69:36,-96
BLE,1670730797180882831,4B:7D:1B:D2:2F:BE,-102
BLE,1670730797314680890,D7:5C:30:E3:D5:C3,-103
BLE,1670730797370797424,4E:B6:4A:DF:D3:0E,-98
BLE,1670730797744765014,4B:7D:1B:D2:2F:BE,-102
BLE,1670730797892858734,14:BB:6E:11:32:18,-91
BLE,1670730797947230164,42:82:F6:CB:7B:27,-98
BLE,1670730798109075761,4B:7D:1B:D2:2F:BE,-105
BLE,1670730798482203944,45:34:99:79:69:36,-97
BLE,1670730799420753875,4E:B6:4A:DF:D3:0E,-97
BLE,1670730799854372248,45:34:99:79:69:36,-96
BLE,1670730799937515374,4E:B6:4A:DF:D3:0E,-99
BLE,1670730800214643377,CD:4E:AE:D5:AE:42,-80
BLE,1670730800702130686,4E:B6:4A:DF:D3:0E,-98
BLE,1670730801099248623,4B:7D:1B:D2:2F:BE,-101
BLE,1670730801216590588,4E:B6:4A:DF:D3:0E,-99
BLE,1670730801287388446,4B:7D:1B:D2:2F:BE,-101
BLE,1670730801323522761,D7:5C:30:E3:D5:C3,-105
BLE,1670730801747426501,42:82:F6:CB:7B:27,-101
BLE,1670730802017334633,42:82:F6:CB:7B:27,-98
BLE,1670730802219145458,CD:4E:AE:D5:AE:42,-79
BLE,1670730802220854937,4B:7D:1B:D2:2F:BE,-105
BLE,1670730802249521051,4E:B6:4A:DF:D3:0E,-99
BLE,1670730802287292806,42:82:F6:CB:7B:27,-97
BLE,1670730802558627837,42:82:F6:CB:7B:27,-100
BLE,1670730802598224403,45:34:99:79:69:36,-96
BLE,1670730802829857078,42:82:F6:CB:7B:27,-97
BLE,1670730803100038706,42:82:F6:CB:7B:27,-98
BLE,1670730803369926297,42:82:F6:CB:7B:27,-100
BLE,1670730803698372350,45:34:99:79:69:36,-96
BLE,1670730803969506134,45:34:99:79:69:36,-96
BLE,1670730804095186999,4B:7D:1B:D2:2F:BE,-89
BLE,1670730804654248376,4B:7D:1B:D2:2F:BE,-90
BLE,1670730804839824358,4B:7D:1B:D2:2F:BE,-89
BLE,1670730805334931877,4E:B6:4A:DF:D3:0E,-87
BLE,1670730806121272360,4E:B6:4A:DF:D3:0E,-87
BLE,1670730806171972002,45:34:99:79:69:36,-96
BLE,1670730806221091288,CD:4E:AE:D5:AE:42,-67
BLE,1670730806326327484,4B:7D:1B:D2:2F:BE,-91
BLE,1670730806444433734,45:34:99:79:69:36,-96
BLE,1670730806714455578,45:34:99:79:69:36,-97
BLE,1670730806902874609,42:82:F6:CB:7B:27,-87
BLE,1670730807270461533,4B:7D:1B:D2:2F:BE,-102
BLE,1670730807445086855,42:82:F6:CB:7B:27,-89
BLE,1670730807544437579,45:34:99:79:69:36,-85
BLE,1670730807676235665,4E:B6:4A:DF:D3:0E,-87
BLE,1670730807714740828,42:82:F6:CB:7B:27,-100
BLE,1670730808012239176,4B:7D:1B:D2:2F:BE,-87
BLE,1670730808222603111,CD:4E:AE:D5:AE:42,-81
BLE,1670730808918141975,45:34:99:79:69:36,-95
BLE,1670730809189379638,45:34:99:79:69:36,-86
BLE,1670730809225306624,4E:B6:4A:DF:D3:0E,-98
BLE,1670730809459271317,45:34:99:79:69:36,-97
BLE,1670730809675219060,4B:7D:1B:D2:2F:BE,-103
BLE,1670730809858776691,4B:7D:1B:D2:2F:BE,-90
BLE,1670730809990988855,4E:B6:4A:DF:D3:0E,-89
BLE,1670730810226263574,CD:4E:AE:D5:AE:42,-66
BLE,1670730810291927287,45:34:99:79:69:36,-85
BLE,1670730810420099041,4B:7D:1B:D2:2F:BE,-100
BLE,1670730810622091992,C8:B2:1E:C1:4C:16,-90
BLE,1670730810974994384,42:82:F6:CB:7B:27,-98
BLE,1670730810988602054,4B:7D:1B:D2:2F:BE,-93
BLE,1670730811024823911,4E:B6:4A:DF:D3:0E,-86
BLE,1670730811246215922,42:82:F6:CB:7B:27,-99
BLE,1670730811516239058,42:82:F6:CB:7B:27,-98
BLE,1670730811666730794,45:34:99:79:69:36,-96
BLE,1670730811719947906,4B:7D:1B:D2:2F:BE,-89
BLE,1670730812226543287,CD:4E:AE:D5:AE:42,-82
BLE,1670730812311888430,4E:B6:4A:DF:D3:0E,-96
BLE,1670730812496005429,45:34:99:79:69:36,-99
BLE,1670730812637709104,4B:7D:1B:D2:2F:BE,-91
BLE,1670730812769213735,45:34:99:79:69:36,-95
BLE,1670730812825873222,4B:7D:1B:D2:2F:BE,-101
BLE,1670730812828907102,4E:B6:4A:DF:D3:0E,-98
BLE,1670730813347708254,4E:B6:4A:DF:D3:0E,-98
BLE,1670730813598484953,45:34:99:79:69:36,-97
BLE,1670730814231620983,CD:4E:AE:D5:AE:42,-82
BLE,1670730814238806064,42:82:F6:CB:7B:27,-100
BLE,1670730814380041411,4E:B6:4A:DF:D3:0E,-88
BLE,1670730814488173281,4B:7D:1B:D2:2F:BE,-102
BLE,1670730814508905240,42:82:F6:CB:7B:27,-100
BLE,1670730814680882927,4B:7D:1B:D2:2F:BE,-103
BLE,1670730814895009233,4E:B6:4A:DF:D3:0E,-99
BLE,1670730815053826495,4B:7D:1B:D2:2F:BE,-100
BLE,1670730815235223485,4B:7D:1B:D2:2F:BE,-107
BLE,1670730815239657432,45:34:99:79:69:36,-94
BLE,1670730815510480183,45:34:99:79:69:36,-96
BLE,1670730815785520759,45:34:99:79:69:36,-96
BLE,1670730815798915306,4B:7D:1B:D2:2F:BE,-104
BLE,1670730816231427535,CD:4E:AE:D5:AE:42,-81
BLE,1670730816697705316,4E:B6:4A:DF:D3:0E,-100
BLE,1670730817102068632,4B:7D:1B:D2:2F:BE,-101
BLE,1670730817500294480,42:82:F6:CB:7B:27,-99
BLE,1670730817771490851,42:82:F6:CB:7B:27,-99
BLE,1670730817836350031,4B:7D:1B:D2:2F:BE,-102
BLE,1670730818529105429,45:34:99:79:69:36,-98
BLE,1670730818582736578,4B:7D:1B:D2:2F:BE,-100
BLE,1670730818765001516,4B:7D:1B:D2:2F:BE,-103
BLE,1670730819075389168,45:34:99:79:69:36,-104
BLE,1670730819368724274,D7:5C:30:E3:D5:C3,-98
BLE,1670730819629123025,45:34:99:79:69:36,-97
BLE,1670730819682941379,4B:7D:1B:D2:2F:BE,-103
BLE,1670730819872275483,4B:7D:1B:D2:2F:BE,-99
BLE,1670730819902820867,45:34:99:79:69:36,-96
BLE,1670730820231402550,CD:4E:AE:D5:AE:42,-79
BLE,1670730820295349449,4E:B6:4A:DF:D3:0E,-98
BLE,1670730820490207529,42:82:F6:CB:7B:27,-101
BLE,1670730820735350171,45:34:99:79:69:36,-96
BLE,1670730820761329526,42:82:F6:CB:7B:27,-99
BLE,1670730821006151548,45:34:99:79:69:36,-95
BLE,1670730821035031326,42:82:F6:CB:7B:27,-99
BLE,1670730821275391984,45:34:99:79:69:36,-95
BLE,1670730821580316076,4E:B6:4A:DF:D3:0E,-98
BLE,1670730822232627084,CD:4E:AE:D5:AE:42,-79
BLE,1670730822374131428,45:34:99:79:69:36,-97
BLE,1670730822495074186,4B:7D:1B:D2:2F:BE,-89
BLE,1670730822598237657,14:BB:6E:11:32:18,-91
BLE,1670730822613167394,4E:B6:4A:DF:D3:0E,-98
BLE,1670730823056376869,4B:7D:1B:D2:2F:BE,-92
BLE,1670730823208044716,45:34:99:79:69:36,-98
BLE,1670730823380328150,D7:5C:30:E3:D5:C3,-100
BLE,1670730824040440064,45:34:99:79:69:36,-96
BLE,1670730824167573331,4E:B6:4A:DF:D3:0E,-87
BLE,1670730824236312506,CD:4E:AE:D5:AE:42,-68
BLE,1670730824562660508,42:82:F6:CB:7B:27,-88
BLE,1670730824685312286,4E:B6:4A:DF:D3:0E,-98
BLE,1670730824872768579,45:34:99:79:69:36,-97
BLE,1670730825105179291,42:82:F6:CB:7B:27,-98
BLE,1670730825124688599,4B:7D:1B:D2:2F:BE,-103
BLE,1670730825375642713,42:82:F6:CB:7B:27,-100
BLE,1670730825452525624,4E:B6:4A:DF:D3:0E,-100
BLE,1670730825704131939,45:34:99:79:69:36,-96
BLE,1670730826049874375,4B:7D:1B:D2:2F:BE,-103
BLE,1670730826538398848,45:34:99:79:69:36,-95
BLE,1670730827001817580,4E:B6:4A:DF:D3:0E,-99
BLE,1670730827907997709,45:34:99:79:69:36,-86
BLE,1670730828034942562,4E:B6:4A:DF:D3:0E,-88
BLE,1670730828095257588,42:82:F6:CB:7B:27,-85
BLE,1670730828106427996,4B:7D:1B:D2:2F:BE,-90
BLE,1670730828245401620,CD:4E:AE:D5:AE:42,-66
BLE,1670730828365253099,42:82:F6:CB:7B:27,-87
BLE,1670730828636550094,42:82:F6:CB:7B:27,-89
BLE,1670730828788441356,C8:B2:1E:C1:4C:16,-91
BLE,1670730828847346774,4B:7D:1B:D2:2F:BE,-103
BLE,1670730828907706425,42:82:F6:CB:7B:27,-100
BLE,1670730829593225076,4E:B6:4A:DF:D3:0E,-90
BLE,1670730830109026597,4E:B6:4A:DF:D3:0E,-98
BLE,1670730830247919139,CD:4E:AE:D5:AE:42,-81
BLE,1670730830385501072,45:34:99:79:69:36,-96
BLE,1670730830625027324,4E:B6:4A:DF:D3:0E,-99
BLE,1670730831087798897,42:82:F6:CB:7B:27,-99
BLE,1670730831357800450,42:82:F6:CB:7B:27,-99
BLE,1670730831392339119,4E:B6:4A:DF:D3:0E,-100
BLE,1670730831629013988,42:82:F6:CB:7B:27,-97
BLE,1670730831809944192,4B:7D:1B:D2:2F:BE,-102
BLE,1670730831900277984,42:82:F6:CB:7B:27,-98
BLE,1670730831908164347,4E:B6:4A:DF:D3:0E,-99
BLE,1670730832051566335,45:34:99:79:69:36,-96
BLE,1670730832178418147,4B:7D:1B:D2:2F:BE,-102
BLE,1670730832250472699,CD:4E:AE:D5:AE:42,-80
BLE,1670730832440332922,42:82:F6:CB:7B:27,-102
BLE,1670730832698144787,4E:B6:4A:DF:D3:0E,-98
BLE,1670730832738300681,4B:7D:1B:D2:2F:BE,-102
BLE,1670730833155304428,45:34:99:79:69:36,-97
BLE,1670730833295488913,4B:7D:1B:D2:2F:BE,-102
BLE,1670730833700284557,45:34:99:79:69:36,-106
BLE,1670730833979140003,4E:B6:4A:DF:D3:0E,-98
BLE,1670730833982807043,45:34:99:79:69:36,-95
BLE,1670730834249188139,4B:7D:1B:D2:2F:BE,-101
BLE,1670730834252778762,45:34:99:79:69:36,-95
BLE,1670730834526751476,45:34:99:79:69:36,-98
BLE,1670730835160530081,42:82:F6:CB:7B:27,-101
BLE,1670730835359161865,45:34:99:79:69:36,-97
BLE,1670730835705331545,42:82:F6:CB:7B:27,-98
BLE,1670730836191737711,45:34:99:79:69:36,-97
BLE,1670730836293686404,4B:7D:1B:D2:2F:BE,-102
BLE,1670730836462726293,45:34:99:79:69:36,-97
BLE,1670730836732918718,45:34:99:79:69:36,-98
BLE,1670730837040095658,4B:7D:1B:D2:2F:BE,-104
BLE,1670730837072916806,42:82:F6:CB:7B:27,-88
BLE,1670730837227096707,4B:7D:1B:D2:2F:BE,-90
BLE,1670730837344192010,42:82:F6:CB:7B:27,-98
BLE,1670730837614196355,42:82:F6:CB:7B:27,-88
BLE,1670730837807833532,C8:B2:1E:C1:4C:16,-91
BLE,1670730837886624712,42:82:F6:CB:7B:27,-89
BLE,1670730838105325130,45:34:99:79:69:36,-83
BLE,1670730838156680472,42:82:F6:CB:7B:27,-98
BLE,1670730838254203885,CD:4E:AE:D5:AE:42,-68
BLE,1670730838345352959,4B:7D:1B:D2:2F:BE,-91
BLE,1670730838426637817,42:82:F6:CB:7B:27,-89
BLE,1670730838886507133,4E:B6:4A:DF:D3:0E,-98
BLE,1670730839205594347,45:34:99:79:69:36,-96
BLE,1670730839416957562,D7:5C:30:E3:D5:C3,-101
BLE,1670730839481449080,4B:7D:1B:D2:2F:BE,-106
BLE,1670730840255493169,CD:4E:AE:D5:AE:42,-79
BLE,1670730840407989798,4B:7D:1B:D2:2F:BE,-102
BLE,1670730840580215649,45:34:99:79:69:36,-94
BLE,1670730841200791829,4E:B6:4A:DF:D3:0E,-98
BLE,1670730841408110717,45:34:99:79:69:36,-94
BLE,1670730841671753304,C8:B2:1E:C1:4C:16,-105
BLE,1670730842098163064,4B:7D:1B:D2:2F:BE,-101
BLE,1670730842258120103,CD:4E:AE:D5:AE:42,-79
BLE,1670730842655778125,4B:7D:1B:D2:2F:BE,-102
BLE,1670730842750687569,4E:B6:4A:DF:D3:0E,-99
BLE,1670730842784042086,45:34:99:79:69:36,-96
BLE,1670730843057754552,45:34:99:79:69:36,-104
BLE,1670730843215971696,4B:7D:1B:D2:2F:BE,-101
BLE,1670730843267688075,4E:B6:4A:DF:D3:0E,-99
BLE,1670730843399283455,4B:7D:1B:D2:2F:BE,-102
BLE,1670730843422444011,D7:5C:30:E3:D5:C3,-100
BLE,1670730844147709560,4B:7D:1B:D2:2F:BE,-101
BLE,1670730844258214735,CD:4E:AE:D5:AE:42,-79
BLE,1670730844329466838,4B:7D:1B:D2:2F:BE,-100
BLE,1670730844407996146,42:82:F6:CB:7B:27,-98
BLE,1670730844678080573,42:82:F6:CB:7B:27,-97
BLE,1670730844702882067,4B:7D:1B:D2:2F:BE,-102
BLE,1670730844791566295,6F:0B:39:C9:A6:03,-90
BLE,1670730844950495096,42:82:F6:CB:7B:27,-97
BLE,1670730845220534607,42:82:F6:CB:7B:27,-98
BLE,1670730845257730619,45:34:99:79:69:36,-98
BLE,1670730845454960087,4B:7D:1B:D2:2F:BE,-100
BLE,1670730845827091581,4B:7D:1B:D2:2F:BE,-103
BLE,1670730846010636170,4B:7D:1B:D2:2F:BE,-99
BLE,1670730846087734037,45:34:99:79:69:36,-95
BLE,1670730846128912293,4E:B6:4A:DF:D3:0E,-97
BLE,1670730846261756075,CD:4E:AE:D5:AE:42,-79
BLE,1670730846390567571,4B:7D:1B:D2:2F:BE,-100
BLE,1670730846576368842,4B:7D:1B:D2:2F:BE,-100
BLE,1670730846920156260,45:34:99:79:69:36,-97
BLE,1670730846953170239,4B:7D:1B:D2:2F:BE,-103
BLE,1670730847412961889,4E:B6:4A:DF:D3:0E,-99
BLE,1670730847426253897,D7:5C:30:E3:D5:C3,-101
BLE,1670730848267072935,CD:4E:AE:D5:AE:42,-79
BLE,1670730848444621222,4E:B6:4A:DF:D3:0E,-100
BLE,1670730848566443844,45:34:99:79:69:36,-96
BLE,1670730848753105021,42:82:F6:CB:7B:27,-98
BLE,1670730849025546794,42:82:F6:CB:7B:27,-99
BLE,1670730850246637563,4E:B6:4A:DF:D3:0E,-99
BLE,1670730850270591275,CD:4E:AE:D5:AE:42,-79
BLE,1670730851438228226,D7:5C:30:E3:D5:C3,-101
BLE,1670730852015788089,42:82:F6:CB:7B:27,-100
BLE,1670730852145114580,45:34:99:79:69:36,-96
BLE,1670730852274769899,CD:4E:AE:D5:AE:42,-66
BLE,1670730852422731541,45:34:99:79:69:36,-94
BLE,1670730852534804155,4B:7D:1B:D2:2F:BE,-101
BLE,1670730852558112625,42:82:F6:CB:7B:27,-87
BLE,1670730852563517935,4E:B6:4A:DF:D3:0E,-88
BLE,1670730852727349678,4B:7D:1B:D2:2F:BE,-89
BLE,1670730853330347361,4E:B6:4A:DF:D3:0E,-101
BLE,1670730853512636716,45:34:99:79:69:36,-85
BLE,1670730854080047659,45:34:99:79:69:36,-99
BLE,1670730854275733687,CD:4E:AE:D5:AE:42,-65
BLE,1670730854364527788,4E:B6:4A:DF:D3:0E,-99
BLE,1670730854399116998,4B:7D:1B:D2:2F:BE,-90
BLE,1670730854467016767,42:82:F6:CB:7B:27,-88
BLE,1670730854738428053,42:82:F6:CB:7B:27,-97
BLE,1670730854880333350,4E:B6:4A:DF:D3:0E,-98
BLE,1670730855135632830,4B:7D:1B:D2:2F:BE,-89
BLE,1670730855155082180,45:34:99:79:69:36,-96
BLE,1670730855323227329,4B:7D:1B:D2:2F:BE,-101
BLE,1670730855988952385,45:34:99:79:69:36,-96
BLE,1670730856275948192,CD:4E:AE:D5:AE:42,-79
BLE,1670730856410899406,4E:B6:4A:DF:D3:0E,-99
BLE,1670730856918485650,42:82:F6:CB:7B:27,-100
BLE,1670730857093725631,45:34:99:79:69:36,-96
BLE,1670730857188326580,42:82:F6:CB:7B:27,-100
BLE,1670730857447526345,4E:B6:4A:DF:D3:0E,-100
BLE,1670730857462064421,42:82:F6:CB:7B:27,-98
BLE,1670730857639905038,45:34:99:79:69:36,-104
BLE,1670730857731985058,42:82:F6:CB:7B:27,-97
BLE,1670730857939470736,4B:7D:1B:D2:2F:BE,-101
BLE,1670730858002029527,42:82:F6:CB:7B:27,-98
BLE,1670730858273296773,42:82:F6:CB:7B:27,-89
BLE,1670730858275801993,CD:4E:AE:D5:AE:42,-65
BLE,1670730858482099976,4E:B6:4A:DF:D3:0E,-86
BLE,1670730858676390145,4B:7D:1B:D2:2F:BE,-102
BLE,1670730858734853902,45:34:99:79:69:36,-84
BLE,1670730858865726749,4B:7D:1B:D2:2F:BE,-92
BLE,1670730859008651201,45:34:99:79:69:36,-85
BLE,1670730859242638811,4B:7D:1B:D2:2F:BE,-92
BLE,1670730859246560055,4E:B6:4A:DF:D3:0E,-86
BLE,1670730859762487200,4E:B6:4A:DF:D3:0E,-86
BLE,1670730859826209727,45:34:99:79:69:36,-96
BLE,1670730859989830764,4B:7D:1B:D2:2F:BE,-91
BLE,1670730860278377177,CD:4E:AE:D5:AE:42,-79
BLE,1670730860360798397,4B:7D:1B:D2:2F:BE,-99
BLE,1670730860731901403,4B:7D:1B:D2:2F:BE,-101
BLE,1670730861262246500,42:82:F6:CB:7B:27,-98
BLE,1670730861806151600,42:82:F6:CB:7B:27,-98
BLE,1670730861836251697,4E:B6:4A:DF:D3:0E,-99
BLE,1670730861855413550,4B:7D:1B:D2:2F:BE,-99
BLE,1670730862075895239,42:82:F6:CB:7B:27,-99
BLE,1670730862278406435,CD:4E:AE:D5:AE:42,-79
BLE,1670730862411131676,4B:7D:1B:D2:2F:BE,-102
BLE,1670730863173414823,42:82:F6:CB:7B:27,-99
BLE,1670730863448346150,42:82:F6:CB:7B:27,-99
BLE,1670730863492076000,D7:5C:30:E3:D5:C3,-102
BLE,1670730864249365999,45:34:99:79:69:36,-97
BLE,1670730864283523881,CD:4E:AE:D5:AE:42,-79
BLE,1670730865078636009,45:34:99:79:69:36,-98
BLE,1670730865351072574,45:34:99:79:69:36,-95
BLE,1670730865493448241,D7:5C:30:E3:D5:C3,-101
BLE,1670730865623496931,45:34:99:79:69:36,-95
BLE,1670730865625887486,42:82:F6:CB:7B:27,-98
BLE,1670730865896360199,42:82:F6:CB:7B:27,-100
BLE,1670730866153836194,C8:B2:1E:C1:4C:16,-101
BLE,1670730866167232117,42:82:F6:CB:7B:27,-99
BLE,1670730866221595173,4E:B6:4A:DF:D3:0E,-101
BLE,1670730866287282010,CD:4E:AE:D5:AE:42,-79
BLE,1670730866437231794,42:82:F6:CB:7B:27,-99
BLE,1670730866450278846,45:34:99:79:69:36,-96
BLE,1670730866505727181,4B:7D:1B:D2:2F:BE,-100
BLE,1670730866707171639,42:82:F6:CB:7B:27,-87
BLE,1670730866722172126,45:34:99:79:69:36,-97
BLE,1670730866977261066,42:82:F6:CB:7B:27,-87
BLE,1670730866993417872,45:34:99:79:69:36,-84
BLE,1670730867247199744,42:82:F6:CB:7B:27,-99
BLE,1670730867254200327,4B:7D:1B:D2:2F:BE,-91
BLE,1670730867505308773,4E:B6:4A:DF:D3:0E,-87
BLE,1670730867789676278,42:82:F6:CB:7B:27,-88
BLE,1670730867989594130,4B:7D:1B:D2:2F:BE,-103
BLE,1670730868021921367,4E:B6:4A:DF:D3:0E,-87
BLE,1670730868178282991,4B:7D:1B:D2:2F:BE,-86
BLE,1670730868288745208,CD:4E:AE:D5:AE:42,-79
BLE,1670730868636582535,45:34:99:79:69:36,-86
BLE,1670730869300909982,4B:7D:1B:D2:2F:BE,-99
BLE,1670730869699780614,42:82:F6:CB:7B:27,-99
BLE,1670730869855328915,4B:7D:1B:D2:2F:BE,-100
BLE,1670730869973417332,42:82:F6:CB:7B:27,-98
BLE,1670730870043461866,4B:7D:1B:D2:2F:BE,-101
BLE,1670730870290204073,CD:4E:AE:D5:AE:42,-65
BLE,1670730870573771671,45:34:99:79:69:36,-97
BLE,1670730870598098713,4B:7D:1B:D2:2F:BE,-102
BLE,1670730870788558636,4B:7D:1B:D2:2F:BE,-102
BLE,1670730871164683499,4B:7D:1B:D2:2F:BE,-101
BLE,1670730871308051488,C8:B2:1E:C1:4C:16,-102
BLE,1670730871507865882,D7:5C:30:E3:D5:C3,-105
BLE,1670730871945942252,45:34:99:79:69:36,-96
BLE,1670730872085861448,4B:7D:1B:D2:2F:BE,-103
BLE,1670730872275656838,4B:7D:1B:D2:2F:BE,-100
BLE,1670730872290889156,CD:4E:AE:D5:AE:42,-79
BLE,1670730872422199330,42:82:F6:CB:7B:27,-97
BLE,1670730872429277454,4E:B6:4A:DF:D3:0E,-101
BLE,1670730872693707407,42:82:F6:CB:7B:27,-101
BLE,1670730872777270279,45:34:99:79:69:36,-97
BLE,1670730872964661448,42:82:F6:CB:7B:27,-96
BLE,1670730873596023790,45:34:99:79:69:36,-101
BLE,1670730873985205955,4E:B6:4A:DF:D3:0E,-99
BLE,1670730874146238148,45:34:99:79:69:36,-100
BLE,1670730874293500965,CD:4E:AE:D5:AE:42,-79
BLE,1670730874420952686,45:34:99:79:69:36,-98
BLE,1670730874690947614,45:34:99:79:69:36,-95
BLE,1670730875040008635,4B:7D:1B:D2:2F:BE,-104
BLE,1670730875774537948,4B:7D:1B:D2:2F:BE,-100
BLE,1670730875786043643,4E:B6:4A:DF:D3:0E,-99
BLE,1670730875791004626,45:34:99:79:69:36,-95
BLE,1670730875962359945,4B:7D:1B:D2:2F:BE,-101
BLE,1670730876297635756,CD:4E:AE:D5:AE:42,-79
BLE,1670730876338323726,4B:7D:1B:D2:2F:BE,-100
BLE,1670730876525154360,4B:7D:1B:D2:2F:BE,-102
BLE,1670730877079782707,4B:7D:1B:D2:2F:BE,-100
BLE,1670730877261271321,4B:7D:1B:D2:2F:BE,-101
BLE,1670730877303821311,42:82:F6:CB:7B:27,-98
BLE,1670730877336372670,4E:B6:4A:DF:D3:0E,-98
BLE,1670730877433475464,45:34:99:79:69:36,-97
BLE,1670730877447930957,4B:7D:1B:D2:2F:BE,-99
BLE,1670730877577231947,42:82:F6:CB:7B:27,-100
BLE,1670730878102379773,4E:B6:4A:DF:D3:0E,-99
BLE,1670730878301559550,CD:4E:AE:D5:AE:42,-68
BLE,1670730878387439853,4B:7D:1B:D2:2F:BE,-92
BLE,1670730878806047664,45:34:99:79:69:36,-96
BLE,1670730879327929737,4B:7D:1B:D2:2F:BE,-99
BLE,1670730879512036112,4B:7D:1B:D2:2F:BE,-90
BLE,1670730879886927406,4B:7D:1B:D2:2F:BE,-89
BLE,1670730880027287723,42:82:F6:CB:7B:27,-90
BLE,1670730880258785862,4B:7D:1B:D2:2F:BE,-90
BLE,1670730880297360483,42:82:F6:CB:7B:27,-87
BLE,1670730880301117813,CD:4E:AE:D5:AE:42,-65
BLE,1670730880447225685,45:34:99:79:69:36,-95
BLE,1670730880569770548,42:82:F6:CB:7B:27,-96
BLE,1670730880839768767,42:82:F6:CB:7B:27,-89
BLE,1670730881009609688,4B:7D:1B:D2:2F:BE,-107
BLE,1670730881282317542,45:34:99:79:69:36,-96
BLE,1670730881377175571,4B:7D:1B:D2:2F:BE,-102
BLE,1670730881530750187,D7:5C:30:E3:D5:C3,-101
BLE,1670730881567744535,4B:7D:1B:D2:2F:BE,-98
BLE,1670730882301443066,CD:4E:AE:D5:AE:42,-80
BLE,1670730882315113236,4B:7D:1B:D2:2F:BE,-90
BLE,1670730882652247900,45:34:99:79:69:36,-85
BLE,1670730882688080261,4B:7D:1B:D2:2F:BE,-92
BLE,1670730883063700255,4B:7D:1B:D2:2F:BE,-100
BLE,1670730883255661703,4B:7D:1B:D2:2F:BE,-91
BLE,1670730883535150225,D7:5C:30:E3:D5:C3,-89
BLE,1670730884011496135,4B:7D:1B:D2:2F:BE,-93
BLE,1670730884302533019,CD:4E:AE:D5:AE:42,-66
BLE,1670730884336539069,4E:B6:4A:DF:D3:0E,-99
BLE,1670730884586332406,45:34:99:79:69:36,-85
BLE,1670730884761056477,4B:7D:1B:D2:2F:BE,-91
BLE,1670730884857232781,45:34:99:79:69:36,-96
BLE,1670730885121058991,4E:B6:4A:DF:D3:0E,-87
BLE,1670730885129693305,45:34:99:79:69:36,-85
BLE,1670730885698197818,4B:7D:1B:D2:2F:BE,-101
BLE,1670730885963383178,45:34:99:79:69:36,-98
BLE,1670730886073215027,4B:7D:1B:D2:2F:BE,-101
BLE,1670730886155023171,4E:B6:4A:DF:D3:0E,-99
BLE,1670730886258895467,42:82:F6:CB:7B:27,-100
BLE,1670730886532461143,42:82:F6:CB:7B:27,-99
BLE,1670730886676910160,4E:B6:4A:DF:D3:0E,-102
BLE,1670730886790931501,45:34:99:79:69:36,-97
BLE,1670730887707460589,4E:B6:4A:DF:D3:0E,-97
BLE,1670730887741113477,4B:7D:1B:D2:2F:BE,-100
BLE,1670730887893408942,45:34:99:79:69:36,-96
BLE,1670730887928642561,4B:7D:1B:D2:2F:BE,-100
BLE,1670730889271016916,45:34:99:79:69:36,-95
BLE,1670730889412698049,4B:7D:1B:D2:2F:BE,-101
BLE,1670730889523696301,42:82:F6:CB:7B:27,-100
BLE,1670730889540707347,45:34:99:79:69:36,-97
BLE,1670730889551924546,D7:5C:30:E3:D5:C3,-102
BLE,1670730889605260739,4B:7D:1B:D2:2F:BE,-100
BLE,1670730889791571671,4B:7D:1B:D2:2F:BE,-100
BLE,1670730889793630688,42:82:F6:CB:7B:27,-98
BLE,1670730889810695483,45:34:99:79:69:36,-96
BLE,1670730890303584654,CD:4E:AE:D5:AE:42,-80
BLE,1670730890342505770,4B:7D:1B:D2:2F:BE,-103
BLE,1670730890530554681,4B:7D:1B:D2:2F:BE,-101
BLE,1670730890544981716,4E:B6:4A:DF:D3:0E,-99
BLE,1670730891179027152,45:34:99:79:69:36,-85
BLE,1670730891451039972,45:34:99:79:69:36,-97
BLE,1670730891720851110,45:34:99:79:69:36,-96
BLE,1670730891990818580,45:34:99:79:69:36,-96
BLE,1670730892022315452,4B:7D:1B:D2:2F:BE,-102
BLE,1670730892303698243,CD:4E:AE:D5:AE:42,-81
BLE,1670730892589124194,4E:B6:4A:DF:D3:0E,-101
BLE,1670730892758749618,4B:7D:1B:D2:2F:BE,-106
BLE,1670730892825674565,45:34:99:79:69:36,-96
BLE,1670730892949681994,4B:7D:1B:D2:2F:BE,-99
BLE,1670730893053752954,42:82:F6:CB:7B:27,-98
BLE,1670730893107545600,4E:B6:4A:DF:D3:0E,-100
BLE,1670730893325022116,42:82:F6:CB:7B:27,-99
BLE,1670730893596282279,42:82:F6:CB:7B:27,-98
BLE,1670730893924549091,45:34:99:79:69:36,-95
BLE,1670730894303124133,CD:4E:AE:D5:AE:42,-79
BLE,1670730894425331292,4B:7D:1B:D2:2F:BE,-106
BLE,1670730894606649075,4B:7D:1B:D2:2F:BE,-101
BLE,1670730894662550904,4E:B6:4A:DF:D3:0E,-97
BLE,1670730895176872901,4E:B6:4A:DF:D3:0E,-100
BLE,1670730895299572929,45:34:99:79:69:36,-96
BLE,1670730895528292519,4B:7D:1B:D2:2F:BE,-100
BLE,1670730895712052689,4B:7D:1B:D2:2F:BE,-101
BLE,1670730895776288127,42:82:F6:CB:7B:27,-98
BLE,1670730896048880148,42:82:F6:CB:7B:27,-98
BLE,1670730896318823452,42:82:F6:CB:7B:27,-100
BLE,1670730896590115739,42:82:F6:CB:7B:27,-97
BLE,1670730896670757147,45:34:99:79:69:36,-95
BLE,1670730896940872490,45:34:99:79:69:36,-84
BLE,1670730896977698881,4E:B6:4A:DF:D3:0E,-97
BLE,1670730897000749605,4B:7D:1B:D2:2F:BE,-88
BLE,1670730897746644407,4E:B6:4A:DF:D3:0E,-87
BLE,1670730897748674466,4B:7D:1B:D2:2F:BE,-92
BLE,1670730897772037019,45:34:99:79:69:36,-84
BLE,1670730898043383555,45:34:99:79:69:36,-96
BLE,1670730898120269299,4B:7D:1B:D2:2F:BE,-102
BLE,1670730898307125433,CD:4E:AE:D5:AE:42,-65
BLE,1670730898314922464,45:34:99:79:69:36,-83
BLE,1670730898859665346,45:34:99:79:69:36,-94
BLE,1670730898862621436,4B:7D:1B:D2:2F:BE,-92
BLE,1670730899295969445,4E:B6:4A:DF:D3:0E,-98
BLE,1670730899310201566,42:82:F6:CB:7B:27,-100
BLE,1670730899957342386,45:34:99:79:69:36,-99
BLE,1670730900331949101,4E:B6:4A:DF:D3:0E,-99
BLE,1670730901089090643,6F:0B:39:C9:A6:03,-99
BLE,1670730901461065306,4B:7D:1B:D2:2F:BE,-101
BLE,1670730901599627810,45:34:99:79:69:36,-84
BLE,1670730901650915570,4B:7D:1B:D2:2F:BE,-90
BLE,1670730901763889215,42:82:F6:CB:7B:27,-98
BLE,1670730902019198235,4B:7D:1B:D2:2F:BE,-90
BLE,1670730902033886309,42:82:F6:CB:7B:27,-89
BLE,1670730902303948611,42:82:F6:CB:7B:27,-99
BLE,1670730902317491073,CD:4E:AE:D5:AE:42,-81
BLE,1670730902429554188,45:34:99:79:69:36,-85
BLE,1670730902700918099,45:34:99:79:69:36,-97
BLE,1670730902843957966,42:82:F6:CB:7B:27,-98
BLE,1670730902973192333,45:34:99:79:69:36,-96
BLE,1670730903114034351,42:82:F6:CB:7B:27,-99
BLE,1670730903317611492,4B:7D:1B:D2:2F:BE,-102
BLE,1670730904612114755,45:34:99:79:69:36,-97
BLE,1670730904882060725,45:34:99:79:69:36,-95
BLE,1670730905211474857,4E:B6:4A:DF:D3:0E,-99
BLE,1670730905564120168,42:82:F6:CB:7B:27,-87
BLE,1670730905980820211,4E:B6:4A:DF:D3:0E,-88
BLE,1670730906109021381,42:82:F6:CB:7B:27,-96
BLE,1670730906254306263,45:34:99:79:69:36,-96
BLE,1670730906307157171,4B:7D:1B:D2:2F:BE,-91
BLE,1670730906321353292,CD:4E:AE:D5:AE:42,-67
BLE,1670730906524970599,45:34:99:79:69:36,-87
BLE,1670730906794381993,45:34:99:79:69:36,-98
BLE,1670730907014705724,4E:B6:4A:DF:D3:0E,-99
BLE,1670730907341804842,45:34:99:79:69:36,-93
BLE,1670730907899338737,45:34:99:79:69:36,-96
BLE,1670730908046058019,4E:B6:4A:DF:D3:0E,-99
BLE,1670730908320982804,CD:4E:AE:D5:AE:42,-79
BLE,1670730908732001165,45:34:99:79:69:36,-97
BLE,1670730908827755100,42:82:F6:CB:7B:27,-98
BLE,1670730909003055455,45:34:99:79:69:36,-86
BLE,1670730909101629731,42:82:F6:CB:7B:27,-97
BLE,1670730909273046466,45:34:99:79:69:36,-95
BLE,1670730909659181209,4B:7D:1B:D2:2F:BE,-101
BLE,1670730909840408743,4B:7D:1B:D2:2F:BE,-101
BLE,1670730910028967690,4B:7D:1B:D2:2F:BE,-103
BLE,1670730910321428014,CD:4E:AE:D5:AE:42,-79
BLE,1670730910371800702,45:34:99:79:69:36,-96
BLE,1670730910633498354,4E:B6:4A:DF:D3:0E,-100
BLE,1670730910646834944,45:34:99:79:69:36,-96
BLE,1670730911143582777,4B:7D:1B:D2:2F:BE,-101
BLE,1670730911281645037,42:82:F6:CB:7B:27,-97
BLE,1670730911324696521,4B:7D:1B:D2:2F:BE,-100
BLE,1670730911508584106,4B:7D:1B:D2:2F:BE,-103
BLE,1670730911554184559,42:82:F6:CB:7B:27,-99
BLE,1670730911597728704,D7:5C:30:E3:D5:C3,-103
BLE,1670730911746697500,45:34:99:79:69:36,-96
BLE,1670730911918263817,4E:B6:4A:DF:D3:0E,-90
BLE,1670730912321301857,CD:4E:AE:D5:AE:42,-79
BLE,1670730912430080302,4B:7D:1B:D2:2F:BE,-89
BLE,1670730912685303782,4E:B6:4A:DF:D3:0E,-86
BLE,1670730913200411227,4E:B6:4A:DF:D3:0E,-88
BLE,1670730913547053611,14:BB:6E:11:32:18,-95
BLE,1670730913605472160,D7:5C:30:E3:D5:C3,-91
BLE,1670730913657275163,45:34:99:79:69:36,-97
BLE,1670730914271668418,42:82:F6:CB:7B:27,-89
BLE,1670730914320898036,CD:4E:AE:D5:AE:42,-80
BLE,1670730914489386890,4B:7D:1B:D2:2F:BE,-92
BLE,1670730914542867956,42:82:F6:CB:7B:27,-99
BLE,1670730914679246445,4B:7D:1B:D2:2F:BE,-102
BLE,1670730914814125327,42:82:F6:CB:7B:27,-89
BLE,1670730915055494765,4B:7D:1B:D2:2F:BE,-101
BLE,1670730915086700682,42:82:F6:CB:7B:27,-87
BLE,1670730915302944380,45:34:99:79:69:36,-98
BLE,1670730915356970898,42:82:F6:CB:7B:27,-99
BLE,1670730915423446143,4B:7D:1B:D2:2F:BE,-101
BLE,1670730915604753301,4B:7D:1B:D2:2F:BE,-102
BLE,1670730915786725993,4B:7D:1B:D2:2F:BE,-102
BLE,1670730916403115349,45:34:99:79:69:36,-98
BLE,1670730916532313215,C8:B2:1E:C1:4C:16,-103
BLE,1670730916726162890,4B:7D:1B:D2:2F:BE,-100
BLE,1670730916907491006,4B:7D:1B:D2:2F:BE,-100
BLE,1670730917265454337,42:82:F6:CB:7B:27,-99
BLE,1670730917276651244,4B:7D:1B:D2:2F:BE,-102
BLE,1670730917504125432,45:34:99:79:69:36,-100
BLE,1670730917536654917,42:82:F6:CB:7B:27,-98
BLE,1670730917646763096,4B:7D:1B:D2:2F:BE,-100
BLE,1670730917778156437,45:34:99:79:69:36,-97
BLE,1670730917807913496,42:82:F6:CB:7B:27,-87
BLE,1670730917855980211,4E:B6:4A:DF:D3:0E,-99
BLE,1670730918324998918,CD:4E:AE:D5:AE:42,-79
BLE,1670730918581022347,4B:7D:1B:D2:2F:BE,-104
BLE,1670730919146975141,4B:7D:1B:D2:2F:BE,-103
BLE,1670730919149094157,45:34:99:79:69:36,-98
BLE,1670730919419129959,45:34:99:79:69:36,-98
BLE,1670730919717965958,42:82:F6:CB:7B:27,-99
BLE,1670730919991975087,42:82:F6:CB:7B:27,-100
BLE,1670730920076817278,4B:7D:1B:D2:2F:BE,-99
BLE,1670730920237876512,45:34:99:79:69:36,-105
BLE,1670730920261786976,42:82:F6:CB:7B:27,-97
BLE,1670730920266635209,4B:7D:1B:D2:2F:BE,-89
BLE,1670730920327327523,CD:4E:AE:D5:AE:42,-79
BLE,1670730920444706656,4E:B6:4A:DF:D3:0E,-101
BLE,1670730920531787028,42:82:F6:CB:7B:27,-96
BLE,1670730920820750728,4B:7D:1B:D2:2F:BE,-101
BLE,1670730921210940256,4E:B6:4A:DF:D3:0E,-88
BLE,1670730921602908221,45:34:99:79:69:36,-97
BLE,1670730921726523113,4E:B6:4A:DF:D3:0E,-87
BLE,1670730921766207178,4B:7D:1B:D2:2F:BE,-93
BLE,1670730922247187408,4E:B6:4A:DF:D3:0E,-86
BLE,1670730922328638223,CD:4E:AE:D5:AE:42,-66
BLE,1670730922433277009,45:34:99:79:69:36,-97
BLE,1670730923031629998,4E:B6:4A:DF:D3:0E,-98
BLE,1670730923265386277,45:34:99:79:69:36,-97
BLE,1670730923628625920,D7:5C:30:E3:D5:C3,-104
BLE,1670730924016659140,4B:7D:1B:D2:2F:BE,-102
BLE,1670730924317623321,4E:B6:4A:DF:D3:0E,-100
BLE,1670730924331207991,CD:4E:AE:D5:AE:42,-80
BLE,1670730924504562287,14:BB:6E:11:32:18,-102
BLE,1670730925201930004,45:34:99:79:69:36,-98
BLE,1670730925353060108,4E:B6:4A:DF:D3:0E,-100
BLE,1670730925472966711,45:34:99:79:69:36,-96
BLE,1670730925638063980,D7:5C:30:E3:D5:C3,-100
BLE,1670730925704323727,42:82:F6:CB:7B:27,-99
BLE,1670730925869191624,4E:B6:4A:DF:D3:0E,-97
BLE,1670730925885786259,4B:7D:1B:D2:2F:BE,-102
BLE,1670730925976848625,42:82:F6:CB:7B:27,-98
BLE,1670730926331353164,CD:4E:AE:D5:AE:42,-79
BLE,1670730926389277094,4E:B6:4A:DF:D3:0E,-97
BLE,1670730926845628952,45:34:99:79:69:36,-97
BLE,1670730927191274598,4B:7D:1B:D2:2F:BE,-92
BLE,1670730927405472653,45:34:99:79:69:36,-84
BLE,1670730927424899628,4E:B6:4A:DF:D3:0E,-87
BLE,1670730927644900406,D7:5C:30:E3:D5:C3,-89
BLE,1670730927676649608,45:34:99:79:69:36,-97
BLE,1670730927949111340,45:34:99:79:69:36,-84
BLE,1670730928336514276,CD:4E:AE:D5:AE:42,-79
BLE,1670730928425652290,42:82:F6:CB:7B:27,-99
BLE,1670730928494027261,4B:7D:1B:D2:2F:BE,-90
BLE,1670730928695635468,42:82:F6:CB:7B:27,-89
BLE,1670730928727995454,4E:B6:4A:DF:D3:0E,-99
BLE,1670730928968340613,42:82:F6:CB:7B:27,-87
BLE,1670730929049304100,4B:7D:1B:D2:2F:BE,-104
BLE,1670730929239480610,42:82:F6:CB:7B:27,-101
BLE,1670730929244208428,4E:B6:4A:DF:D3:0E,-98
BLE,1670730929763296910,4E:B6:4A:DF:D3:0E,-97
BLE,1670730929789614302,4B:7D:1B:D2:2F:BE,-94
BLE,1670730929976749266,4B:7D:1B:D2:2F:BE,-102
BLE,1670730930276986247,4E:B6:4A:DF:D3:0E,-98
BLE,1670730930337697894,CD:4E:AE:D5:AE:42,-79
BLE,1670730930923203120,4B:7D:1B:D2:2F:BE,-101
BLE,1670730931526844004,45:34:99:79:69:36,-97
BLE,1670730931834660103,4E:B6:4A:DF:D3:0E,-101
BLE,1670730931848371772,4B:7D:1B:D2:2F:BE,-101
BLE,1670730931958178163,42:82:F6:CB:7B:27,-99
BLE,1670730932230713643,42:82:F6:CB:7B:27,-100
BLE,1670730932245091679,14:BB:6E:11:32:18,-101
BLE,1670730932342720716,CD:4E:AE:D5:AE:42,-79
BLE,1670730932351208323,4E:B6:4A:DF:D3:0E,-87
BLE,1670730932595889096,4B:7D:1B:D2:2F:BE,-100
BLE,1670730933711779709,4B:7D:1B:D2:2F:BE,-101
BLE,1670730933728074556,45:34:99:79:69:36,-96
BLE,1670730934282415489,4B:7D:1B:D2:2F:BE,-103
BLE,1670730934342840597,CD:4E:AE:D5:AE:42,-80
BLE,1670730934419692467,4E:B6:4A:DF:D3:0E,-100
BLE,1670730934938061665,4E:B6:4A:DF:D3:0E,-99
BLE,1670730935099111566,45:34:99:79:69:36,-96
BLE,1670730935374100268,45:34:99:79:69:36,-97
BLE,1670730935489540466,42:82:F6:CB:7B:27,-101
BLE,1670730935760952919,42:82:F6:CB:7B:27,-99
BLE,1670730936032082374,42:82:F6:CB:7B:27,-97
BLE,1670730936149070138,4B:7D:1B:D2:2F:BE,-102
BLE,1670730936239167973,4E:B6:4A:DF:D3:0E,-98
BLE,1670730936302165009,42:82:F6:CB:7B:27,-98
BLE,1670730936574610574,42:82:F6:CB:7B:27,-100
BLE,1670730937261035215,4B:7D:1B:D2:2F:BE,-104
BLE,1670730937306593418,45:34:99:79:69:36,-96
BLE,1670730937577820206,45:34:99:79:69:36,-97
BLE,1670730937676119652,D7:5C:30:E3:D5:C3,-90
BLE,1670730937848240421,45:34:99:79:69:36,-96
BLE,1670730938343687477,CD:4E:AE:D5:AE:42,-81
BLE,1670730938373917698,4B:7D:1B:D2:2F:BE,-101
BLE,1670730938949246296,45:34:99:79:69:36,-95
BLE,1670730939075885652,4E:B6:4A:DF:D3:0E,-98
BLE,1670730939593522650,4E:B6:4A:DF:D3:0E,-98
BLE,1670730939686421036,D7:5C:30:E3:D5:C3,-104
BLE,1670730940244727047,4B:7D:1B:D2:2F:BE,-103
BLE,1670730940343584486,CD:4E:AE:D5:AE:42,-80
BLE,1670730940593950774,45:34:99:79:69:36,-100
BLE,1670730940626862337,4E:B6:4A:DF:D3:0E,-99
BLE,1670730940912131582,42:82:F6:CB:7B:27,-98
BLE,1670730941185885048,42:82:F6:CB:7B:27,-99
BLE,1670730941425238052,45:34:99:79:69:36,-96
BLE,1670730941695615433,45:34:99:79:69:36,-97
BLE,1670730941924426022,4B:7D:1B:D2:2F:BE,-92
BLE,1670730942343541244,CD:4E:AE:D5:AE:42,-66
BLE,1670730942674496190,4B:7D:1B:D2:2F:BE,-93
BLE,1670730943042852355,14:BB:6E:11:32:18,-94
BLE,1670730943067772931,45:34:99:79:69:36,-96
BLE,1670730943614889201,4B:7D:1B:D2:2F:BE,-91
BLE,1670730943901797342,45:34:99:79:69:36,-85
BLE,1670730943981105849,4E:B6:4A:DF:D3:0E,-87
BLE,1670730944343184089,CD:4E:AE:D5:AE:42,-65
BLE,1670730944358761444,4B:7D:1B:D2:2F:BE,-90
BLE,1670730944447151592,42:82:F6:CB:7B:27,-88
BLE,1670730944730519317,45:34:99:79:69:36,-96
BLE,1670730945000264206,45:34:99:79:69:36,-96
BLE,1670730945272874311,45:34:99:79:69:36,-97
BLE,1670730945481622224,4B:7D:1B:D2:2F:BE,-100
BLE,1670730945662916174,4B:7D:1B:D2:2F:BE,-100
BLE,1670730946030693012,4E:B6:4A:DF:D3:0E,-97
BLE,1670730946343430260,CD:4E:AE:D5:AE:42,-79
BLE,1670730946817794153,4E:B6:4A:DF:D3:0E,-98
BLE,1670730947186687019,45:34:99:79:69:36,-98
BLE,1670730947708341511,4B:7D:1B:D2:2F:BE,-89
BLE,1670730947853673851,4E:B6:4A:DF:D3:0E,-98
BLE,1670730948248571405,42:82:F6:CB:7B:27,-86
BLE,1670730948286831613,45:34:99:79:69:36,-97
BLE,1670730948367476271,4E:B6:4A:DF:D3:0E,-100
BLE,1670730948469612379,14:BB:6E:11:32:18,-88
BLE,1670730948518473584,42:82:F6:CB:7B:27,-98
BLE,1670730948789766330,42:82:F6:CB:7B:27,-88
BLE,1670730948848947745,45:34:99:79:69:36,-83
BLE,1670730948885656846,4E:B6:4A:DF:D3:0E,-87
BLE,1670730949120774067,45:34:99:79:69:36,-98
BLE,1670730949376334793,4B:7D:1B:D2:2F:BE,-101
BLE,1670730949557701117,4B:7D:1B:D2:2F:BE,-89
BLE,1670730949707152575,D7:5C:30:E3:D5:C3,-92
BLE,1670730949923629728,4E:B6:4A:DF:D3:0E,-100
BLE,1670730950343277069,CD:4E:AE:D5:AE:42,-79
BLE,1670730950440903897,4E:B6:4A:DF:D3:0E,-100
BLE,1670730950494235257,45:34:99:79:69:36,-97
BLE,1670730950656720267,4B:7D:1B:D2:2F:BE,-101
BLE,1670730950839075621,4B:7D:1B:D2:2F:BE,-102
BLE,1670730950958539229,4E:B6:4A:DF:D3:0E,-98
BLE,1670730951026013128,4B:7D:1B:D2:2F:BE,-103
BLE,1670730951238582370,42:82:F6:CB:7B:27,-97
BLE,1670730951510212361,42:82:F6:CB:7B:27,-99
BLE,1670730951595194508,45:34:99:79:69:36,-95
BLE,1670730951779877418,42:82:F6:CB:7B:27,-98
BLE,1670730952052408149,42:82:F6:CB:7B:27,-101
BLE,1670730952323836434,42:82:F6:CB:7B:27,-98
BLE,1670730952344532228,CD:4E:AE:D5:AE:42,-79
BLE,1670730952525792636,4B:7D:1B:D2:2F:BE,-101
BLE,1670730952700214252,45:34:99:79:69:36,-96
BLE,1670730953801544916,45:34:99:79:69:36,-96
BLE,1670730953835599424,4B:7D:1B:D2:2F:BE,-103
BLE,1670730954344624776,CD:4E:AE:D5:AE:42,-79
BLE,1670730954586942952,4B:7D:1B:D2:2F:BE,-103
BLE,1670730954902485208,45:34:99:79:69:36,-97
BLE,1670730955172477761,45:34:99:79:69:36,-99
BLE,1670730955699224692,4B:7D:1B:D2:2F:BE,-91
BLE,1670730955717485098,45:34:99:79:69:36,-104
BLE,1670730955720603602,D7:5C:30:E3:D5:C3,-100
BLE,1670730955840748536,4E:B6:4A:DF:D3:0E,-99
BLE,1670730955855371444,42:82:F6:CB:7B:27,-98
BLE,1670730956125136208,42:82:F6:CB:7B:27,-100
BLE,1670730956260711748,4B:7D:1B:D2:2F:BE,-100
BLE,1670730956542607783,45:34:99:79:69:36,-96
BLE,1670730956813739155,45:34:99:79:69:36,-95
BLE,1670730957006376511,4B:7D:1B:D2:2F:BE,-102
BLE,1670730957083719625,45:34:99:79:69:36,-97
BLE,1670730957189008404,4B:7D:1B:D2:2F:BE,-94
BLE,1670730957357513466,45:34:99:79:69:36,-84
BLE,1670730957392520587,4E:B6:4A:DF:D3:0E,-87
BLE,1670730957565904882,4B:7D:1B:D2:2F:BE,-90
BLE,1670730957724336523,D7:5C:30:E3:D5:C3,-90
BLE,1670730958312056015,4B:7D:1B:D2:2F:BE,-91
BLE,1670730958346491185,CD:4E:AE:D5:AE:42,-81
BLE,1670730958456128578,45:34:99:79:69:36,-85
BLE,1670730958497070253,4B:7D:1B:D2:2F:BE,-103
BLE,1670730958868977250,4B:7D:1B:D2:2F:BE,-103
BLE,1670730958945961160,4E:B6:4A:DF:D3:0E,-99
BLE,1670730959051337854,4B:7D:1B:D2:2F:BE,-100
BLE,1670730959383758575,42:82:F6:CB:7B:27,-99
BLE,1670730959654999488,42:82:F6:CB:7B:27,-100
BLE,1670730959712221343,4E:B6:4A:DF:D3:0E,-101
BLE,1670730959733368214,D7:5C:30:E3:D5:C3,-102
BLE,1670730959831096083,45:34:99:79:69:36,-99
BLE,1670730959930083354,42:82:F6:CB:7B:27,-99
BLE,1670730960184672425,4B:7D:1B:D2:2F:BE,-102
BLE,1670730960228452067,4E:B6:4A:DF:D3:0E,-99
BLE,1670730960349176702,CD:4E:AE:D5:AE:42,-81
BLE,1670730960933898062,45:34:99:79:69:36,-98
BLE,1670730961259372241,4E:B6:4A:DF:D3:0E,-99
BLE,1670730961507534056,4B:7D:1B:D2:2F:BE,-102
BLE,1670730961692595002,4B:7D:1B:D2:2F:BE,-102
BLE,1670730961776705743,4E:B6:4A:DF:D3:0E,-99
BLE,1670730961883259007,4B:7D:1B:D2:2F:BE,-102
BLE,1670730962107535816,42:82:F6:CB:7B:27,-98
BLE,1670730962307391502,45:34:99:79:69:36,-95
BLE,1670730962349131501,CD:4E:AE:D5:AE:42,-82
BLE,1670730962380036547,42:82:F6:CB:7B:27,-99
BLE,1670730962652915899,42:82:F6:CB:7B:27,-99
BLE,1670730962808689072,4B:7D:1B:D2:2F:BE,-100
BLE,1670730962813928051,4E:B6:4A:DF:D3:0E,-98
BLE,1670730963134366706,45:34:99:79:69:36,-97
BLE,1670730963329277327,4E:B6:4A:DF:D3:0E,-99
BLE,1670730963552287193,4B:7D:1B:D2:2F:BE,-101
BLE,1670730963849784749,4E:B6:4A:DF:D3:0E,-100
BLE,1670730964238708083,45:34:99:79:69:36,-97
BLE,1670730964288831274,4B:7D:1B:D2:2F:BE,-100
BLE,1670730964350452493,CD:4E:AE:D5:AE:42,-81
BLE,1670730964473882346,4B:7D:1B:D2:2F:BE,-101
BLE,1670730964511069775,45:34:99:79:69:36,-98
BLE,1670730964837253195,4B:7D:1B:D2:2F:BE,-101
BLE,1670730965341948224,45:34:99:79:69:36,-99
BLE,1670730965368976399,42:82:F6:CB:7B:27,-99
BLE,1670730965640253895,42:82:F6:CB:7B:27,-100
BLE,1670730965775577855,4B:7D:1B:D2:2F:BE,-102
BLE,1670730965879157529,45:34:99:79:69:36,-98
BLE,1670730965913832988,42:82:F6:CB:7B:27,-101
BLE,1670730966151059851,45:34:99:79:69:36,-96
BLE,1670730966164831644,4E:B6:4A:DF:D3:0E,-99
BLE,1670730966183820999,42:82:F6:CB:7B:27,-99
BLE,1670730966354272663,CD:4E:AE:D5:AE:42,-81
BLE,1670730966455172869,42:82:F6:CB:7B:27,-98
BLE,1670730966517106543,4B:7D:1B:D2:2F:BE,-104
BLE,1670730966706377189,4B:7D:1B:D2:2F:BE,-101
BLE,1670730966930886996,4E:B6:4A:DF:D3:0E,-99
BLE,1670730967253855788,45:34:99:79:69:36,-97
BLE,1670730967447394841,4E:B6:4A:DF:D3:0E,-98
BLE,1670730967450421638,4B:7D:1B:D2:2F:BE,-100
BLE,1670730967505035191,14:BB:6E:11:32:18,-103
BLE,1670730968089871634,45:34:99:79:69:36,-87
BLE,1670730968354334336,CD:4E:AE:D5:AE:42,-81
BLE,1670730968486114089,4E:B6:4A:DF:D3:0E,-99
BLE,1670730968632650623,42:82:F6:CB:7B:27,-98
BLE,1670730968903904119,42:82:F6:CB:7B:27,-87
BLE,1670730969127687726,4B:7D:1B:D2:2F:BE,-102
BLE,1670730969173898713,42:82:F6:CB:7B:27,-99
BLE,1670730969319675589,4B:7D:1B:D2:2F:BE,-103
BLE,1670730969461331265,45:34:99:79:69:36,-97
BLE,1670730969509276565,4B:7D:1B:D2:2F:BE,-102
BLE,1670730969762308404,D7:5C:30:E3:D5:C3,-100
BLE,1670730969766818767,4E:B6:4A:DF:D3:0E,-97
BLE,1670730970291239267,45:34:99:79:69:36,-98
BLE,1670730970359545115,CD:4E:AE:D5:AE:42,-81
BLE,1670730970563568959,45:34:99:79:69:36,-96
BLE,1670730971373603700,4B:7D:1B:D2:2F:BE,-100
BLE,1670730971528982127,14:BB:6E:11:32:18,-101
BLE,1670730971560979285,4B:7D:1B:D2:2F:BE,-100
BLE,1670730971929367408,4B:7D:1B:D2:2F:BE,-92
BLE,1670730972086296858,4E:B6:4A:DF:D3:0E,-87
BLE,1670730972206145337,45:34:99:79:69:36,-85
BLE,1670730972360906272,CD:4E:AE:D5:AE:42,-66
BLE,1670730972435254672,42:82:F6:CB:7B:27,-90
BLE,1670730972477342376,45:34:99:79:69:36,-97
BLE,1670730972482354690,4B:7D:1B:D2:2F:BE,-89
BLE,1670730972707731029,42:82:F6:CB:7B:27,-88
BLE,1670730972847264855,4E:B6:4A:DF:D3:0E,-100
BLE,1670730972978981733,42:82:F6:CB:7B:27,-99
BLE,1670730973237441924,4B:7D:1B:D2:2F:BE,-94
BLE,1670730973248961619,42:82:F6:CB:7B:27,-88
BLE,1670730973369071762,4E:B6:4A:DF:D3:0E,-98
BLE,1670730973577430054,45:34:99:79:69:36,-97
BLE,1670730973888099452,4E:B6:4A:DF:D3:0E,-87
BLE,1670730973992875445,4B:7D:1B:D2:2F:BE,-92
BLE,1670730974370343458,4B:7D:1B:D2:2F:BE,-90
BLE,1670730974402751195,4E:B6:4A:DF:D3:0E,-98
BLE,1670730974949922089,45:34:99:79:69:36,-84
BLE,1670730975157798512,42:82:F6:CB:7B:27,-88
BLE,1670730975429106507,42:82:F6:CB:7B:27,-98
BLE,1670730975699061185,42:82:F6:CB:7B:27,-97
BLE,1670730975972971525,42:82:F6:CB:7B:27,-99
BLE,1670730976224137803,4E:B6:4A:DF:D3:0E,-99
BLE,1670730976360567000,CD:4E:AE:D5:AE:42,-79
BLE,1670730976591205816,45:34:99:79:69:36,-95
BLE,1670730976992954830,4E:B6:4A:DF:D3:0E,-100
BLE,1670730977161121646,4B:7D:1B:D2:2F:BE,-101
BLE,1670730977427334036,45:34:99:79:69:36,-97
BLE,1670730977697324672,45:34:99:79:69:36,-96
BLE,1670730977879079825,42:82:F6:CB:7B:27,-98
BLE,1670730978149071753,42:82:F6:CB:7B:27,-100
BLE,1670730978274794536,4B:7D:1B:D2:2F:BE,-100
BLE,1670730978360904545,CD:4E:AE:D5:AE:42,-79
BLE,1670730978421852855,42:82:F6:CB:7B:27,-98
BLE,1670730978465067545,4B:7D:1B:D2:2F:BE,-101
BLE,1670730978541306464,4E:B6:4A:DF:D3:0E,-100
BLE,1670730978691535412,42:82:F6:CB:7B:27,-98
BLE,1670730978962910490,42:82:F6:CB:7B:27,-99
BLE,1670730979060187739,4E:B6:4A:DF:D3:0E,-98
BLE,1670730979232890876,42:82:F6:CB:7B:27,-99
BLE,1670730979357556672,45:34:99:79:69:36,-95
BLE,1670730979504103872,42:82:F6:CB:7B:27,-98
BLE,1670730980364514676,CD:4E:AE:D5:AE:42,-79
BLE,1670730980587362336,42:82:F6:CB:7B:27,-104
BLE,1670730981270181144,45:34:99:79:69:36,-95
BLE,1670730981542352254,45:34:99:79:69:36,-96
BLE,1670730981813792040,45:34:99:79:69:36,-97
BLE,1670730981828133159,4B:7D:1B:D2:2F:BE,-101
BLE,1670730982202390795,4B:7D:1B:D2:2F:BE,-101
BLE,1670730982365696502,CD:4E:AE:D5:AE:42,-79
BLE,1670730982393202672,4E:B6:4A:DF:D3:0E,-98
BLE,1670730982951299852,4B:7D:1B:D2:2F:BE,-103
BLE,1670730984286270963,45:34:99:79:69:36,-95
BLE,1670730984558621445,45:34:99:79:69:36,-96
BLE,1670730984617141118,4B:7D:1B:D2:2F:BE,-103
BLE,1670730984651679537,42:82:F6:CB:7B:27,-99
BLE,1670730984921700340,42:82:F6:CB:7B:27,-98
BLE,1670730985368099318,4B:7D:1B:D2:2F:BE,-106
BLE,1670730985463015263,42:82:F6:CB:7B:27,-100
BLE,1670730985733371395,4B:7D:1B:D2:2F:BE,-104
BLE,1670730985734277967,42:82:F6:CB:7B:27,-99
BLE,1670730985928574886,45:34:99:79:69:36,-95
BLE,1670730986006707157,42:82:F6:CB:7B:27,-98
BLE,1670730986202157771,45:34:99:79:69:36,-97
BLE,1670730986371996275,CD:4E:AE:D5:AE:42,-79
BLE,1670730986667709978,4B:7D:1B:D2:2F:BE,-102
BLE,1670730986858374190,4B:7D:1B:D2:2F:BE,-99
BLE,1670730987023274796,4E:B6:4A:DF:D3:0E,-89
BLE,1670730987301069630,45:34:99:79:69:36,-96
BLE,1670730987787518877,4B:7D:1B:D2:2F:BE,-90
BLE,1670730987811053928,D7:5C:30:E3:D5:C3,-90
BLE,1670730988136271610,45:34:99:79:69:36,-97
BLE,1670730988372125948,CD:4E:AE:D5:AE:42,-79
BLE,1670730988726289032,4B:7D:1B:D2:2F:BE,-91
BLE,1670730988945134407,45:34:99:79:69:36,-85
BLE,1670730988996927202,42:82:F6:CB:7B:27,-97
BLE,1670730989095003526,4E:B6:4A:DF:D3:0E,-100
BLE,1670730989214797214,45:34:99:79:69:36,-99
BLE,1670730989269344268,42:82:F6:CB:7B:27,-98
BLE,1670730989858976528,4B:7D:1B:D2:2F:BE,-102
BLE,1670730990371907499,CD:4E:AE:D5:AE:42,-79
BLE,1670730990795845872,4B:7D:1B:D2:2F:BE,-99
BLE,1670730990892497046,4E:B6:4A:DF:D3:0E,-99
BLE,1670730990975833046,4B:7D:1B:D2:2F:BE,-101
BLE,1670730991148442975,45:34:99:79:69:36,-96
BLE,1670730991542084837,4B:7D:1B:D2:2F:BE,-102
BLE,1670730991663279258,4E:B6:4A:DF:D3:0E,-100
BLE,1670730991719469542,42:82:F6:CB:7B:27,-99
BLE,1670730991818693685,D7:5C:30:E3:D5:C3,-101
BLE,1670730991993473380,42:82:F6:CB:7B:27,-99
BLE,1670730992104633255,4B:7D:1B:D2:2F:BE,-102
BLE,1670730992371821341,CD:4E:AE:D5:AE:42,-80
BLE,1670730992522280786,45:34:99:79:69:36,-99
BLE,1670730992697278895,4E:B6:4A:DF:D3:0E,-99
BLE,1670730992844967540,4B:7D:1B:D2:2F:BE,-102
BLE,1670730992972790590,14:BB:6E:11:32:18,-103
BLE,1670730993354722467,45:34:99:79:69:36,-95
BLE,1670730993625056015,45:34:99:79:69:36,-95
BLE,1670730993895927016,45:34:99:79:69:36,-97
BLE,1670730993899507640,42:82:F6:CB:7B:27,-97
BLE,1670730994166269481,45:34:99:79:69:36,-96
BLE,1670730994169544192,42:82:F6:CB:7B:27,-100
BLE,1670730994247906877,4E:B6:4A:DF:D3:0E,-98
BLE,1670730994375676302,CD:4E:AE:D5:AE:42,-80
BLE,1670730994442123422,42:82:F6:CB:7B:27,-98
BLE,1670730994712093892,42:82:F6:CB:7B:27,-97
BLE,1670730994714578862,45:34:99:79:69:36,-106
BLE,1670730995071796743,4B:7D:1B:D2:2F:BE,-98
BLE,1670730995267169483,45:34:99:79:69:36,-96
BLE,1670730995538499853,45:34:99:79:69:36,-94
BLE,1670730995631859983,4B:7D:1B:D2:2F:BE,-103
BLE,1670730995822677361,4B:7D:1B:D2:2F:BE,-103
BLE,1670730996371583234,45:34:99:79:69:36,-97
BLE,1670730996378666441,CD:4E:AE:D5:AE:42,-80
BLE,1670730996858194271,4E:B6:4A:DF:D3:0E,-98
BLE,1670730997742356623,45:34:99:79:69:36,-96
BLE,1670730997831571178,D7:5C:30:E3:D5:C3,-101
BLE,1670730997895684700,4E:B6:4A:DF:D3:0E,-98
BLE,1670730998379594395,CD:4E:AE:D5:AE:42,-80
BLE,1670730998410322735,4E:B6:4A:DF:D3:0E,-100
BLE,1670730999178293022,4E:B6:4A:DF:D3:0E,-100
BLE,1670730999190271129,4B:7D:1B:D2:2F:BE,-102
BLE,1670730999323468489,42:82:F6:CB:7B:27,-99
BLE,1670730999382806652,4B:7D:1B:D2:2F:BE,-102
BLE,1670730999595883013,42:82:F6:CB:7B:27,-101
BLE,1670730999677166288,45:34:99:79:69:36,-97
BLE,1670730999963408312,4E:B6:4A:DF:D3:0E,-100
BLE,1670731000382379744,CD:4E:AE:D5:AE:42,-79
BLE,1670731000678380818,4B:7D:1B:D2:2F:BE,-103
BLE,1670731001048990373,45:34:99:79:69:36,-95
BLE,1670731001236042212,4B:7D:1B:D2:2F:BE,-104
BLE,1670731001592153690,45:34:99:79:69:36,-96
BLE,1670731001828223191,C8:B2:1E:C1:4C:16,-105
BLE,1670731002384760890,CD:4E:AE:D5:AE:42,-65
BLE,1670731002689664107,45:34:99:79:69:36,-85
BLE,1670731002946087989,4B:7D:1B:D2:2F:BE,-89
BLE,1670731002962141797,45:34:99:79:69:36,-96
BLE,1670731003232711051,45:34:99:79:69:36,-85
BLE,1670731003313946410,4E:B6:4A:DF:D3:0E,-87
BLE,1670731003503420345,45:34:99:79:69:36,-97
BLE,1670731003508513326,4B:7D:1B:D2:2F:BE,-101
BLE,1670731003667235838,42:82:F6:CB:7B:27,-99
BLE,1670731003696554987,4B:7D:1B:D2:2F:BE,-89
BLE,1670731003846434564,D7:5C:30:E3:D5:C3,-91
BLE,1670731004073795420,4B:7D:1B:D2:2F:BE,-90
BLE,1670731004079081606,4E:B6:4A:DF:D3:0E,-88
BLE,1670731004334480084,45:34:99:79:69:36,-85
BLE,1670731004384714606,CD:4E:AE:D5:AE:42,-66
BLE,1670731004603202985,45:34:99:79:69:36,-84
BLE,1670731004635065811,4B:7D:1B:D2:2F:BE,-91
BLE,1670731004873197413,45:34:99:79:69:36,-84
BLE,1670731005145720685,45:34:99:79:69:36,-97
BLE,1670731005363000204,4E:B6:4A:DF:D3:0E,-99
BLE,1670731005379440048,4B:7D:1B:D2:2F:BE,-102
BLE,1670731005417571799,45:34:99:79:69:36,-97
BLE,1670731005879962044,4E:B6:4A:DF:D3:0E,-99
BLE,1670731006123019753,4B:7D:1B:D2:2F:BE,-102
BLE,1670731006394890992,4E:B6:4A:DF:D3:0E,-100
BLE,1670731006515732375,45:34:99:79:69:36,-95
BLE,1670731006659786272,42:82:F6:CB:7B:27,-96
BLE,1670731006788178065,45:34:99:79:69:36,-95
BLE,1670731006918555626,4E:B6:4A:DF:D3:0E,-98
BLE,1670731006932155088,42:82:F6:CB:7B:27,-100
BLE,1670731007056756594,4B:7D:1B:D2:2F:BE,-102
BLE,1670731007202245181,42:82:F6:CB:7B:27,-97
BLE,1670731007243113566,4B:7D:1B:D2:2F:BE,-100
BLE,1670731007433807445,4E:B6:4A:DF:D3:0E,-99
BLE,1670731007472183693,42:82:F6:CB:7B:27,-98
BLE,1670731007855298472,D7:5C:30:E3:D5:C3,-101
BLE,1670731007986246860,4B:7D:1B:D2:2F:BE,-103
BLE,1670731008428711844,45:34:99:79:69:36,-97
BLE,1670731008731189923,4B:7D:1B:D2:2F:BE,-88
BLE,1670731008829299080,42:82:F6:CB:7B:27,-94
BLE,1670731009470362973,4B:7D:1B:D2:2F:BE,-100
BLE,1670731010190182587,42:82:F6:CB:7B:27,-98
BLE,1670731010293661846,4E:B6:4A:DF:D3:0E,-98
BLE,1670731010389194617,CD:4E:AE:D5:AE:42,-82
BLE,1670731010461104712,42:82:F6:CB:7B:27,-97
BLE,1670731010733687401,42:82:F6:CB:7B:27,-98
BLE,1670731010810628478,4E:B6:4A:DF:D3:0E,-97
BLE,1670731010904327770,45:34:99:79:69:36,-96
BLE,1670731011003578580,42:82:F6:CB:7B:27,-99
BLE,1670731011521792363,4B:7D:1B:D2:2F:BE,-101
BLE,1670731012005575018,45:34:99:79:69:36,-95
BLE,1670731012272833895,4B:7D:1B:D2:2F:BE,-101
BLE,1670731012390455984,CD:4E:AE:D5:AE:42,-81
BLE,1670731012876051534,4E:B6:4A:DF:D3:0E,-99
BLE,1670731013201197550,4B:7D:1B:D2:2F:BE,-104
BLE,1670731013392695044,4E:B6:4A:DF:D3:0E,-100
BLE,1670731013577899947,4B:7D:1B:D2:2F:BE,-100
BLE,1670731013872071127,D7:5C:30:E3:D5:C3,-101
BLE,1670731013914282245,4E:B6:4A:DF:D3:0E,-100
BLE,1670731013943040275,45:34:99:79:69:36,-96
BLE,1670731013952339497,4B:7D:1B:D2:2F:BE,-101
BLE,1670731014233061671,45:34:99:79:69:36,-94
BLE,1670731014264871831,42:82:F6:CB:7B:27,-99
BLE,1670731014393364665,CD:4E:AE:D5:AE:42,-81
BLE,1670731014535096465,42:82:F6:CB:7B:27,-100
BLE,1670731014778178257,45:34:99:79:69:36,-98
BLE,1670731014894124199,4B:7D:1B:D2:2F:BE,-100
BLE,1670731015077340460,42:82:F6:CB:7B:27,-98
BLE,1670731015192520870,4E:B6:4A:DF:D3:0E,-100
BLE,1670731015347329387,42:82:F6:CB:7B:27,-99
BLE,1670731015456825824,4B:7D:1B:D2:2F:BE,-99
BLE,1670731015711724058,4E:B6:4A:DF:D3:0E,-98
BLE,1670731016229249308,4E:B6:4A:DF:D3:0E,-98
BLE,1670731016380469910,4B:7D:1B:D2:2F:BE,-100
BLE,1670731016396709216,CD:4E:AE:D5:AE:42,-81
BLE,1670731016480851123,4E:B6:4A:DF:D3:0E,-99
BLE,1670731016561783694,4B:7D:1B:D2:2F:BE,-101
BLE,1670731016979577848,45:34:99:79:69:36,-84
BLE,1670731017125956217,4B:7D:1B:D2:2F:BE,-90
BLE,1670731017244209299,4E:B6:4A:DF:D3:0E,-98
BLE,1670731017250565514,45:34:99:79:69:36,-84
BLE,1670731017530596155,45:34:99:79:69:36,-105
BLE,1670731017758169508,4E:B6:4A:DF:D3:0E,-88
BLE,1670731017799273348,45:34:99:79:69:36,-95
BLE,1670731017867134951,4B:7D:1B:D2:2F:BE,-93
BLE,1670731018010749061,4E:B6:4A:DF:D3:0E,-88
BLE,1670731018064940078,42:82:F6:CB:7B:27,-88
BLE,1670731018079885274,45:34:99:79:69:36,-85
BLE,1670731018338892917,42:82:F6:CB:7B:27,-89
BLE,1670731018400615426,CD:4E:AE:D5:AE:42,-66
BLE,1670731019185134057,45:34:99:79:69:36,-84
BLE,1670731019351515602,4B:7D:1B:D2:2F:BE,-100
BLE,1670731019562397489,4E:B6:4A:DF:D3:0E,-98
BLE,1670731019917634978,4B:7D:1B:D2:2F:BE,-102
BLE,1670731020077263021,4E:B6:4A:DF:D3:0E,-100
BLE,1670731020288044867,45:34:99:79:69:36,-97
BLE,1670731020403224652,CD:4E:AE:D5:AE:42,-80
BLE,1670731020560576806,45:34:99:79:69:36,-95
BLE,1670731020593158791,4E:B6:4A:DF:D3:0E,-97
BLE,1670731020791243414,42:82:F6:CB:7B:27,-100
BLE,1670731021217120264,4B:7D:1B:D2:2F:BE,-102
BLE,1670731021630541721,4E:B6:4A:DF:D3:0E,-99
BLE,1670731021661767305,45:34:99:79:69:36,-96
BLE,1670731022139576114,4B:7D:1B:D2:2F:BE,-101
BLE,1670731022149315456,4E:B6:4A:DF:D3:0E,-98
BLE,1670731022490504779,45:34:99:79:69:36,-96
BLE,1670731022668180273,4E:B6:4A:DF:D3:0E,-98
BLE,1670731022762974761,45:34:99:79:69:36,-97
BLE,1670731022971258096,42:82:F6:CB:7B:27,-88
BLE,1670731023062500793,4B:7D:1B:D2:2F:BE,-101
BLE,1670731023241333189,42:82:F6:CB:7B:27,-99
BLE,1670731023512813432,42:82:F6:CB:7B:27,-99
BLE,1670731023702524990,4E:B6:4A:DF:D3:0E,-99
BLE,1670731024218715172,4E:B6:4A:DF:D3:0E,-100
BLE,1670731024675583358,45:34:99:79:69:36,-97
BLE,1670731024751805694,4B:7D:1B:D2:2F:BE,-104
BLE,1670731025501676282,4E:B6:4A:DF:D3:0E,-97
BLE,1670731026342222823,45:34:99:79:69:36,-96
BLE,1670731026414251584,CD:4E:AE:D5:AE:42,-80
BLE,1670731026985492481,4B:7D:1B:D2:2F:BE,-101
BLE,1670731027078310618,4E:B6:4A:DF:D3:0E,-99
BLE,1670731027582586069,42:82:F6:CB:7B:27,-98
BLE,1670731027595593079,4E:B6:4A:DF:D3:0E,-97
BLE,1670731027852975492,42:82:F6:CB:7B:27,-98
BLE,1670731027916549896,D7:5C:30:E3:D5:C3,-103
BLE,1670731028105179008,4B:7D:1B:D2:2F:BE,-99
BLE,1670731028109557122,4E:B6:4A:DF:D3:0E,-97
BLE,1670731028122568966,42:82:F6:CB:7B:27,-96
BLE,1670731028274374895,45:34:99:79:69:36,-97
BLE,1670731028392637976,42:82:F6:CB:7B:27,-99
BLE,1670731028665115499,42:82:F6:CB:7B:27,-100
BLE,1670731028842919783,4B:7D:1B:D2:2F:BE,-100
BLE,1670731028935091177,42:82:F6:CB:7B:27,-98
BLE,1670731029105623756,45:34:99:79:69:36,-98
BLE,1670731029206344464,42:82:F6:CB:7B:27,-97
BLE,1670731029477525545,42:82:F6:CB:7B:27,-99
BLE,1670731029640867919,4E:B6:4A:DF:D3:0E,-101
BLE,1670731029747527139,42:82:F6:CB:7B:27,-97
BLE,1670731029780501952,4B:7D:1B:D2:2F:BE,-102
BLE,1670731029939362171,45:34:99:79:69:36,-97
BLE,1670731030017535483,42:82:F6:CB:7B:27,-98
BLE,1670731030151063131,4B:7D:1B:D2:2F:BE,-101
BLE,1670731030209606512,45:34:99:79:69:36,-95
BLE,1670731030340063989,4B:7D:1B:D2:2F:BE,-102
BLE,1670731030486830437,45:34:99:79:69:36,-103
BLE,1670731031074572094,4B:7D:1B:D2:2F:BE,-102
BLE,1670731031191880562,4E:B6:4A:DF:D3:0E,-99
BLE,1670731031818509753,4B:7D:1B:D2:2F:BE,-100
BLE,1670731032420914735,CD:4E:AE:D5:AE:42,-66
BLE,1670731032476563276,4E:B6:4A:DF:D3:0E,-90
BLE,1670731032688002698,45:34:99:79:69:36,-85
BLE,1670731033122819481,4B:7D:1B:D2:2F:BE,-91
BLE,1670731033260588287,4E:B6:4A:DF:D3:0E,-99
BLE,1670731033492966708,4B:7D:1B:D2:2F:BE,-102
BLE,1670731033516776505,45:34:99:79:69:36,-84
BLE,1670731034063046119,45:34:99:79:69:36,-94
BLE,1670731034447643713,4B:7D:1B:D2:2F:BE,-106
BLE,1670731034621051133,45:34:99:79:69:36,-98
BLE,1670731034629344284,42:82:F6:CB:7B:27,-99
BLE,1670731035333556377,4E:B6:4A:DF:D3:0E,-100
BLE,1670731035382856578,4B:7D:1B:D2:2F:BE,-100
BLE,1670731035930595299,4B:7D:1B:D2:2F:BE,-90
BLE,1670731036285770330,45:34:99:79:69:36,-86
BLE,1670731036366155240,4E:B6:4A:DF:D3:0E,-87
BLE,1670731036425576902,CD:4E:AE:D5:AE:42,-66
BLE,1670731036889425338,4E:B6:4A:DF:D3:0E,-99
BLE,1670731037597238138,4B:7D:1B:D2:2F:BE,-91
BLE,1670731038160324800,42:82:F6:CB:7B:27,-99
BLE,1670731038430640016,CD:4E:AE:D5:AE:42,-80
BLE,1670731038687441143,4E:B6:4A:DF:D3:0E,-98
BLE,1670731039082706735,4B:7D:1B:D2:2F:BE,-102
BLE,1670731039273530863,4B:7D:1B:D2:2F:BE,-103
BLE,1670731039300877368,45:34:99:79:69:36,-95
BLE,1670731039647777998,4B:7D:1B:D2:2F:BE,-101
BLE,1670731039936217163,D7:5C:30:E3:D5:C3,-102
BLE,1670731039990798966,4E:B6:4A:DF:D3:0E,-99
BLE,1670731040070292304,42:82:F6:CB:7B:27,-97
BLE,1670731040341560425,42:82:F6:CB:7B:27,-96
BLE,1670731040405440617,45:34:99:79:69:36,-96
BLE,1670731040433184493,CD:4E:AE:D5:AE:42,-79
BLE,1670731040573517726,4B:7D:1B:D2:2F:BE,-102
BLE,1670731041540278503,4E:B6:4A:DF:D3:0E,-98
BLE,1670731041939994208,D7:5C:30:E3:D5:C3,-101
BLE,1670731042059541441,4E:B6:4A:DF:D3:0E,-97
BLE,1670731042257332693,4B:7D:1B:D2:2F:BE,-102
BLE,1670731042437048662,CD:4E:AE:D5:AE:42,-79
BLE,1670731042575722790,4E:B6:4A:DF:D3:0E,-99
BLE,1670731043983044699,45:34:99:79:69:36,-96
BLE,1670731044142935656,42:82:F6:CB:7B:27,-100
BLE,1670731044415539053,42:82:F6:CB:7B:27,-97
BLE,1670731044437094544,CD:4E:AE:D5:AE:42,-79
BLE,1670731044687799328,42:82:F6:CB:7B:27,-97
BLE,1670731045082947380,45:34:99:79:69:36,-96
BLE,1670731045788231085,4B:7D:1B:D2:2F:BE,-100
BLE,1670731046439919934,CD:4E:AE:D5:AE:42,-80
BLE,1670731046533292523,4B:7D:1B:D2:2F:BE,-101
BLE,1670731046907127163,4B:7D:1B:D2:2F:BE,-101
BLE,1670731047675546236,42:82:F6:CB:7B:27,-91
BLE,1670731047945457498,42:82:F6:CB:7B:27,-88
BLE,1670731048120953935,45:34:99:79:69:36,-86
BLE,1670731048219462378,42:82:F6:CB:7B:27,-99
BLE,1670731048442232747,CD:4E:AE:D5:AE:42,-80
BLE,1670731049345159082,4B:7D:1B:D2:2F:BE,-101
BLE,1670731049784162774,45:34:99:79:69:36,-97
BLE,1670731050443604072,CD:4E:AE:D5:AE:42,-80
BLE,1670731050938265638,42:82:F6:CB:7B:27,-99
BLE,1670731051009459034,4B:7D:1B:D2:2F:BE,-102
BLE,1670731051209263678,42:82:F6:CB:7B:27,-97
BLE,1670731051482893396,42:82:F6:CB:7B:27,-99
BLE,1670731051620722159,4E:B6:4A:DF:D3:0E,-97
BLE,1670731052261668678,45:34:99:79:69:36,-84
BLE,1670731052445874510,CD:4E:AE:D5:AE:42,-79
BLE,1670731052502889993,4B:7D:1B:D2:2F:BE,-101
BLE,1670731052533154338,45:34:99:79:69:36,-96
BLE,1670731052691890851,4B:7D:1B:D2:2F:BE,-102
BLE,1670731052874833448,4B:7D:1B:D2:2F:BE,-92
BLE,1670731053664475058,42:82:F6:CB:7B:27,-97
BLE,1670731053900432353,45:34:99:79:69:36,-97
BLE,1670731053976879436,D7:5C:30:E3:D5:C3,-103
BLE,1670731054170592778,45:34:99:79:69:36,-96
BLE,1670731054209644977,4E:B6:4A:DF:D3:0E,-97
BLE,1670731054441695276,45:34:99:79:69:36,-95
BLE,1670731055814497766,45:34:99:79:69:36,-95
BLE,1670731055843125798,42:82:F6:CB:7B:27,-86
BLE,1670731056047098767,4B:7D:1B:D2:2F:BE,-101
BLE,1670731056117953584,42:82:F6:CB:7B:27,-99
BLE,1670731056450967631,CD:4E:AE:D5:AE:42,-80
BLE,1670731056790972469,4B:7D:1B:D2:2F:BE,-102
BLE,1670731057185641026,45:34:99:79:69:36,-96
BLE,1670731057291727336,4E:B6:4A:DF:D3:0E,-98
BLE,1670731057355946316,4B:7D:1B:D2:2F:BE,-103
BLE,1670731058116238862,4B:7D:1B:D2:2F:BE,-103
BLE,1670731058565662971,42:82:F6:CB:7B:27,-95
BLE,1670731058839382729,42:82:F6:CB:7B:27,-98
BLE,1670731059102702653,45:34:99:79:69:36,-97
BLE,1670731059109351490,42:82:F6:CB:7B:27,-98
BLE,1670731059240462251,4B:7D:1B:D2:2F:BE,-101
BLE,1670731060200471526,45:34:99:79:69:36,-96
BLE,1670731060451994175,CD:4E:AE:D5:AE:42,-81
BLE,1670731061112098923,4B:7D:1B:D2:2F:BE,-104
BLE,1670731061413524640,4E:B6:4A:DF:D3:0E,-97
BLE,1670731061573934049,45:34:99:79:69:36,-95
BLE,1670731061668645747,4B:7D:1B:D2:2F:BE,-103
BLE,1670731061849056082,45:34:99:79:69:36,-96
BLE,1670731061994910291,D7:5C:30:E3:D5:C3,-102
BLE,1670731062370782532,42:82:F6:CB:7B:27,-98
BLE,1670731062452001891,CD:4E:AE:D5:AE:42,-81
BLE,1670731062640747710,42:82:F6:CB:7B:27,-88
BLE,1670731062695563927,4E:B6:4A:DF:D3:0E,-90
BLE,1670731062948919721,45:34:99:79:69:36,-97
BLE,1670731063344580392,4B:7D:1B:D2:2F:BE,-101
BLE,1670731063721336080,4B:7D:1B:D2:2F:BE,-102
BLE,1670731063780251582,45:34:99:79:69:36,-97
BLE,1670731063909066703,4B:7D:1B:D2:2F:BE,-94
BLE,1670731064097011157,4B:7D:1B:D2:2F:BE,-105
BLE,1670731064612854594,45:34:99:79:69:36,-96
BLE,1670731064764391234,4E:B6:4A:DF:D3:0E,-99
BLE,1670731064886481520,45:34:99:79:69:36,-84
BLE,1670731065973810017,6F:0B:39:C9:A6:03,-98
BLE,1670731065988986335,45:34:99:79:69:36,-97
BLE,1670731066259144094,45:34:99:79:69:36,-96
BLE,1670731066352211103,4B:7D:1B:D2:2F:BE,-102
BLE,1670731066455882151,CD:4E:AE:D5:AE:42,-80
BLE,1670731066534745288,4B:7D:1B:D2:2F:BE,-106
BLE,1670731066716048197,4B:7D:1B:D2:2F:BE,-107
BLE,1670731066981001351,42:82:F6:CB:7B:27,-99
BLE,1670731067091390902,45:34:99:79:69:36,-97
BLE,1670731067252093099,42:82:F6:CB:7B:27,-98
BLE,1670731067524589747,42:82:F6:CB:7B:27,-98
BLE,1670731067618874741,4E:B6:4A:DF:D3:0E,-87
BLE,1670731067794603008,42:82:F6:CB:7B:27,-99
BLE,1670731068191314415,45:34:99:79:69:36,-96
BLE,1670731069566630792,45:34:99:79:69:36,-84
BLE,1670731069688487788,4E:B6:4A:DF:D3:0E,-96
BLE,1670731070395133145,45:34:99:79:69:36,-86
BLE,1670731070462372546,CD:4E:AE:D5:AE:42,-81
BLE,1670731071191284927,4B:7D:1B:D2:2F:BE,-103
BLE,1670731071492584229,4E:B6:4A:DF:D3:0E,-99
BLE,1670731071571057038,4B:7D:1B:D2:2F:BE,-105
BLE,1670731072253945887,4E:B6:4A:DF:D3:0E,-101
BLE,1670731072464826066,CD:4E:AE:D5:AE:42,-80
BLE,1670731072673503521,42:82:F6:CB:7B:27,-97
BLE,1670731072772032714,4E:B6:4A:DF:D3:0E,-98
BLE,1670731072948541763,42:82:F6:CB:7B:27,-90
BLE,1670731073233869424,4B:7D:1B:D2:2F:BE,-99
BLE,1670731073411338586,45:34:99:79:69:36,-96
BLE,1670731073424472970,4B:7D:1B:D2:2F:BE,-105
BLE,1670731074467478125,CD:4E:AE:D5:AE:42,-80
BLE,1670731074511307016,45:34:99:79:69:36,-98
BLE,1670731074785071232,45:34:99:79:69:36,-96
BLE,1670731074842582375,4E:B6:4A:DF:D3:0E,-98
BLE,1670731075614156077,45:34:99:79:69:36,-96
BLE,1670731075880845462,4E:B6:4A:DF:D3:0E,-99
BLE,1670731075938503812,42:82:F6:CB:7B:27,-98
BLE,1670731076038146491,D7:5C:30:E3:D5:C3,-101
BLE,1670731076208489864,42:82:F6:CB:7B:27,-99
BLE,1670731076449183519,45:34:99:79:69:36,-96
BLE,1670731076470076893,CD:4E:AE:D5:AE:42,-81
BLE,1670731076667286527,4E:B6:4A:DF:D3:0E,-99
BLE,1670731076719999228,45:34:99:79:69:36,-95
BLE,1670731076996325830,45:34:99:79:69:36,-92
BLE,1670731077552701197,45:34:99:79:69:36,-97
BLE,1670731077699009192,4E:B6:4A:DF:D3:0E,-88
BLE,1670731078118750282,42:82:F6:CB:7B:27,-98
BLE,1670731078239548791,4B:7D:1B:D2:2F:BE,-94
BLE,1670731078391092848,42:82:F6:CB:7B:27,-87
BLE,1670731078428779229,4B:7D:1B:D2:2F:BE,-101
BLE,1670731078472388623,CD:4E:AE:D5:AE:42,-72
BLE,1670731078734247481,4E:B6:4A:DF:D3:0E,-89
BLE,1670731078926302511,45:34:99:79:69:36,-85
BLE,1670731079250895992,4E:B6:4A:DF:D3:0E,-99
BLE,1670731080288656293,4E:B6:4A:DF:D3:0E,-98
BLE,1670731080475048265,CD:4E:AE:D5:AE:42,-80
BLE,1670731080563817200,45:34:99:79:69:36,-96
BLE,1670731080571090779,42:82:F6:CB:7B:27,-96
BLE,1670731080808053228,4E:B6:4A:DF:D3:0E,-98
BLE,1670731080833898085,45:34:99:79:69:36,-97
BLE,1670731080844835371,42:82:F6:CB:7B:27,-97
BLE,1670731081107645634,45:34:99:79:69:36,-97
BLE,1670731081323946706,4E:B6:4A:DF:D3:0E,-97
BLE,1670731081392695007,4B:7D:1B:D2:2F:BE,-101
BLE,1670731081583592175,4B:7D:1B:D2:2F:BE,-101
BLE,1670731081840372095,C8:B2:1E:C1:4C:16,-104
BLE,1670731081956928196,4B:7D:1B:D2:2F:BE,-104
BLE,1670731082059018722,D7:5C:30:E3:D5:C3,-104
BLE,1670731082206441911,45:34:99:79:69:36,-98
BLE,1670731082331099458,4B:7D:1B:D2:2F:BE,-101
BLE,1670731082481349238,45:34:99:79:69:36,-96
BLE,1670731082522673909,4B:7D:1B:D2:2F:BE,-98
BLE,1670731082706231124,4B:7D:1B:D2:2F:BE,-99
BLE,1670731082751296125,45:34:99:79:69:36,-99
BLE,1670731082888830100,4B:7D:1B:D2:2F:BE,-101
BLE,1670731083023632566,42:82:F6:CB:7B:27,-100
BLE,1670731083293662369,42:82:F6:CB:7B:27,-88
BLE,1670731083394898863,4E:B6:4A:DF:D3:0E,-99
BLE,1670731083567393127,42:82:F6:CB:7B:27,-98
BLE,1670731083627658695,4B:7D:1B:D2:2F:BE,-100
BLE,1670731083811459407,4B:7D:1B:D2:2F:BE,-101
BLE,1670731083838470208,42:82:F6:CB:7B:27,-98
BLE,1670731083851322471,45:34:99:79:69:36,-96
BLE,1670731084028054684,4B:7D:1B:D2:2F:BE,-97
BLE,1670731084108773132,42:82:F6:CB:7B:27,-97
BLE,1670731084181820672,4E:B6:4A:DF:D3:0E,-98
BLE,1670731084480171302,CD:4E:AE:D5:AE:42,-80
BLE,1670731084595374420,4B:7D:1B:D2:2F:BE,-101
BLE,1670731084700645198,4E:B6:4A:DF:D3:0E,-99
BLE,1670731084784398527,4B:7D:1B:D2:2F:BE,-100
BLE,1670731084952611593,45:34:99:79:69:36,-96
BLE,1670731084971494283,4B:7D:1B:D2:2F:BE,-99
BLE,1670731085154905707,4B:7D:1B:D2:2F:BE,-100
BLE,1670731085222853809,45:34:99:79:69:36,-97
BLE,1670731085336775567,4B:7D:1B:D2:2F:BE,-89
BLE,1670731085487487718,4E:B6:4A:DF:D3:0E,-98
BLE,1670731085496266612,45:34:99:79:69:36,-97
BLE,1670731086017476027,42:82:F6:CB:7B:27,-99
BLE,1670731086074283012,4B:7D:1B:D2:2F:BE,-104
BLE,1670731086076301404,D7:5C:30:E3:D5:C3,-100
BLE,1670731086264659228,4B:7D:1B:D2:2F:BE,-104
BLE,1670731086289962383,42:82:F6:CB:7B:27,-99
BLE,1670731086481562793,CD:4E:AE:D5:AE:42,-80
BLE,1670731086561090047,42:82:F6:CB:7B:27,-99
BLE,1670731086597474402,45:34:99:79:69:36,-95
BLE,1670731086792775018,4E:B6:4A:DF:D3:0E,-99
BLE,1670731087137623672,45:34:99:79:69:36,-95
BLE,1670731087309844190,4E:B6:4A:DF:D3:0E,-98
BLE,1670731087766447837,4B:7D:1B:D2:2F:BE,-103
BLE,1670731087826788988,4E:B6:4A:DF:D3:0E,-99
BLE,1670731088344422320,4E:B6:4A:DF:D3:0E,-98
BLE,1670731088485188965,CD:4E:AE:D5:AE:42,-81
BLE,1670731088510120124,45:34:99:79:69:36,-99
BLE,1670731088886346444,4B:7D:1B:D2:2F:BE,-103
BLE,1670731089548869746,42:82:F6:CB:7B:27,-100
BLE,1670731089608823444,45:34:99:79:69:36,-96
BLE,1670731089818803341,42:82:F6:CB:7B:27,-87
BLE,1670731090092535391,42:82:F6:CB:7B:27,-87
BLE,1670731091004004123,45:34:99:79:69:36,-84
BLE,1670731091178885067,4E:B6:4A:DF:D3:0E,-87
BLE,1670731091308947382,6F:0B:39:C9:A6:03,-90
BLE,1670731091546578448,45:34:99:79:69:36,-85
BLE,1670731091718681133,4B:7D:1B:D2:2F:BE,-101
BLE,1670731091731331357,42:82:F6:CB:7B:27,-98
BLE,1670731091899283467,4B:7D:1B:D2:2F:BE,-102
BLE,1670731092005095947,42:82:F6:CB:7B:27,-98
BLE,1670731092149016638,C8:B2:1E:C1:4C:16,-104
BLE,1670731092150557911,C8:B2:1E:C1:4C:16,-93
BLE,1670731092485030773,CD:4E:AE:D5:AE:42,-65
BLE,1670731092635270804,4B:7D:1B:D2:2F:BE,-92
BLE,1670731092648792642,45:34:99:79:69:36,-85
BLE,1670731092980163625,4E:B6:4A:DF:D3:0E,-98
BLE,1670731093484285994,45:34:99:79:69:36,-97
BLE,1670731093566124388,4B:7D:1B:D2:2F:BE,-106
BLE,1670731093945160966,4B:7D:1B:D2:2F:BE,-89
BLE,1670731094015517330,4E:B6:4A:DF:D3:0E,-101
BLE,1670731094485083322,CD:4E:AE:D5:AE:42,-65
BLE,1670731094528781548,4E:B6:4A:DF:D3:0E,-87
BLE,1670731094581459874,45:34:99:79:69:36,-84
BLE,1670731094684658886,4B:7D:1B:D2:2F:BE,-101
BLE,1670731094995135911,42:82:F6:CB:7B:27,-100
BLE,1670731095046595502,4E:B6:4A:DF:D3:0E,-97
BLE,1670731095266435115,42:82:F6:CB:7B:27,-99
BLE,1670731095413966595,45:34:99:79:69:36,-96
BLE,1670731095437180817,4B:7D:1B:D2:2F:BE,-103
BLE,1670731095536353877,42:82:F6:CB:7B:27,-99
BLE,1670731095619920916,4B:7D:1B:D2:2F:BE,-100
BLE,1670731095808767151,42:82:F6:CB:7B:27,-99
BLE,1670731095815997814,4E:B6:4A:DF:D3:0E,-99
BLE,1670731096581519881,4E:B6:4A:DF:D3:0E,-98
BLE,1670731096786314049,45:34:99:79:69:36,-98
BLE,1670731097057513087,45:34:99:79:69:36,-97
BLE,1670731097097825395,4E:B6:4A:DF:D3:0E,-98
BLE,1670731097446468713,42:82:F6:CB:7B:27,-99
BLE,1670731097719092067,42:82:F6:CB:7B:27,-97
BLE,1670731097990273356,42:82:F6:CB:7B:27,-99
BLE,1670731098101296191,D7:5C:30:E3:D5:C3,-105
BLE,1670731098128962067,4E:B6:4A:DF:D3:0E,-101
BLE,1670731098260193368,42:82:F6:CB:7B:27,-98
BLE,1670731098486116741,CD:4E:AE:D5:AE:42,-80
BLE,1670731099166571328,4E:B6:4A:DF:D3:0E,-100
BLE,1670731099261171693,45:34:99:79:69:36,-89
BLE,1670731099536061937,45:34:99:79:69:36,-95
BLE,1670731099682910342,4E:B6:4A:DF:D3:0E,-97
BLE,1670731099726540444,4B:7D:1B:D2:2F:BE,-100
BLE,1670731099913815114,4B:7D:1B:D2:2F:BE,-102
BLE,1670731100491633057,CD:4E:AE:D5:AE:42,-65
BLE,1670731100966716900,4E:B6:4A:DF:D3:0E,-100
BLE,1670731101484156067,4E:B6:4A:DF:D3:0E,-100
BLE,1670731101717411144,45:34:99:79:69:36,-95
BLE,1670731102000385833,4E:B6:4A:DF:D3:0E,-100
BLE,1670731102115681533,D7:5C:30:E3:D5:C3,-103
BLE,1670731102494335449,CD:4E:AE:D5:AE:42,-79
BLE,1670731102517409589,4E:B6:4A:DF:D3:0E,-100
BLE,1670731103034616301,4E:B6:4A:DF:D3:0E,-98
BLE,1670731103087397001,45:34:99:79:69:36,-96
BLE,1670731103141498061,42:82:F6:CB:7B:27,-98
BLE,1670731103411502780,42:82:F6:CB:7B:27,-98
BLE,1670731103681509791,42:82:F6:CB:7B:27,-99
BLE,1670731103821077616,4E:B6:4A:DF:D3:0E,-97
BLE,1670731104458928173,45:34:99:79:69:36,-95
BLE,1670731104586739765,4E:B6:4A:DF:D3:0E,-88
BLE,1670731105104402971,4E:B6:4A:DF:D3:0E,-98
BLE,1670731105561348115,45:34:99:79:69:36,-95
BLE,1670731105690798312,4B:7D:1B:D2:2F:BE,-101
BLE,1670731105833669640,45:34:99:79:69:36,-95
BLE,1670731105869414502,4E:B6:4A:DF:D3:0E,-98
BLE,1670731106131537983,42:82:F6:CB:7B:27,-97
BLE,1670731106386352968,4E:B6:4A:DF:D3:0E,-99
BLE,1670731106402778937,42:82:F6:CB:7B:27,-98
BLE,1670731106500314142,CD:4E:AE:D5:AE:42,-79
BLE,1670731106668874037,45:34:99:79:69:36,-95
BLE,1670731106672829031,42:82:F6:CB:7B:27,-98
BLE,1670731106817584878,4B:7D:1B:D2:2F:BE,-100
BLE,1670731106905902902,4E:B6:4A:DF:D3:0E,-99
BLE,1670731106946463332,42:82:F6:CB:7B:27,-87
BLE,1670731107001539338,4B:7D:1B:D2:2F:BE,-104
BLE,1670731107182952287,4B:7D:1B:D2:2F:BE,-92
BLE,1670731107499927817,45:34:99:79:69:36,-96
BLE,1670731107767453233,45:34:99:79:69:36,-86
BLE,1670731108041080617,45:34:99:79:69:36,-84
BLE,1670731108460944455,4E:B6:4A:DF:D3:0E,-83
BLE,1670731108505439213,CD:4E:AE:D5:AE:42,-65
BLE,1670731109496808654,4E:B6:4A:DF:D3:0E,-99
BLE,1670731109702434521,45:34:99:79:69:36,-96
BLE,1670731110014444694,4E:B6:4A:DF:D3:0E,-98
BLE,1670731110505546595,CD:4E:AE:D5:AE:42,-79
BLE,1670731110809965484,45:34:99:79:69:36,-97
BLE,1670731111019052726,42:82:F6:CB:7B:27,-100
BLE,1670731111289343442,42:82:F6:CB:7B:27,-98
BLE,1670731111441591574,4B:7D:1B:D2:2F:BE,-102
BLE,1670731111813284782,4B:7D:1B:D2:2F:BE,-105
BLE,1670731111908556805,45:34:99:79:69:36,-96
BLE,1670731112508053280,CD:4E:AE:D5:AE:42,-79
BLE,1670731112726210580,45:34:99:79:69:36,-100
BLE,1670731113119626110,4E:B6:4A:DF:D3:0E,-99
BLE,1670731113549947156,45:34:99:79:69:36,-97
BLE,1670731113824811192,45:34:99:79:69:36,-95
BLE,1670731114818157359,42:82:F6:CB:7B:27,-98
BLE,1670731115091661870,42:82:F6:CB:7B:27,-98
BLE,1670731115193465399,45:34:99:79:69:36,-98
BLE,1670731115468486058,45:34:99:79:69:36,-102
BLE,1670731116024966049,45:34:99:79:69:36,-95
BLE,1670731116134706982,D7:5C:30:E3:D5:C3,-99
BLE,1670731116295919590,45:34:99:79:69:36,-95
BLE,1670731116471064281,4E:B6:4A:DF:D3:0E,-98
BLE,1670731116512976861,CD:4E:AE:D5:AE:42,-79
BLE,1670731116983847712,4E:B6:4A:DF:D3:0E,-88
BLE,1670731117127175493,45:34:99:79:69:36,-96
BLE,1670731117398396198,45:34:99:79:69:36,-96
BLE,1670731117502165703,4E:B6:4A:DF:D3:0E,-98
BLE,1670731117668377251,45:34:99:79:69:36,-97
BLE,1670731117941568932,45:34:99:79:69:36,-96
BLE,1670731118081737875,42:82:F6:CB:7B:27,-99
BLE,1670731118351848385,42:82:F6:CB:7B:27,-89
BLE,1670731118773402411,45:34:99:79:69:36,-85
BLE,1670731119241317881,14:BB:6E:11:32:18,-87
BLE,1670731119575840202,4E:B6:4A:DF:D3:0E,-100
BLE,1670731119604536649,45:34:99:79:69:36,-85
BLE,1670731120088874130,4E:B6:4A:DF:D3:0E,-99
BLE,1670731120201912316,4B:7D:1B:D2:2F:BE,-94
BLE,1670731120513091875,CD:4E:AE:D5:AE:42,-79
BLE,1670731120534270746,42:82:F6:CB:7B:27,-98
BLE,1670731120705829813,45:34:99:79:69:36,-97
BLE,1670731120806719561,42:82:F6:CB:7B:27,-100
BLE,1670731120978313044,45:34:99:79:69:36,-96
BLE,1670731121102149267,4E:B6:4A:DF:D3:0E,-100
BLE,1670731121620147469,4E:B6:4A:DF:D3:0E,-101
BLE,1670731122067160273,45:34:99:79:69:36,-102
BLE,1670731122347185081,45:34:99:79:69:36,-85
BLE,1670731122622303780,45:34:99:79:69:36,-94
BLE,1670731123180951995,45:34:99:79:69:36,-85
BLE,1670731123453397394,45:34:99:79:69:36,-96
BLE,1670731123668265483,4E:B6:4A:DF:D3:0E,-99
BLE,1670731123724575474,45:34:99:79:69:36,-87
BLE,1670731123911847936,4B:7D:1B:D2:2F:BE,-91
BLE,1670731124064310565,42:82:F6:CB:7B:27,-89
BLE,1670731124339296974,42:82:F6:CB:7B:27,-96
BLE,1670731124491412150,4B:7D:1B:D2:2F:BE,-94
BLE,1670731124609599899,42:82:F6:CB:7B:27,-87
BLE,1670731124822268056,45:34:99:79:69:36,-85
BLE,1670731125924691081,45:34:99:79:69:36,-95
BLE,1670731126199682907,45:34:99:79:69:36,-85
BLE,1670731126520617349,CD:4E:AE:D5:AE:42,-80
BLE,1670731127290494280,4E:B6:4A:DF:D3:0E,-100
BLE,1670731127598270754,42:82:F6:CB:7B:27,-98
BLE,1670731127807744991,4E:B6:4A:DF:D3:0E,-98
BLE,1670731127870635987,42:82:F6:CB:7B:27,-99
BLE,1670731128140707663,42:82:F6:CB:7B:27,-98
BLE,1670731128410688925,42:82:F6:CB:7B:27,-95
BLE,1670731128416040235,4B:7D:1B:D2:2F:BE,-101
BLE,1670731128520589190,CD:4E:AE:D5:AE:42,-79
BLE,1670731128576405770,4E:B6:4A:DF:D3:0E,-99
BLE,1670731128674493760,45:34:99:79:69:36,-96
BLE,1670731129092153499,4E:B6:4A:DF:D3:0E,-99
BLE,1670731129506063659,45:34:99:79:69:36,-95
BLE,1670731129609541210,4E:B6:4A:DF:D3:0E,-98
BLE,1670731130050809041,42:82:F6:CB:7B:27,-99
BLE,1670731130218655444,72:83:E4:D6:25:7F,-102
BLE,1670731130376986045,4E:B6:4A:DF:D3:0E,-98
BLE,1670731130525698177,CD:4E:AE:D5:AE:42,-80
BLE,1670731130874485035,45:34:99:79:69:36,-97
BLE,1670731131146975391,45:34:99:79:69:36,-97
BLE,1670731131344561188,72:83:E4:D6:25:7F,-106
BLE,1670731131677137031,4E:B6:4A:DF:D3:0E,-98
BLE,1670731131962100696,42:82:F6:CB:7B:27,-98
BLE,1670731132196017973,4E:B6:4A:DF:D3:0E,-98
BLE,1670731132231980167,42:82:F6:CB:7B:27,-99
BLE,1670731132250742650,45:34:99:79:69:36,-99
BLE,1670731132502033427,42:82:F6:CB:7B:27,-99
BLE,1670731132774463201,42:82:F6:CB:7B:27,-97
BLE,1670731133234440891,4E:B6:4A:DF:D3:0E,-100
BLE,1670731133315706124,42:82:F6:CB:7B:27,-97
BLE,1670731133354533784,45:34:99:79:69:36,-98
BLE,1670731133585702677,42:82:F6:CB:7B:27,-99
BLE,1670731134126096319,42:82:F6:CB:7B:27,-98
BLE,1670731134286678143,4E:B6:4A:DF:D3:0E,-100
BLE,1670731134395731877,42:82:F6:CB:7B:27,-98
BLE,1670731134457057766,45:34:99:79:69:36,-97
BLE,1670731134515375275,72:83:E4:D6:25:7F,-102
BLE,1670731134535905237,CD:4E:AE:D5:AE:42,-79
BLE,1670731134539145614,4E:B6:4A:DF:D3:0E,-99
BLE,1670731134665697971,42:82:F6:CB:7B:27,-99
BLE,1670731134935689691,42:82:F6:CB:7B:27,-101
BLE,1670731135288530166,45:34:99:79:69:36,-97
BLE,1670731136118549084,45:34:99:79:69:36,-96
BLE,1670731136429736018,D7:5C:30:E3:D5:C3,-103
BLE,1670731137306082338,72:83:E4:D6:25:7F,-90
BLE,1670731137387202282,42:82:F6:CB:7B:27,-90
BLE,1670731137493521256,45:34:99:79:69:36,-95
BLE,1670731137657140335,42:82:F6:CB:7B:27,-89
BLE,1670731137683696142,72:83:E4:D6:25:7F,-89
BLE,1670731138437923135,D7:5C:30:E3:D5:C3,-91
BLE,1670731138535948168,CD:4E:AE:D5:AE:42,-80
BLE,1670731138577051300,45:34:99:79:69:36,-93
BLE,1670731138680482934,4E:B6:4A:DF:D3:0E,-98
BLE,1670731139403378137,45:34:99:79:69:36,-86
BLE,1670731139442888663,4E:B6:4A:DF:D3:0E,-98
BLE,1670731139673327773,45:34:99:79:69:36,-96
BLE,1670731140207882236,4E:B6:4A:DF:D3:0E,-96
BLE,1670731140378806102,42:82:F6:CB:7B:27,-99
BLE,1670731140539817712,CD:4E:AE:D5:AE:42,-80
BLE,1670731140649687519,42:82:F6:CB:7B:27,-98
BLE,1670731141609816209,45:34:99:79:69:36,-96
BLE,1670731142276128716,4E:B6:4A:DF:D3:0E,-97
BLE,1670731142344708935,72:83:E4:D6:25:7F,-102
BLE,1670731142439554506,45:34:99:79:69:36,-97
BLE,1670731142539600264,CD:4E:AE:D5:AE:42,-79
BLE,1670731142559516233,42:82:F6:CB:7B:27,-100
BLE,1670731142830992227,42:82:F6:CB:7B:27,-99
BLE,1670731143100893364,42:82:F6:CB:7B:27,-101
BLE,1670731143258314517,45:34:99:79:69:36,-104
BLE,1670731143309748233,4E:B6:4A:DF:D3:0E,-98
BLE,1670731143370888250,42:82:F6:CB:7B:27,-98
BLE,1670731143813378483,45:34:99:79:69:36,-82
BLE,1670731143829491832,4E:B6:4A:DF:D3:0E,-86
BLE,1670731144354763405,45:34:99:79:69:36,-85
BLE,1670731144404628432,72:83:E4:D6:25:7F,-91
BLE,1670731144540909756,CD:4E:AE:D5:AE:42,-80
BLE,1670731144784711289,72:83:E4:D6:25:7F,-91
BLE,1670731144863936214,4E:B6:4A:DF:D3:0E,-90
BLE,1670731144989489833,6F:0B:39:C9:A6:03,-100
BLE,1670731145185883643,45:34:99:79:69:36,-85
BLE,1670731145332248596,72:83:E4:D6:25:7F,-94
BLE,1670731145823453078,42:82:F6:CB:7B:27,-99
BLE,1670731146018301407,45:34:99:79:69:36,-95
BLE,1670731146095847185,42:82:F6:CB:7B:27,-98
BLE,1670731146289517987,45:34:99:79:69:36,-96
BLE,1670731146544696468,CD:4E:AE:D5:AE:42,-80
BLE,1670731146560747317,45:34:99:79:69:36,-96
BLE,1670731146628875666,72:83:E4:D6:25:7F,-104
BLE,1670731147392217134,45:34:99:79:69:36,-96
BLE,1670731147564761939,72:83:E4:D6:25:7F,-103
BLE,1670731147663313048,45:34:99:79:69:36,-95
BLE,1670731147680064097,C8:B2:1E:C1:4C:16,-100
BLE,1670731147955824706,14:BB:6E:11:32:18,-108
BLE,1670731148218173851,4E:B6:4A:DF:D3:0E,-100
BLE,1670731148548511513,CD:4E:AE:D5:AE:42,-79
BLE,1670731149034505141,45:34:99:79:69:36,-98
BLE,1670731149305880677,45:34:99:79:69:36,-97
BLE,1670731149579676059,45:34:99:79:69:36,-101
BLE,1670731150286203375,4E:B6:4A:DF:D3:0E,-102
BLE,1670731150405839732,45:34:99:79:69:36,-97
BLE,1670731150552385557,CD:4E:AE:D5:AE:42,-79
BLE,1670731150705952548,42:82:F6:CB:7B:27,-100
BLE,1670731151247200430,42:82:F6:CB:7B:27,-99
BLE,1670731151323051229,4E:B6:4A:DF:D3:0E,-97
BLE,1670731151517178233,42:82:F6:CB:7B:27,-101
BLE,1670731151787410283,42:82:F6:CB:7B:27,-100
BLE,1670731151859828623,72:83:E4:D6:25:7F,-102
BLE,1670731152087447850,4E:B6:4A:DF:D3:0E,-98
BLE,1670731152462535559,D7:5C:30:E3:D5:C3,-102
BLE,1670731152556663263,CD:4E:AE:D5:AE:42,-65
BLE,1670731152970652464,72:83:E4:D6:25:7F,-100
BLE,1670731154240037902,42:82:F6:CB:7B:27,-99
BLE,1670731154511086234,42:82:F6:CB:7B:27,-98
BLE,1670731154544369251,45:34:99:79:69:36,-85
BLE,1670731154560450809,CD:4E:AE:D5:AE:42,-64
BLE,1670731154782295981,42:82:F6:CB:7B:27,-99
BLE,1670731154923864574,4E:B6:4A:DF:D3:0E,-97
BLE,1670731155052200159,42:82:F6:CB:7B:27,-98
BLE,1670731155225055627,72:83:E4:D6:25:7F,-102
BLE,1670731155322207337,42:82:F6:CB:7B:27,-100
BLE,1670731155651858007,45:34:99:79:69:36,-97
BLE,1670731155776860133,72:83:E4:D6:25:7F,-102
BLE,1670731156211171589,45:34:99:79:69:36,-97
BLE,1670731156480712731,45:34:99:79:69:36,-97
BLE,1670731156564277395,CD:4E:AE:D5:AE:42,-79
BLE,1670731157314464437,45:34:99:79:69:36,-97
BLE,1670731157757719953,4E:B6:4A:DF:D3:0E,-97
BLE,1670731158013515593,72:83:E4:D6:25:7F,-90
BLE,1670731158042305039,42:82:F6:CB:7B:27,-90
BLE,1670731158313623701,42:82:F6:CB:7B:27,-87
BLE,1670731158414657239,45:34:99:79:69:36,-85
BLE,1670731158472716959,D7:5C:30:E3:D5:C3,-91
BLE,1670731158565539137,CD:4E:AE:D5:AE:42,-68
BLE,1670731158583496464,42:82:F6:CB:7B:27,-100
BLE,1670731158686063775,45:34:99:79:69:36,-96
BLE,1670731158748608025,72:83:E4:D6:25:7F,-101
BLE,1670731159557026452,4E:B6:4A:DF:D3:0E,-87
BLE,1670731160040042824,72:83:E4:D6:25:7F,-104
BLE,1670731160567009752,CD:4E:AE:D5:AE:42,-79
BLE,1670731160590232015,4E:B6:4A:DF:D3:0E,-98
BLE,1670731160893726583,45:34:99:79:69:36,-97
BLE,1670731161572532190,42:82:F6:CB:7B:27,-99
BLE,1670731161846163699,42:82:F6:CB:7B:27,-98
BLE,1670731161854550098,C8:B2:1E:C1:4C:16,-105
BLE,1670731162484444500,D7:5C:30:E3:D5:C3,-101
BLE,1670731162532932752,45:34:99:79:69:36,-96
BLE,1670731162566387142,CD:4E:AE:D5:AE:42,-79
BLE,1670731162648069954,72:83:E4:D6:25:7F,-102
BLE,1670731162910400807,4E:B6:4A:DF:D3:0E,-97
BLE,1670731163085740912,45:34:99:79:69:36,-102
BLE,1670731163395865275,72:83:E4:D6:25:7F,-101
BLE,1670731163583812604,72:83:E4:D6:25:7F,-105
BLE,1670731163909144867,45:34:99:79:69:36,-96
BLE,1670731164485747575,D7:5C:30:E3:D5:C3,-101
BLE,1670731164570308269,CD:4E:AE:D5:AE:42,-80
BLE,1670731164887886210,72:83:E4:D6:25:7F,-104
BLE,1670731164959594641,4E:B6:4A:DF:D3:0E,-99
BLE,1670731165105439516,42:82:F6:CB:7B:27,-91
BLE,1670731165375444694,42:82:F6:CB:7B:27,-98
BLE,1670731165637665757,72:83:E4:D6:25:7F,-101
BLE,1670731165648715707,42:82:F6:CB:7B:27,-101
BLE,1670731165992063964,4E:B6:4A:DF:D3:0E,-98
BLE,1670731166114140666,45:34:99:79:69:36,-95
BLE,1670731166507447281,4E:B6:4A:DF:D3:0E,-98
BLE,1670731166575755045,CD:4E:AE:D5:AE:42,-79
BLE,1670731167025503733,4E:B6:4A:DF:D3:0E,-97
BLE,1670731167117622378,72:83:E4:D6:25:7F,-93
BLE,1670731167212876818,45:34:99:79:69:36,-98
BLE,1670731167298909161,72:83:E4:D6:25:7F,-103
BLE,1670731167543519435,4E:B6:4A:DF:D3:0E,-88
BLE,1670731167857627209,72:83:E4:D6:25:7F,-88
BLE,1670731168038886076,72:83:E4:D6:25:7F,-101
BLE,1670731168060922478,4E:B6:4A:DF:D3:0E,-88
BLE,1670731168223319572,72:83:E4:D6:25:7F,-91
BLE,1670731168578348938,CD:4E:AE:D5:AE:42,-65
BLE,1670731168585825140,45:34:99:79:69:36,-86
BLE,1670731169142783750,72:83:E4:D6:25:7F,-102
BLE,1670731169448848662,42:82:F6:CB:7B:27,-99
BLE,1670731169512667979,72:83:E4:D6:25:7F,-103
BLE,1670731169701941001,72:83:E4:D6:25:7F,-103
BLE,1670731170581056246,CD:4E:AE:D5:AE:42,-80
BLE,1670731170629013338,4E:B6:4A:DF:D3:0E,-99
BLE,1670731171065425185,45:34:99:79:69:36,-98
BLE,1670731171631357480,42:82:F6:CB:7B:27,-98
BLE,1670731171731185866,72:83:E4:D6:25:7F,-101
BLE,1670731172435565624,45:34:99:79:69:36,-96
BLE,1670731172582253864,CD:4E:AE:D5:AE:42,-65
BLE,1670731173483870090,4E:B6:4A:DF:D3:0E,-97
BLE,1670731173574267130,72:83:E4:D6:25:7F,-114
BLE,1670731173810297924,45:34:99:79:69:36,-98
BLE,1670731174354255732,45:34:99:79:69:36,-104
BLE,1670731174586157617,CD:4E:AE:D5:AE:42,-79
BLE,1670731176007327776,72:83:E4:D6:25:7F,-103
BLE,1670731176028474939,C8:B2:1E:C1:4C:16,-102
BLE,1670731176386525310,72:83:E4:D6:25:7F,-103
BLE,1670731176588788051,CD:4E:AE:D5:AE:42,-79
BLE,1670731176765419890,72:83:E4:D6:25:7F,-101
BLE,1670731176824004729,45:34:99:79:69:36,-98
BLE,1670731177094063031,45:34:99:79:69:36,-87
BLE,1670731177323976523,42:82:F6:CB:7B:27,-98
BLE,1670731177597675864,42:82:F6:CB:7B:27,-97
BLE,1670731177601492319,4E:B6:4A:DF:D3:0E,-86
BLE,1670731178194018252,45:34:99:79:69:36,-96
BLE,1670731178464011888,45:34:99:79:69:36,-97
BLE,1670731178592380223,CD:4E:AE:D5:AE:42,-79
BLE,1670731178883009820,4E:B6:4A:DF:D3:0E,-99
BLE,1670731179505362813,42:82:F6:CB:7B:27,-99
BLE,1670731179568163726,45:34:99:79:69:36,-98
BLE,1670731179776479269,42:82:F6:CB:7B:27,-97
BLE,1670731179842700266,45:34:99:79:69:36,-102
BLE,1670731180046479196,42:82:F6:CB:7B:27,-98
BLE,1670731180317915732,42:82:F6:CB:7B:27,-98
BLE,1670731180399091758,45:34:99:79:69:36,-95
BLE,1670731180587769286,42:82:F6:CB:7B:27,-98
BLE,1670731180596167769,CD:4E:AE:D5:AE:42,-79
BLE,1670731181469739873,4E:B6:4A:DF:D3:0E,-96
BLE,1670731182047785605,45:34:99:79:69:36,-103
BLE,1670731182529109331,D7:5C:30:E3:D5:C3,-92
BLE,1670731182597532927,CD:4E:AE:D5:AE:42,-68
BLE,1670731182605189543,45:34:99:79:69:36,-85
BLE,1670731182726510796,72:83:E4:D6:25:7F,-103
BLE,1670731182757717380,4E:B6:4A:DF:D3:0E,-87
BLE,1670731183271432967,4E:B6:4A:DF:D3:0E,-86
BLE,1670731183577872250,42:82:F6:CB:7B:27,-87
BLE,1670731183706484998,45:34:99:79:69:36,-85
BLE,1670731184117816647,42:82:F6:CB:7B:27,-100
BLE,1670731184387890032,42:82:F6:CB:7B:27,-98
BLE,1670731184601372346,CD:4E:AE:D5:AE:42,-79
BLE,1670731184657813503,42:82:F6:CB:7B:27,-99
BLE,1670731184932757663,42:82:F6:CB:7B:27,-98
BLE,1670731184957807696,72:83:E4:D6:25:7F,-101
BLE,1670731185080566390,45:34:99:79:69:36,-96
BLE,1670731185095532168,4E:B6:4A:DF:D3:0E,-97
BLE,1670731185332150871,72:83:E4:D6:25:7F,-104
BLE,1670731186127857576,4E:B6:4A:DF:D3:0E,-99
BLE,1670731186539527804,D7:5C:30:E3:D5:C3,-101
BLE,1670731186605014519,CD:4E:AE:D5:AE:42,-79
BLE,1670731186648642078,4E:B6:4A:DF:D3:0E,-98
BLE,1670731186721573454,45:34:99:79:69:36,-96
BLE,1670731186986738814,72:83:E4:D6:25:7F,-102
BLE,1670731187927169782,72:83:E4:D6:25:7F,-89
BLE,1670731187931599229,4E:B6:4A:DF:D3:0E,-86
BLE,1670731188190416208,42:82:F6:CB:7B:27,-86
BLE,1670731188365325318,45:34:99:79:69:36,-97
BLE,1670731188446112182,4E:B6:4A:DF:D3:0E,-88
BLE,1670731188605173566,CD:4E:AE:D5:AE:42,-68
BLE,1670731188636540564,45:34:99:79:69:36,-84
BLE,1670731188731673215,42:82:F6:CB:7B:27,-97
BLE,1670731189004099738,42:82:F6:CB:7B:27,-88
BLE,1670731189212538113,4E:B6:4A:DF:D3:0E,-89
BLE,1670731190338070152,72:83:E4:D6:25:7F,-101
BLE,1670731190372997608,42:82:F6:CB:7B:27,-100
BLE,1670731190541680127,D7:5C:30:E3:D5:C3,-101
BLE,1670731190567774355,45:34:99:79:69:36,-96
BLE,1670731190608934236,CD:4E:AE:D5:AE:42,-65
BLE,1670731190645424549,42:82:F6:CB:7B:27,-101
BLE,1670731190915425560,42:82:F6:CB:7B:27,-87
BLE,1670731191086113345,72:83:E4:D6:25:7F,-104
BLE,1670731191187851458,42:82:F6:CB:7B:27,-98
BLE,1670731191674047001,45:34:99:79:69:36,-96
BLE,1670731191820594993,4E:B6:4A:DF:D3:0E,-102
BLE,1670731192504184626,45:34:99:79:69:36,-98
BLE,1670731192609052159,CD:4E:AE:D5:AE:42,-79
BLE,1670731193606817440,45:34:99:79:69:36,-97
BLE,1670731193905517023,42:82:F6:CB:7B:27,-97
BLE,1670731194180411184,42:82:F6:CB:7B:27,-99
BLE,1670731194440720811,45:34:99:79:69:36,-98
BLE,1670731194554814192,D7:5C:30:E3:D5:C3,-102
BLE,1670731194718978223,45:34:99:79:69:36,-102
BLE,1670731194926460651,4E:B6:4A:DF:D3:0E,-98
BLE,1670731195003148397,72:83:E4:D6:25:7F,-108
BLE,1670731195541566480,45:34:99:79:69:36,-95
BLE,1670731195815162739,45:34:99:79:69:36,-96
BLE,1670731195962988799,4E:B6:4A:DF:D3:0E,-99
BLE,1670731196359134839,42:82:F6:CB:7B:27,-96
BLE,1670731196629574011,42:82:F6:CB:7B:27,-100
BLE,1670731196645603652,45:34:99:79:69:36,-96
BLE,1670731196900622260,42:82:F6:CB:7B:27,-97
BLE,1670731198035664393,4E:B6:4A:DF:D3:0E,-100
BLE,1670731198310696552,45:34:99:79:69:36,-85
BLE,1670731198358097150,72:83:E4:D6:25:7F,-89
BLE,1670731198550859255,4E:B6:4A:DF:D3:0E,-98
BLE,1670731198616639841,CD:4E:AE:D5:AE:42,-68
BLE,1670731199410570525,45:34:99:79:69:36,-86
BLE,1670731199680302997,45:34:99:79:69:36,-95
BLE,1670731199951495577,45:34:99:79:69:36,-97
BLE,1670731200221818168,45:34:99:79:69:36,-97