BLE,1668470402462714435,5A:91:D1:E5:B1:9D,-103
BLE,1668470403606117495,5A:91:D1:E5:B1:9D,-102
BLE,1668470409321536772,5A:91:D1:E5:B1:9D,-102
BLE,1668470409611858356,5A:91:D1:E5:B1:9D,-102
BLE,1668470410759371208,5A:91:D1:E5:B1:9D,-101
BLE,1668470412766247222,5A:91:D1:E5:B1:9D,-104
BLE,1668470413623149618,5A:91:D1:E5:B1:9D,-102
BLE,1668470413911246016,5A:91:D1:E5:B1:9D,-100
BLE,1668470415333212989,5A:91:D1:E5:B1:9D,-102
BLE,1668470415623746613,5A:91:D1:E5:B1:9D,-102
BLE,1668470417922016867,5A:91:D1:E5:B1:9D,-100
BLE,1668470420211271213,5A:91:D1:E5:B1:9D,-100
BLE,1668470421921288334,5A:91:D1:E5:B1:9D,-103
BLE,1668470422776236542,5A:91:D1:E5:B1:9D,-101
BLE,1668470424489851876,5A:91:D1:E5:B1:9D,-102
BLE,1668470424781235366,5A:91:D1:E5:B1:9D,-102
BLE,1668470430809243209,5A:91:D1:E5:B1:9D,-103
BLE,1668470438529179940,5A:91:D1:E5:B1:9D,-100
BLE,1668470439943950778,5A:91:D1:E5:B1:9D,-100
BLE,1668470440802599114,5A:91:D1:E5:B1:9D,-101
BLE,1668470441090426224,5A:91:D1:E5:B1:9D,-102
BLE,1668470442243028399,5A:91:D1:E5:B1:9D,-103
BLE,1668470442531646125,5A:91:D1:E5:B1:9D,-104
BLE,1668470443385638884,5A:91:D1:E5:B1:9D,-102
BLE,1668470444245519791,5A:91:D1:E5:B1:9D,-105
BLE,1668470444534163434,5A:91:D1:E5:B1:9D,-101
BLE,1668470445682819149,5A:91:D1:E5:B1:9D,-106
BLE,1668470445972585406,5A:91:D1:E5:B1:9D,-104
BLE,1668470447125458203,5A:91:D1:E5:B1:9D,-99
BLE,1668470447705649292,5A:91:D1:E5:B1:9D,-101
BLE,1668470450000684913,5A:91:D1:E5:B1:9D,-102
BLE,1668470451444271290,5A:91:D1:E5:B1:9D,-103
BLE,1668470452590693111,5A:91:D1:E5:B1:9D,-101
BLE,1668470454009005913,5A:91:D1:E5:B1:9D,-100
BLE,1668470461793312114,5A:91:D1:E5:B1:9D,-105
BLE,1668470462060111563,5A:91:D1:E5:B1:9D,-103
BLE,1668470463775843626,5A:91:D1:E5:B1:9D,-102
BLE,1668470467215921998,5A:91:D1:E5:B1:9D,-101
BLE,1668470468925919120,5A:91:D1:E5:B1:9D,-100
BLE,1668470470345842822,5A:91:D1:E5:B1:9D,-89
BLE,1668470471198401178,5A:91:D1:E5:B1:9D,-102
BLE,1668470471763180508,5A:91:D1:E5:B1:9D,-99
BLE,1668470472908496591,5A:91:D1:E5:B1:9D,-101
BLE,1668470473765693942,5A:91:D1:E5:B1:9D,-101
BLE,1668470476933431589,5A:91:D1:E5:B1:9D,-100
BLE,1668470479230276232,5A:91:D1:E5:B1:9D,-103
BLE,1668470483233409160,5A:91:D1:E5:B1:9D,-105
BLE,1668470487242286072,5A:91:D1:E5:B1:9D,-99
BLE,1668470489807292858,5A:91:D1:E5:B1:9D,-102
BLE,1668470491828594601,5A:91:D1:E5:B1:9D,-102
BLE,1668470492394824707,5A:91:D1:E5:B1:9D,-100
BLE,1668470493250795321,5A:91:D1:E5:B1:9D,-102
BLE,1668470494104631789,5A:91:D1:E5:B1:9D,-104
BLE,1668470495253381045,5A:91:D1:E5:B1:9D,-104
BLE,1668470496397662180,5A:91:D1:E5:B1:9D,-101
BLE,1668470497254042915,5A:91:D1:E5:B1:9D,-101
BLE,1668470498966663635,5A:91:D1:E5:B1:9D,-104
BLE,1668470499821592550,5A:91:D1:E5:B1:9D,-102
BLE,1668470503825449929,5A:91:D1:E5:B1:9D,-102
BLE,1668470504405871642,5A:91:D1:E5:B1:9D,-100
BLE,1668470505847302833,5A:91:D1:E5:B1:9D,-101
BLE,1668470507560224550,5A:91:D1:E5:B1:9D,-101
BLE,1668470510438481687,5A:91:D1:E5:B1:9D,-101
BLE,1668470513612422646,5A:91:D1:E5:B1:9D,-100
BLE,1668470513901415327,5A:91:D1:E5:B1:9D,-100
BLE,1668470514468374551,5A:91:D1:E5:B1:9D,-100
BLE,1668470515615367783,5A:91:D1:E5:B1:9D,-100
BLE,1668470516467685684,5A:91:D1:E5:B1:9D,-102
BLE,1668470517034934655,5A:91:D1:E5:B1:9D,-100
BLE,1668470518181539975,5A:91:D1:E5:B1:9D,-100
BLE,1668470518761523025,5A:91:D1:E5:B1:9D,-101
BLE,1668470520179917117,5A:91:D1:E5:B1:9D,-104
BLE,1668470522477437296,5A:91:D1:E5:B1:9D,-102
BLE,1668470523915494563,5A:91:D1:E5:B1:9D,-101
BLE,1668470524774802225,5A:91:D1:E5:B1:9D,-101
BLE,1668470525062843416,5A:91:D1:E5:B1:9D,-103
BLE,1668470526775570927,5A:91:D1:E5:B1:9D,-103
BLE,1668470528777310827,5A:91:D1:E5:B1:9D,-101
BLE,1668470529924616764,5A:91:D1:E5:B1:9D,-102
BLE,1668470537393187264,5A:91:D1:E5:B1:9D,-99
BLE,1668470539669244995,5A:91:D1:E5:B1:9D,-102
BLE,1668470540814319663,5A:91:D1:E5:B1:9D,-102
BLE,1668470542527417753,5A:91:D1:E5:B1:9D,-100
BLE,1668470545676051553,5A:91:D1:E5:B1:9D,-104
BLE,1668470547967328753,5A:91:D1:E5:B1:9D,-103
BLE,1668470549971985998,5A:91:D1:E5:B1:9D,-102
BLE,1668470553119773682,5A:91:D1:E5:B1:9D,-102
BLE,1668470553977262030,5A:91:D1:E5:B1:9D,-104
BLE,1668470555121784370,5A:91:D1:E5:B1:9D,-101
BLE,1668470555978283770,5A:91:D1:E5:B1:9D,-104
BLE,1668470557983263179,5A:91:D1:E5:B1:9D,-100
BLE,1668470559129312629,5A:91:D1:E5:B1:9D,-104
BLE,1668470559982019275,5A:91:D1:E5:B1:9D,-99
BLE,1668470560839452166,5A:91:D1:E5:B1:9D,-99
BLE,1668470561694313332,5A:91:D1:E5:B1:9D,-101
BLE,1668470562841991516,5A:91:D1:E5:B1:9D,-101
BLE,1668470564280796984,5A:91:D1:E5:B1:9D,-102
BLE,1668470565135984688,5A:91:D1:E5:B1:9D,-101
BLE,1668470566283076294,5A:91:D1:E5:B1:9D,-102
BLE,1668470567434436441,5A:91:D1:E5:B1:9D,-100
BLE,1668470570291942081,5A:91:D1:E5:B1:9D,-104
BLE,1668470570580625223,5A:91:D1:E5:B1:9D,-99
BLE,1668470572584613017,5A:91:D1:E5:B1:9D,-98
BLE,1668470575150111215,5A:91:D1:E5:B1:9D,-102
BLE,1668470576002045703,5A:91:D1:E5:B1:9D,-102
BLE,1668470576863088182,5A:91:D1:E5:B1:9D,-103
BLE,1668470577718498718,5A:91:D1:E5:B1:9D,-101
BLE,1668470578007010279,5A:91:D1:E5:B1:9D,-100
BLE,1668470579449961413,5A:91:D1:E5:B1:9D,-101
BLE,1668470579740637327,5A:91:D1:E5:B1:9D,-102
BLE,1668470581741396195,5A:91:D1:E5:B1:9D,-98
BLE,1668470582600899730,5A:91:D1:E5:B1:9D,-101
BLE,1668470584035788821,5A:91:D1:E5:B1:9D,-104
BLE,1668470584890882861,5A:91:D1:E5:B1:9D,-99
BLE,1668470586040050279,5A:91:D1:E5:B1:9D,-106
BLE,1668470586896359014,5A:91:D1:E5:B1:9D,-101
BLE,1668470587751321013,5A:91:D1:E5:B1:9D,-102
BLE,1668470588042427089,5A:91:D1:E5:B1:9D,-102
BLE,1668470589482153881,5A:91:D1:E5:B1:9D,-98
BLE,1668470590334370199,5A:91:D1:E5:B1:9D,-102
BLE,1668470591464949140,5A:91:D1:E5:B1:9D,-91
BLE,1668470591753601450,5A:91:D1:E5:B1:9D,-101
BLE,1668470595196593501,5A:91:D1:E5:B1:9D,-101
BLE,1668470596055131421,5A:91:D1:E5:B1:9D,-101
BLE,1668470602961348651,5A:91:D1:E5:B1:9D,-99
BLE,1668470603794910284,5A:91:D1:E5:B1:9D,-101
BLE,1668470604938977921,5A:91:D1:E5:B1:9D,-100
BLE,1668470605797489592,5A:91:D1:E5:B1:9D,-103
BLE,1668470606942920132,5A:91:D1:E5:B1:9D,-102
BLE,1668470611216649387,5A:91:D1:E5:B1:9D,-100
BLE,1668470616665265173,5A:91:D1:E5:B1:9D,-102
BLE,1668470618081329706,5A:91:D1:E5:B1:9D,-101
BLE,1668470619227057326,5A:91:D1:E5:B1:9D,-101
BLE,1668470624675873777,5A:91:D1:E5:B1:9D,-102
BLE,1668470625525300832,5A:91:D1:E5:B1:9D,-102
BLE,1668470626674399001,5A:91:D1:E5:B1:9D,-102
BLE,1668470628384653245,5A:91:D1:E5:B1:9D,-103
BLE,1668470631267119756,5A:91:D1:E5:B1:9D,-98
BLE,1668470633560929389,5A:91:D1:E5:B1:9D,-99
BLE,1668470635272295622,5A:91:D1:E5:B1:9D,-103
BLE,1668470636979831977,5A:91:D1:E5:B1:9D,-102
BLE,1668470639276741745,5A:91:D1:E5:B1:9D,-98
BLE,1668470640424003433,5A:91:D1:E5:B1:9D,-103
BLE,1668470640714301350,5A:91:D1:E5:B1:9D,-99
BLE,1668470641862336905,5A:91:D1:E5:B1:9D,-100
BLE,1668470643866118076,5A:91:D1:E5:B1:9D,-100
BLE,1668470645012146693,5A:91:D1:E5:B1:9D,-102
BLE,1668470647869828707,5A:91:D1:E5:B1:9D,-100
BLE,1668470649582249012,5A:91:D1:E5:B1:9D,-101
BLE,1668470655028636488,5A:91:D1:E5:B1:9D,-100
BLE,1668470657029909642,5A:91:D1:E5:B1:9D,-100
BLE,1668470658443868571,5A:91:D1:E5:B1:9D,-104
BLE,1668470661031189298,5A:91:D1:E5:B1:9D,-101
BLE,1668470664452831608,5A:91:D1:E5:B1:9D,-103
BLE,1668470664744765384,5A:91:D1:E5:B1:9D,-101
BLE,1668470665599077681,5A:91:D1:E5:B1:9D,-99
BLE,1668470667040174000,5A:91:D1:E5:B1:9D,-101
BLE,1668470667331348326,5A:91:D1:E5:B1:9D,-104
BLE,1668470667897749847,5A:91:D1:E5:B1:9D,-101
BLE,1668470668186402115,5A:91:D1:E5:B1:9D,-101
BLE,1668470669333999966,5A:91:D1:E5:B1:9D,-100
BLE,1668470670486629433,5A:91:D1:E5:B1:9D,-105
BLE,1668470670774898996,5A:91:D1:E5:B1:9D,-101
BLE,1668470673926619306,5A:91:D1:E5:B1:9D,-102
BLE,1668470674781532347,5A:91:D1:E5:B1:9D,-102
BLE,1668470677076667133,5A:91:D1:E5:B1:9D,-102
BLE,1668470677366008060,5A:91:D1:E5:B1:9D,-101
BLE,1668470678513999782,5A:91:D1:E5:B1:9D,-101
BLE,1668470680226236673,5A:91:D1:E5:B1:9D,-101
BLE,1668470681081094965,5A:91:D1:E5:B1:9D,-101
BLE,1668470681934142941,5A:91:D1:E5:B1:9D,-102
BLE,1668470684795454959,5A:91:D1:E5:B1:9D,-100
BLE,1668470685083527566,5A:91:D1:E5:B1:9D,-101
BLE,1668470687384278087,5A:91:D1:E5:B1:9D,-100
BLE,1668470689679949534,5A:91:D1:E5:B1:9D,-102
BLE,1668470690534945991,5A:91:D1:E5:B1:9D,-104
BLE,1668470692535081990,5A:91:D1:E5:B1:9D,-103
BLE,1668470695123139417,5A:91:D1:E5:B1:9D,-101
BLE,1668470696266266272,5A:91:D1:E5:B1:9D,-101
BLE,1668470697414374785,5A:91:D1:E5:B1:9D,-103
BLE,1668470698268759998,5A:91:D1:E5:B1:9D,-102
BLE,1668470698833020375,5A:91:D1:E5:B1:9D,-106
BLE,1668470699688128913,5A:91:D1:E5:B1:9D,-102
BLE,1668470701396882590,5A:91:D1:E5:B1:9D,-102
BLE,1668470701963820439,5A:91:D1:E5:B1:9D,-104
BLE,1668470702817513909,5A:91:D1:E5:B1:9D,-101
BLE,1668470703673014569,5A:91:D1:E5:B1:9D,-100
BLE,1668470704525010015,5A:91:D1:E5:B1:9D,-100
BLE,1668470705672425743,5A:91:D1:E5:B1:9D,-102
BLE,1668470708124537346,59:FD:61:51:84:9F,-102
BLE,1668470708981265452,59:FD:61:51:84:9F,-100
BLE,1668470709547367227,59:FD:61:51:84:9F,-103
BLE,1668470709835481958,59:FD:61:51:84:9F,-101
BLE,1668470710694974953,59:FD:61:51:84:9F,-102
BLE,1668470712423223639,59:FD:61:51:84:9F,-103
BLE,1668470712714638670,59:FD:61:51:84:9F,-92
BLE,1668470715014999153,59:FD:61:51:84:9F,-100
BLE,1668470717872634042,59:FD:61:51:84:9F,-100
BLE,1668470722437512789,59:FD:61:51:84:9F,-100
BLE,1668470723291055344,59:FD:61:51:84:9F,-101
BLE,1668470725856265129,59:FD:61:51:84:9F,-101
BLE,1668470726713770393,59:FD:61:51:84:9F,-100
BLE,1668470728712003495,59:FD:61:51:84:9F,-102
BLE,1668470729570878621,59:FD:61:51:84:9F,-106
BLE,1668470731573285347,59:FD:61:51:84:9F,-100
BLE,1668470731863061062,59:FD:61:51:84:9F,-101
BLE,1668470736162560679,59:FD:61:51:84:9F,-102
BLE,1668470737014858914,59:FD:61:51:84:9F,-102
BLE,1668470743049261816,59:FD:61:51:84:9F,-102
BLE,1668470744173443655,59:FD:61:51:84:9F,-100
BLE,1668470746738318568,59:FD:61:51:84:9F,-102
BLE,1668470747884986346,59:FD:61:51:84:9F,-106
BLE,1668470749322797657,59:FD:61:51:84:9F,-100
BLE,1668470750179523429,59:FD:61:51:84:9F,-101
BLE,1668470751032793695,59:FD:61:51:84:9F,-101
BLE,1668470751595754627,59:FD:61:51:84:9F,-101
BLE,1668470752450808291,59:FD:61:51:84:9F,-100
BLE,1668470753872773264,59:FD:61:51:84:9F,-102
BLE,1668470754722633398,59:FD:61:51:84:9F,-100
BLE,1668470757875684820,59:FD:61:51:84:9F,-102
BLE,1668470758733427790,59:FD:61:51:84:9F,-101
BLE,1668470759878068005,59:FD:61:51:84:9F,-101
BLE,1668470760730794318,59:FD:61:51:84:9F,-102
BLE,1668470762150641062,59:FD:61:51:84:9F,-103
BLE,1668470763300916469,59:FD:61:51:84:9F,-101
BLE,1668470764447893368,59:FD:61:51:84:9F,-100
BLE,1668470765300849762,59:FD:61:51:84:9F,-102
BLE,1668470766450154471,59:FD:61:51:84:9F,-100
BLE,1668470769600902082,59:FD:61:51:84:9F,-104
BLE,1668470771892974150,59:FD:61:51:84:9F,-99
BLE,1668470773895796747,59:FD:61:51:84:9F,-102
BLE,1668470774186502244,59:FD:61:51:84:9F,-101
BLE,1668470777047864303,59:FD:61:51:84:9F,-102
BLE,1668470777901501732,59:FD:61:51:84:9F,-100
BLE,1668470780759554742,59:FD:61:51:84:9F,-101
BLE,1668470782196888183,59:FD:61:51:84:9F,-99
BLE,1668470782487957676,59:FD:61:51:84:9F,-101
BLE,1668470783342921592,59:FD:61:51:84:9F,-100
BLE,1668470784199413783,59:FD:61:51:84:9F,-103
BLE,1668470786493354915,59:FD:61:51:84:9F,-102
BLE,1668470788205854678,59:FD:61:51:84:9F,-100
BLE,1668470788495292354,59:FD:61:51:84:9F,-103
BLE,1668470789352876826,59:FD:61:51:84:9F,-99
BLE,1668470792504213181,59:FD:61:51:84:9F,-101
BLE,1668470797360932414,59:FD:61:51:84:9F,-103
BLE,1668470799656801484,59:FD:61:51:84:9F,-101
BLE,1668470800220362952,59:FD:61:51:84:9F,-100
BLE,1668470802514274167,59:FD:61:51:84:9F,-103
BLE,1668470808231105346,59:FD:61:51:84:9F,-101
BLE,1668470809083406455,59:FD:61:51:84:9F,-102
BLE,1668470809647344043,59:FD:61:51:84:9F,-102
BLE,1668470810505943672,59:FD:61:51:84:9F,-102
BLE,1668470811358439404,59:FD:61:51:84:9F,-102
BLE,1668470812216076209,59:FD:61:51:84:9F,-100
BLE,1668470817070471423,59:FD:61:51:84:9F,-103
BLE,1668470817925938667,59:FD:61:51:84:9F,-104
BLE,1668470822201040158,59:FD:61:51:84:9F,-100
BLE,1668470822763389346,59:FD:61:51:84:9F,-102
BLE,1668470823331971470,59:FD:61:51:84:9F,-101
BLE,1668470823618609217,59:FD:61:51:84:9F,-101
BLE,1668470826770013864,59:FD:61:51:84:9F,-101
BLE,1668470829896701637,59:FD:61:51:84:9F,-101
BLE,1668470831899979813,59:FD:61:51:84:9F,-103
BLE,1668470833051829537,59:FD:61:51:84:9F,-102
BLE,1668470833339191110,59:FD:61:51:84:9F,-100
BLE,1668470835344243434,59:FD:61:51:84:9F,-106
BLE,1668470836199885801,59:FD:61:51:84:9F,-101
BLE,1668470842521244738,59:FD:61:51:84:9F,-102
BLE,1668470844210019576,59:FD:61:51:84:9F,-102
BLE,1668470844772831301,59:FD:61:51:84:9F,-101
BLE,1668470845061552151,59:FD:61:51:84:9F,-100
BLE,1668470845920005573,59:FD:61:51:84:9F,-102
BLE,1668470848485018151,59:FD:61:51:84:9F,-100
BLE,1668470850487558418,59:FD:61:51:84:9F,-101
BLE,1668470853635057813,59:FD:61:51:84:9F,-100
BLE,1668470853926096431,59:FD:61:51:84:9F,-102
BLE,1668470854494952719,59:FD:61:51:84:9F,-103
BLE,1668470854786730455,59:FD:61:51:84:9F,-101
BLE,1668470856222947075,59:FD:61:51:84:9F,-99
BLE,1668470857935628752,59:FD:61:51:84:9F,-100
BLE,1668470866257283812,59:FD:61:51:84:9F,-100
BLE,1668470868805208857,59:FD:61:51:84:9F,-99
BLE,1668470869658116501,59:FD:61:51:84:9F,-102
BLE,1668470871370229310,59:FD:61:51:84:9F,-99
BLE,1668470871658565289,59:FD:61:51:84:9F,-100
BLE,1668470874810751761,59:FD:61:51:84:9F,-101
BLE,1668470876516948047,59:FD:61:51:84:9F,-98
BLE,1668470877377599946,59:FD:61:51:84:9F,-104
BLE,1668470878812031250,59:FD:61:51:84:9F,-101
BLE,1668470879374974307,59:FD:61:51:84:9F,-99
BLE,1668470880231939535,59:FD:61:51:84:9F,-103
BLE,1668470881089381634,59:FD:61:51:84:9F,-99
BLE,1668470883091310657,59:FD:61:51:84:9F,-100
BLE,1668470883942518777,59:FD:61:51:84:9F,-99
BLE,1668470887681277607,59:FD:61:51:84:9F,-102
BLE,1668470889117177062,59:FD:61:51:84:9F,-104
BLE,1668470894270954477,59:FD:61:51:84:9F,-102
BLE,1668470895417563338,59:FD:61:51:84:9F,-102
BLE,1668470897694557934,59:FD:61:51:84:9F,-101
BLE,1668470898548499818,59:FD:61:51:84:9F,-104
BLE,1668470898837366584,59:FD:61:51:84:9F,-102
BLE,1668470901694850224,59:FD:61:51:84:9F,-103
BLE,1668470902845931665,59:FD:61:51:84:9F,-100
BLE,1668470903134472726,59:FD:61:51:84:9F,-100
BLE,1668470904849619128,59:FD:61:51:84:9F,-102
BLE,1668470905136990701,59:FD:61:51:84:9F,-99
BLE,1668470905992040865,59:FD:61:51:84:9F,-100
BLE,1668470908559692417,59:FD:61:51:84:9F,-100
BLE,1668470910855174532,59:FD:61:51:84:9F,-99
BLE,1668470911145772905,59:FD:61:51:84:9F,-101
BLE,1668470913710430862,59:FD:61:51:84:9F,-103
BLE,1668470916572205959,59:FD:61:51:84:9F,-102
BLE,1668470919428659152,59:FD:61:51:84:9F,-103
BLE,1668470920283583818,59:FD:61:51:84:9F,-103
BLE,1668470923725335715,59:FD:61:51:84:9F,-102
BLE,1668470925163627813,59:FD:61:51:84:9F,-102
BLE,1668470926586060364,59:FD:61:51:84:9F,-99
BLE,1668470927729673798,59:FD:61:51:84:9F,-102
BLE,1668470930859709036,59:FD:61:51:84:9F,-99
BLE,1668470932008724165,59:FD:61:51:84:9F,-100
BLE,1668470932297021061,59:FD:61:51:84:9F,-100
BLE,1668470933154478201,59:FD:61:51:84:9F,-99
BLE,1668470938036771090,59:FD:61:51:84:9F,-101
BLE,1668470938892826994,59:FD:61:51:84:9F,-100
BLE,1668470939745786430,59:FD:61:51:84:9F,-103
BLE,1668470940599749606,59:FD:61:51:84:9F,-99
BLE,1668470941165838506,59:FD:61:51:84:9F,-100
BLE,1668470942309672395,59:FD:61:51:84:9F,-102
BLE,1668470943167706571,59:FD:61:51:84:9F,-100
BLE,1668470945166775706,59:FD:61:51:84:9F,-102
BLE,1668470949175266038,59:FD:61:51:84:9F,-101
BLE,1668470949464574549,59:FD:61:51:84:9F,-99
BLE,1668470950321544819,59:FD:61:51:84:9F,-102
BLE,1668470952616797979,59:FD:61:51:84:9F,-102
BLE,1668470954053507135,59:FD:61:51:84:9F,-100
BLE,1668470954912855756,59:FD:61:51:84:9F,-101
BLE,1668470955765926190,59:FD:61:51:84:9F,-103
BLE,1668470956620865981,59:FD:61:51:84:9F,-101
BLE,1668470957474529576,59:FD:61:51:84:9F,-100
BLE,1668470960628635487,59:FD:61:51:84:9F,-101
BLE,1668470961477830711,59:FD:61:51:84:9F,-102
BLE,1668470962335293684,59:FD:61:51:84:9F,-100
BLE,1668470963481045263,59:FD:61:51:84:9F,-104
BLE,1668470964046575460,59:FD:61:51:84:9F,-101
BLE,1668470966046785542,59:FD:61:51:84:9F,-100
BLE,1668470966611592413,59:FD:61:51:84:9F,-99
BLE,1668470969195645423,59:FD:61:51:84:9F,-103
BLE,1668470970051861700,59:FD:61:51:84:9F,-100
BLE,1668470972909883877,59:FD:61:51:84:9F,-99
BLE,1668470980065353900,59:FD:61:51:84:9F,-103
BLE,1668470981481904345,59:FD:61:51:84:9F,-101
BLE,1668470983192619168,59:FD:61:51:84:9F,-101
BLE,1668470984906826580,59:FD:61:51:84:9F,-101
BLE,1668470986636834581,59:FD:61:51:84:9F,-101
BLE,1668470987492551281,59:FD:61:51:84:9F,-101
BLE,1668470990081840904,59:FD:61:51:84:9F,-101
BLE,1668470993229324882,59:FD:61:51:84:9F,-100
BLE,1668471001261078353,59:FD:61:51:84:9F,-103
BLE,1668471004391328340,59:FD:61:51:84:9F,-102
BLE,1668471004679975316,59:FD:61:51:84:9F,-99
BLE,1668471006390219269,59:FD:61:51:84:9F,-101
BLE,1668471008395205136,59:FD:61:51:84:9F,-101
BLE,1668471014989261462,59:FD:61:51:84:9F,-106
BLE,1668471015254113472,59:FD:61:51:84:9F,-100
BLE,1668471017554401830,59:FD:61:51:84:9F,-101
BLE,1668471020700661154,59:FD:61:51:84:9F,-100
BLE,1668471022701891143,59:FD:61:51:84:9F,-102
BLE,1668471023557707883,59:FD:61:51:84:9F,-100
BLE,1668471026980256434,59:FD:61:51:84:9F,-101
BLE,1668471027561286015,59:FD:61:51:84:9F,-99
BLE,1668471029002067587,59:FD:61:51:84:9F,-100
BLE,1668471029569312767,59:FD:61:51:84:9F,-101
BLE,1668471029858145700,59:FD:61:51:84:9F,-102
BLE,1668471033012858271,59:FD:61:51:84:9F,-102
BLE,1668471034155662962,59:FD:61:51:84:9F,-98
BLE,1668471035301546123,59:FD:61:51:84:9F,-100
BLE,1668471035866443493,59:FD:61:51:84:9F,-102
BLE,1668471037870335579,59:FD:61:51:84:9F,-101
BLE,1668471039017007398,59:FD:61:51:84:9F,-99
BLE,1668471039869541088,59:FD:61:51:84:9F,-100
BLE,1668471040728231132,59:FD:61:51:84:9F,-102
BLE,1668471044143943628,59:FD:61:51:84:9F,-101
BLE,1668471044707517220,59:FD:61:51:84:9F,-102
BLE,1668471048714864397,59:FD:61:51:84:9F,-102
BLE,1668471050714692858,59:FD:61:51:84:9F,-99
BLE,1668471053009754311,59:FD:61:51:84:9F,-101
BLE,1668471055578993888,59:FD:61:51:84:9F,-100
BLE,1668471059582174774,59:FD:61:51:84:9F,-97
BLE,1668471061001402525,59:FD:61:51:84:9F,-101
BLE,1668471067029307618,59:FD:61:51:84:9F,-101
BLE,1668471068153291876,59:FD:61:51:84:9F,-100
BLE,1668471070160380055,59:FD:61:51:84:9F,-100
BLE,1668471072432116662,59:FD:61:51:84:9F,-101
BLE,1668471076726009170,59:FD:61:51:84:9F,-99
BLE,1668471078165297300,59:FD:61:51:84:9F,-102
BLE,1668471079316437198,59:FD:61:51:84:9F,-99
BLE,1668471082754847504,59:FD:61:51:84:9F,-99
BLE,1668471083614580454,59:FD:61:51:84:9F,-101
BLE,1668471085616114273,59:FD:61:51:84:9F,-101
BLE,1668471086473563621,59:FD:61:51:84:9F,-104
BLE,1668471088183600159,59:FD:61:51:84:9F,-99
BLE,1668471089034873112,59:FD:61:51:84:9F,-100
BLE,1668471089892101588,59:FD:61:51:84:9F,-102
BLE,1668471092187967742,59:FD:61:51:84:9F,-102
BLE,1668471092476584010,59:FD:61:51:84:9F,-101
BLE,1668471095631177999,59:FD:61:51:84:9F,-100
BLE,1668471096772134876,59:FD:61:51:84:9F,-101
BLE,1668471097921006089,59:FD:61:51:84:9F,-101
BLE,1668471098775815714,59:FD:61:51:84:9F,-101
BLE,1668471099636022451,59:FD:61:51:84:9F,-99
BLE,1668471099924688677,59:FD:61:51:84:9F,-102
BLE,1668471100215373633,59:FD:61:51:84:9F,-100
BLE,1668471102514775042,59:FD:61:51:84:9F,-101
BLE,1668471103663392257,59:FD:61:51:84:9F,-101
BLE,1668471103952815601,59:FD:61:51:84:9F,-101
BLE,1668471104808062888,59:FD:61:51:84:9F,-103
BLE,1668471105665389988,59:FD:61:51:84:9F,-101
BLE,1668471106520507819,59:FD:61:51:84:9F,-104
BLE,1668471109399801154,59:FD:61:51:84:9F,-100
BLE,1668471111398158213,59:FD:61:51:84:9F,-98
BLE,1668471112549242278,59:FD:61:51:84:9F,-101
BLE,1668471113404376984,59:FD:61:51:84:9F,-102
BLE,1668471115115523094,59:FD:61:51:84:9F,-98
BLE,1668471121145324626,59:FD:61:51:84:9F,-102
BLE,1668471121410840380,59:FD:61:51:84:9F,-101
BLE,1668471122828211983,59:FD:61:51:84:9F,-99
BLE,1668471124836101278,59:FD:61:51:84:9F,-100
BLE,1668471125982193894,59:FD:61:51:84:9F,-100
BLE,1668471126838609378,59:FD:61:51:84:9F,-99
BLE,1668471135453301495,59:FD:61:51:84:9F,-103
BLE,1668471136288144115,59:FD:61:51:84:9F,-101
BLE,1668471136576758883,59:FD:61:51:84:9F,-102
BLE,1668471137142902033,59:FD:61:51:84:9F,-100
BLE,1668471137432951745,59:FD:61:51:84:9F,-99
BLE,1668471139140771389,59:FD:61:51:84:9F,-104
BLE,1668471139704731269,59:FD:61:51:84:9F,-103
BLE,1668471140853262110,59:FD:61:51:84:9F,-102
BLE,1668471144568870092,59:FD:61:51:84:9F,-102
BLE,1668471146004616341,59:FD:61:51:84:9F,-102
BLE,1668471147718270509,59:FD:61:51:84:9F,-101
BLE,1668471148005604999,59:FD:61:51:84:9F,-102
BLE,1668471150013788125,59:FD:61:51:84:9F,-104
BLE,1668471150868684041,59:FD:61:51:84:9F,-100
BLE,1668471153743831376,59:FD:61:51:84:9F,-101
BLE,1668471155457554335,59:FD:61:51:84:9F,-102
BLE,1668471156605110395,59:FD:61:51:84:9F,-102
BLE,1668471157461939666,59:FD:61:51:84:9F,-101
BLE,1668471157750630434,59:FD:61:51:84:9F,-101
BLE,1668471161170377138,59:FD:61:51:84:9F,-102
BLE,1668471162319306434,59:FD:61:51:84:9F,-98
BLE,1668471162608719069,59:FD:61:51:84:9F,-100
BLE,1668471164322698109,59:FD:61:51:84:9F,-101
BLE,1668471165758948561,59:FD:61:51:84:9F,-100
BLE,1668471166910030001,59:FD:61:51:84:9F,-99
BLE,1668471171208916125,59:FD:61:51:84:9F,-100
BLE,1668471172063890082,59:FD:61:51:84:9F,-103
BLE,1668471172643830466,59:FD:61:51:84:9F,-102
BLE,1668471174065172778,59:FD:61:51:84:9F,-101
BLE,1668471175213795119,59:FD:61:51:84:9F,-102
BLE,1668471176359391782,59:FD:61:51:84:9F,-103
BLE,1668471177214304989,59:FD:61:51:84:9F,-101
BLE,1668471179780742803,59:FD:61:51:84:9F,-98
BLE,1668471180068808327,59:FD:61:51:84:9F,-102
BLE,1668471180929449060,59:FD:61:51:84:9F,-102
BLE,1668471183805745634,59:FD:61:51:84:9F,-102
BLE,1668471184956884324,59:FD:61:51:84:9F,-102
BLE,1668471186104608423,59:FD:61:51:84:9F,-102
BLE,1668471188103273813,59:FD:61:51:84:9F,-103
BLE,1668471190396561451,59:FD:61:51:84:9F,-102
BLE,1668471190962618185,59:FD:61:51:84:9F,-99
BLE,1668471193257040978,59:FD:61:51:84:9F,-103
BLE,1668471194968413044,59:FD:61:51:84:9F,-103
BLE,1668471195820680820,59:FD:61:51:84:9F,-102
BLE,1668471196678942869,59:FD:61:51:84:9F,-91
BLE,1668471197530812816,59:FD:61:51:84:9F,-102
BLE,1668471198095212858,59:FD:61:51:84:9F,-101
BLE,1668471199243354703,59:FD:61:51:84:9F,-105
BLE,1668471200392003502,59:FD:61:51:84:9F,-102
BLE,1668471203520484007,59:FD:61:51:84:9F,-102
BLE,1668471203806423135,59:FD:61:51:84:9F,-102
BLE,1668471206377222572,59:FD:61:51:84:9F,-102
BLE,1668471207232026114,59:FD:61:51:84:9F,-100
BLE,1668471208960493381,59:FD:61:51:84:9F,-102
BLE,1668471209816503827,59:FD:61:51:84:9F,-102
BLE,1668471210107307781,59:FD:61:51:84:9F,-101
BLE,1668471210671384952,59:FD:61:51:84:9F,-102
BLE,1668471211819568963,59:FD:61:51:84:9F,-101
BLE,1668471212110016171,59:FD:61:51:84:9F,-102
BLE,1668471212674790210,59:FD:61:51:84:9F,-102
BLE,1668471214972845257,59:FD:61:51:84:9F,-104
BLE,1668471215826461228,59:FD:61:51:84:9F,-99
BLE,1668471216115053580,59:FD:61:51:84:9F,-100
BLE,1668471217829024703,59:FD:61:51:84:9F,-103
BLE,1668471218120842564,59:FD:61:51:84:9F,-103
BLE,1668471220977779876,59:FD:61:51:84:9F,-100
BLE,1668471222126564340,59:FD:61:51:84:9F,-100
BLE,1668471222980102437,59:FD:61:51:84:9F,-102
BLE,1668471224692887322,59:FD:61:51:84:9F,-100
BLE,1668471226714909224,59:FD:61:51:84:9F,-101
BLE,1668471227860058724,59:FD:61:51:84:9F,-100
BLE,1668471231574038182,59:FD:61:51:84:9F,-102
BLE,1668471232138485015,59:FD:61:51:84:9F,-104
BLE,1668471232993680970,59:FD:61:51:84:9F,-99
BLE,1668471233282582110,59:FD:61:51:84:9F,-102
BLE,1668471233848516511,59:FD:61:51:84:9F,-102
BLE,1668471238998711796,59:FD:61:51:84:9F,-100
BLE,1668471239564440158,59:FD:61:51:84:9F,-100
BLE,1668471243840345516,59:FD:61:51:84:9F,-104
BLE,1668471245550233305,59:FD:61:51:84:9F,-102
BLE,1668471245839758814,59:FD:61:51:84:9F,-101
BLE,1668471246989107772,59:FD:61:51:84:9F,-99
BLE,1668471250972456569,59:FD:61:51:84:9F,-101
BLE,1668471252682441274,59:FD:61:51:84:9F,-104
BLE,1668471254974366468,59:FD:61:51:84:9F,-101
BLE,1668471255831796108,59:FD:61:51:84:9F,-102
BLE,1668471262153243503,59:FD:61:51:84:9F,-101
BLE,1668471263275526237,59:FD:61:51:84:9F,-102
BLE,1668471266428017164,59:FD:61:51:84:9F,-101
BLE,1668471267281685675,59:FD:61:51:84:9F,-101
BLE,1668471272728123026,59:FD:61:51:84:9F,-108
BLE,1668471273873326609,59:FD:61:51:84:9F,-100
BLE,1668471275879456339,59:FD:61:51:84:9F,-102
BLE,1668471276735454828,59:FD:61:51:84:9F,-101
BLE,1668471285349288578,59:FD:61:51:84:9F,-102
BLE,1668471290190608717,59:FD:61:51:84:9F,-102
BLE,1668471291625769431,59:FD:61:51:84:9F,-102
BLE,1668471292774357688,59:FD:61:51:84:9F,-100
BLE,1668471293628288739,59:FD:61:51:84:9F,-101
BLE,1668471295633223023,59:FD:61:51:84:9F,-102
BLE,1668471296779958841,59:FD:61:51:84:9F,-99
BLE,1668471301932570601,59:FD:61:51:84:9F,-104
BLE,1668471309129240455,59:FD:61:51:84:9F,-100
BLE,1668471309675719430,59:FD:61:51:84:9F,-103
BLE,1668471309963160210,59:FD:61:51:84:9F,-102
BLE,1668471311382497709,59:FD:61:51:84:9F,-103
BLE,1668471313385732385,59:FD:61:51:84:9F,-100
BLE,1668471313950830920,59:FD:61:51:84:9F,-101
BLE,1668471315099553968,59:FD:61:51:84:9F,-101
BLE,1668471316807745775,59:FD:61:51:84:9F,-99
BLE,1668471319100895456,59:FD:61:51:84:9F,-100
BLE,1668471319954436470,59:FD:61:51:84:9F,-101
BLE,1668471322834497297,59:FD:61:51:84:9F,-99
BLE,1668471325421532026,59:FD:61:51:84:9F,-103
BLE,1668471326281318392,59:FD:61:51:84:9F,-102
BLE,1668471328283261082,59:FD:61:51:84:9F,-102
BLE,1668471328573054421,59:FD:61:51:84:9F,-101
BLE,1668471329722065133,59:FD:61:51:84:9F,-102
BLE,1668471338313187698,59:FD:61:51:84:9F,-99
BLE,1668471340006946652,59:FD:61:51:84:9F,-100
BLE,1668471341445771661,59:FD:61:51:84:9F,-101
BLE,1668471343175421333,59:FD:61:51:84:9F,-101
BLE,1668471344884480214,59:FD:61:51:84:9F,-100
BLE,1668471346305773527,59:FD:61:51:84:9F,-102
BLE,1668471346594316212,59:FD:61:51:84:9F,-101
BLE,1668471347449461251,59:FD:61:51:84:9F,-99
BLE,1668471348871998884,59:FD:61:51:84:9F,-102
BLE,1668471349159320333,59:FD:61:51:84:9F,-99
BLE,1668471353436753341,59:FD:61:51:84:9F,-104
BLE,1668471354879049815,59:FD:61:51:84:9F,-102
BLE,1668471356295748300,59:FD:61:51:84:9F,-101
BLE,1668471357152045827,59:FD:61:51:84:9F,-105
BLE,1668471358587847575,59:FD:61:51:84:9F,-100
BLE,1668471366081285197,59:FD:61:51:84:9F,-98
BLE,1668471368064749075,59:FD:61:51:84:9F,-103
BLE,1668471368353462092,59:FD:61:51:84:9F,-99
BLE,1668471370922248340,59:FD:61:51:84:9F,-99
BLE,1668471375803615364,59:FD:61:51:84:9F,-102
BLE,1668471376952276371,59:FD:61:51:84:9F,-101
BLE,1668471378097996824,59:FD:61:51:84:9F,-102
BLE,1668471378954708972,59:FD:61:51:84:9F,-99
BLE,1668471380389161900,59:FD:61:51:84:9F,-103
BLE,1668471382394901343,59:FD:61:51:84:9F,-100
BLE,1668471386107357107,59:FD:61:51:84:9F,-101
BLE,1668471386965453241,59:FD:61:51:84:9F,-102
BLE,1668471389257962303,59:FD:61:51:84:9F,-98
BLE,1668471390678026504,59:FD:61:51:84:9F,-102
BLE,1668471393260546362,59:FD:61:51:84:9F,-101
BLE,1668471395825505899,59:FD:61:51:84:9F,-100
BLE,1668471396972466757,59:FD:61:51:84:9F,-99
BLE,1668471397538626448,59:FD:61:51:84:9F,-99
BLE,1668471398976829005,59:FD:61:51:84:9F,-106
BLE,1668471400127265285,59:FD:61:51:84:9F,-102
BLE,1668471400979837684,59:FD:61:51:84:9F,-102
BLE,1668471401834996264,59:FD:61:51:84:9F,-102
BLE,1668471405841648739,59:FD:61:51:84:9F,-101
BLE,1668471407280383374,59:FD:61:51:84:9F,-99
BLE,1668471409551763527,59:FD:61:51:84:9F,-98
BLE,1668471410407915931,59:FD:61:51:84:9F,-103
BLE,1668471412120570109,59:FD:61:51:84:9F,-101
BLE,1668471412700494326,59:FD:61:51:84:9F,-102
BLE,1668471413555375076,59:FD:61:51:84:9F,-101
BLE,1668471414706316643,59:FD:61:51:84:9F,-99
BLE,1668471420151259966,59:FD:61:51:84:9F,-101
BLE,1668471420441600217,59:FD:61:51:84:9F,-101
BLE,1668471423298069743,59:FD:61:51:84:9F,-101
BLE,1668471428161361492,59:FD:61:51:84:9F,-103
BLE,1668471429016474197,59:FD:61:51:84:9F,-103
BLE,1668471430162426357,59:FD:61:51:84:9F,-102
BLE,1668471430727546225,59:FD:61:51:84:9F,-106
BLE,1668471432165713366,59:FD:61:51:84:9F,-105
BLE,1668471435903926326,59:FD:61:51:84:9F,-100
BLE,1668471437046866183,59:FD:61:51:84:9F,-101
BLE,1668471440173299834,59:FD:61:51:84:9F,-103
BLE,1668471440739382942,59:FD:61:51:84:9F,-101
BLE,1668471442741273799,59:FD:61:51:84:9F,-102
BLE,1668471443888602361,59:FD:61:51:84:9F,-99
BLE,1668471444743314945,59:FD:61:51:84:9F,-100
BLE,1668471445891117878,59:FD:61:51:84:9F,-101
BLE,1668471447036282629,59:FD:61:51:84:9F,-101
BLE,1668471449334772880,59:FD:61:51:84:9F,-98
BLE,1668471453047147937,59:FD:61:51:84:9F,-100
BLE,1668471456487174477,59:FD:61:51:84:9F,-100
BLE,1668471458782563052,59:FD:61:51:84:9F,-102
BLE,1668471459932101550,59:FD:61:51:84:9F,-101
BLE,1668471461081207427,59:FD:61:51:84:9F,-103
BLE,1668471462226223263,59:FD:61:51:84:9F,-100
BLE,1668471463373353160,59:FD:61:51:84:9F,-99
BLE,1668471464229759894,59:FD:61:51:84:9F,-105
BLE,1668471466498800154,59:FD:61:51:84:9F,-102
BLE,1668471467649585598,59:FD:61:51:84:9F,-100
BLE,1668471469357243368,59:FD:61:51:84:9F,-101
BLE,1668471471068468103,59:FD:61:51:84:9F,-104
BLE,1668471471358227234,59:FD:61:51:84:9F,-103
BLE,1668471472214983548,59:FD:61:51:84:9F,-105
BLE,1668471474219672335,59:FD:61:51:84:9F,-103
BLE,1668471478226445184,59:FD:61:51:84:9F,-101
BLE,1668471480813989324,59:FD:61:51:84:9F,-102
BLE,1668471481100754986,59:FD:61:51:84:9F,-101
BLE,1668471484522255381,59:FD:61:51:84:9F,-100
BLE,1668471485673959441,59:FD:61:51:84:9F,-101
BLE,1668471486254635650,59:FD:61:51:84:9F,-103
BLE,1668471489409023183,59:FD:61:51:84:9F,-101
BLE,1668471492827337069,59:FD:61:51:84:9F,-101
BLE,1668471494539869706,59:FD:61:51:84:9F,-102
BLE,1668471495394674832,59:FD:61:51:84:9F,-103
BLE,1668471497981163150,59:FD:61:51:84:9F,-99
BLE,1668471499980391367,59:FD:61:51:84:9F,-102
BLE,1668471501127185434,59:FD:61:51:84:9F,-101
BLE,1668471501692009555,59:FD:61:51:84:9F,-100
BLE,1668471502841564720,59:FD:61:51:84:9F,-100
BLE,1668471511433485860,59:FD:61:51:84:9F,-98
BLE,1668471513121740703,59:FD:61:51:84:9F,-100
BLE,1668471516562220321,59:FD:61:51:84:9F,-104
BLE,1668471518275880698,59:FD:61:51:84:9F,-99
BLE,1668471518564091220,59:FD:61:51:84:9F,-100
BLE,1668471519423995918,59:FD:61:51:84:9F,-100
BLE,1668471519714033006,59:FD:61:51:84:9F,-100
BLE,1668471521153013596,59:FD:61:51:84:9F,-100
BLE,1668471522009025626,59:FD:61:51:84:9F,-98
BLE,1668471522861626649,59:FD:61:51:84:9F,-102
BLE,1668471526577987499,59:FD:61:51:84:9F,-101
BLE,1668471527724757858,59:FD:61:51:84:9F,-105
BLE,1668471529437065623,59:FD:61:51:84:9F,-101
BLE,1668471530579796607,59:FD:61:51:84:9F,-101
BLE,1668471534025524047,59:FD:61:51:84:9F,-103
BLE,1668471537171850162,59:FD:61:51:84:9F,-99
BLE,1668471539761105160,59:FD:61:51:84:9F,-100
BLE,1668471540614684089,59:FD:61:51:84:9F,-103
BLE,1668471541182415847,59:FD:61:51:84:9F,-101
BLE,1668471543183044592,59:FD:61:51:84:9F,-100
BLE,1668471544623643583,59:FD:61:51:84:9F,-100
BLE,1668471546332617674,59:FD:61:51:84:9F,-106
BLE,1668471550901732169,59:FD:61:51:84:9F,-99
BLE,1668471553468204233,59:FD:61:51:84:9F,-101
BLE,1668471554323044274,59:FD:61:51:84:9F,-99
BLE,1668471555469852092,59:FD:61:51:84:9F,-107
BLE,1668471556612512993,59:FD:61:51:84:9F,-104
BLE,1668471558322475990,59:FD:61:51:84:9F,-100
BLE,1668471562039292002,59:FD:61:51:84:9F,-100
BLE,1668471567485057234,59:FD:61:51:84:9F,-100
BLE,1668471569190520777,59:FD:61:51:84:9F,-100
BLE,1668471572047675462,59:FD:61:51:84:9F,-100
BLE,1668471574055577883,59:FD:61:51:84:9F,-104
BLE,1668471575202507866,59:FD:61:51:84:9F,-100
BLE,1668471577471798457,59:FD:61:51:84:9F,-99
BLE,1668471582916515158,59:FD:61:51:84:9F,-102
BLE,1668471585211841400,59:FD:61:51:84:9F,-104
BLE,1668471586923098676,59:FD:61:51:84:9F,-99
BLE,1668471588923094802,59:FD:61:51:84:9F,-101
BLE,1668471592636819219,59:FD:61:51:84:9F,-102
BLE,1668471594930130274,59:FD:61:51:84:9F,-100
BLE,1668471596644109772,59:FD:61:51:84:9F,-104
BLE,1668471599500353842,59:FD:61:51:84:9F,-102
BLE,1668471600942715024,59:FD:61:51:84:9F,-101
BLE,1668471602088164355,59:FD:61:51:84:9F,-101
BLE,1668471602946272613,59:FD:61:51:84:9F,-98
BLE,1668471603234219805,59:FD:61:51:84:9F,-101
BLE,1668471604385772907,59:FD:61:51:84:9F,-102
BLE,1668471606700831407,45:A6:05:69:64:51,-103
BLE,1668471607850122282,45:A6:05:69:64:51,-100
BLE,1668471610142829843,45:A6:05:69:64:51,-101
BLE,1668471611293319915,45:A6:05:69:64:51,-102
BLE,1668471612709027284,45:A6:05:69:64:51,-99
BLE,1668471612998344504,45:A6:05:69:64:51,-103
BLE,1668471614148561995,45:A6:05:69:64:51,-103
BLE,1668471615295120815,45:A6:05:69:64:51,-100
BLE,1668471617298951651,45:A6:05:69:64:51,-101
BLE,1668471621572202911,45:A6:05:69:64:51,-105
BLE,1668471621863462611,45:A6:05:69:64:51,-100
BLE,1668471625015984621,45:A6:05:69:64:51,-101
BLE,1668471625306293955,45:A6:05:69:64:51,-103
BLE,1668471626162520024,45:A6:05:69:64:51,-103
BLE,1668471626728466509,45:A6:05:69:64:51,-100
BLE,1668471627583134803,45:A6:05:69:64:51,-102
BLE,1668471627870748831,45:A6:05:69:64:51,-101
BLE,1668471629585204157,45:A6:05:69:64:51,-101
BLE,1668471631295844898,45:A6:05:69:64:51,-99
BLE,1668471634443527290,45:A6:05:69:64:51,-100
BLE,1668471639035249681,45:A6:05:69:64:51,-100
BLE,1668471642478417855,45:A6:05:69:64:51,-100
BLE,1668471643622579991,45:A6:05:69:64:51,-100
BLE,1668471644481487949,45:A6:05:69:64:51,-99
BLE,1668471644771340955,45:A6:05:69:64:51,-103
BLE,1668471645628961343,45:A6:05:69:64:51,-102
BLE,1668471646775942659,45:A6:05:69:64:51,-102
BLE,1668471647628528807,45:A6:05:69:64:51,-104
BLE,1668471649631064407,45:A6:05:69:64:51,-100
BLE,1668471650489661286,45:A6:05:69:64:51,-101
BLE,1668471653634860954,45:A6:05:69:64:51,-100
BLE,1668471654784726948,45:A6:05:69:64:51,-101
BLE,1668471655642306045,45:A6:05:69:64:51,-101
BLE,1668471656789066863,45:A6:05:69:64:51,-101
BLE,1668471659081771257,45:A6:05:69:64:51,-103
BLE,1668471661941062129,45:A6:05:69:64:51,-101
BLE,1668471663376823503,45:A6:05:69:64:51,-100
BLE,1668471664234130853,45:A6:05:69:64:51,-101
BLE,1668471664524207315,45:A6:05:69:64:51,-102
BLE,1668471665379245354,45:A6:05:69:64:51,-99
BLE,1668471668239282302,45:A6:05:69:64:51,-106
BLE,1668471671392227641,45:A6:05:69:64:51,-102
BLE,1668471671679586047,45:A6:05:69:64:51,-103
BLE,1668471673682192397,45:A6:05:69:64:51,-99
BLE,1668471675684885704,45:A6:05:69:64:51,-99
BLE,1668471677397226426,45:A6:05:69:64:51,-102
BLE,1668471682843518820,45:A6:05:69:64:51,-100
BLE,1668471684572116252,45:A6:05:69:64:51,-105
BLE,1668471686306941038,45:A6:05:69:64:51,-102
BLE,1668471687454771136,45:A6:05:69:64:51,-100
BLE,1668471688604731672,45:A6:05:69:64:51,-102
BLE,1668471690311033414,45:A6:05:69:64:51,-100
BLE,1668471692609854996,45:A6:05:69:64:51,-105
BLE,1668471692899253340,45:A6:05:69:64:51,-100
BLE,1668471694903599421,45:A6:05:69:64:51,-103
BLE,1668471695754281797,45:A6:05:69:64:51,-99
BLE,1668471697466073692,45:A6:05:69:64:51,-104
BLE,1668471697757111686,45:A6:05:69:64:51,-102
BLE,1668471700618185206,45:A6:05:69:64:51,-102
BLE,1668471702910603228,45:A6:05:69:64:51,-99
BLE,1668471709213251064,45:A6:05:69:64:51,-102
BLE,1668471711190759919,45:A6:05:69:64:51,-102
BLE,1668471712046952947,45:A6:05:69:64:51,-100
BLE,1668471714050062000,45:A6:05:69:64:51,-100
BLE,1668471716053780004,45:A6:05:69:64:51,-98
BLE,1668471717200818528,45:A6:05:69:64:51,-100
BLE,1668471719493335966,45:A6:05:69:64:51,-102
BLE,1668471720349386578,45:A6:05:69:64:51,-100
BLE,1668471727257291082,45:A6:05:69:64:51,-101
BLE,1668471728946956536,45:A6:05:69:64:51,-101
BLE,1668471729800754505,45:A6:05:69:64:51,-101
BLE,1668471730949957048,45:A6:05:69:64:51,-102
BLE,1668471731802465363,45:A6:05:69:64:51,-101
BLE,1668471732658216312,45:A6:05:69:64:51,-99
BLE,1668471733515645744,45:A6:05:69:64:51,-102
BLE,1668471734660203085,45:A6:05:69:64:51,-101
BLE,1668471736101401736,45:A6:05:69:64:51,-102
BLE,1668471736953969135,45:A6:05:69:64:51,-98
BLE,1668471742380071817,45:A6:05:69:64:51,-100
BLE,1668471742670485775,45:A6:05:69:64:51,-105
BLE,1668471744670728190,45:A6:05:69:64:51,-102
BLE,1668471745820755391,45:A6:05:69:64:51,-102
BLE,1668471748116598379,45:A6:05:69:64:51,-100
BLE,1668471748405644601,45:A6:05:69:64:51,-102
BLE,1668471753582006577,45:A6:05:69:64:51,-103
BLE,1668471756171493281,45:A6:05:69:64:51,-102
BLE,1668471757881484736,45:A6:05:69:64:51,-99
BLE,1668471764205249024,45:A6:05:69:64:51,-100
BLE,1668471766180401028,45:A6:05:69:64:51,-100
BLE,1668471768478366535,45:A6:05:69:64:51,-102
BLE,1668471768767761420,45:A6:05:69:64:51,-100
BLE,1668471769628229905,45:A6:05:69:64:51,-100
BLE,1668471772507201743,45:A6:05:69:64:51,-100
BLE,1668471772798348361,45:A6:05:69:64:51,-106
BLE,1668471773087665913,45:A6:05:69:64:51,-101
BLE,1668471775946626622,45:A6:05:69:64:51,-101
BLE,1668471778242716023,45:A6:05:69:64:51,-99
BLE,1668471780248573048,45:A6:05:69:64:51,-102
BLE,1668471784254047702,45:A6:05:69:64:51,-103
BLE,1668471784542083851,45:A6:05:69:64:51,-102
BLE,1668471785400795812,45:A6:05:69:64:51,-106
BLE,1668471787966014555,45:A6:05:69:64:51,-101
BLE,1668471788817319549,45:A6:05:69:64:51,-100
BLE,1668471791405224644,45:A6:05:69:64:51,-102
BLE,1668471791970031641,45:A6:05:69:64:51,-101
BLE,1668471793972783155,45:A6:05:69:64:51,-103
BLE,1668471794261286175,45:A6:05:69:64:51,-102
BLE,1668471795117665409,45:A6:05:69:64:51,-102
BLE,1668471796268576809,45:A6:05:69:64:51,-101
BLE,1668471797975720044,45:A6:05:69:64:51,-101
BLE,1668471798541358365,45:A6:05:69:64:51,-104
BLE,1668471799976595827,45:A6:05:69:64:51,-104
BLE,1668471800833924760,45:A6:05:69:64:51,-102
BLE,1668471803397625644,45:A6:05:69:64:51,-102
BLE,1668471804251461362,45:A6:05:69:64:51,-105
BLE,1668471805965173321,45:A6:05:69:64:51,-101
BLE,1668471807969099365,45:A6:05:69:64:51,-103
BLE,1668471810824829607,45:A6:05:69:64:51,-99
BLE,1668471813119841561,45:A6:05:69:64:51,-101
BLE,1668471817957432655,45:A6:05:69:64:51,-100
BLE,1668471819104749843,45:A6:05:69:64:51,-105
BLE,1668471823106902614,45:A6:05:69:64:51,-102
BLE,1668471823965322328,45:A6:05:69:64:51,-102
BLE,1668471827117558132,45:A6:05:69:64:51,-100
BLE,1668471830851761550,45:A6:05:69:64:51,-101
BLE,1668471832850064526,45:A6:05:69:64:51,-101
BLE,1668471835711251213,45:A6:05:69:64:51,-102
BLE,1668471836275052844,45:A6:05:69:64:51,-99
BLE,1668471836562342251,45:A6:05:69:64:51,-102
BLE,1668471839419927432,45:A6:05:69:64:51,-102
BLE,1668471842862481904,45:A6:05:69:64:51,-102
BLE,1668471844009240472,45:A6:05:69:64:51,-102
BLE,1668471845160706200,45:A6:05:69:64:51,-101
BLE,1668471846014803666,45:A6:05:69:64:51,-102
BLE,1668471846305966700,45:A6:05:69:64:51,-104
BLE,1668471848310720236,45:A6:05:69:64:51,-103
BLE,1668471850582484968,45:A6:05:69:64:51,-99
BLE,1668471851145555816,45:A6:05:69:64:51,-101
BLE,1668471853144933490,45:A6:05:69:64:51,-104
BLE,1668471854563697537,45:A6:05:69:64:51,-102
BLE,1668471855128556324,45:A6:05:69:64:51,-102
BLE,1668471856834501737,45:A6:05:69:64:51,-101
BLE,1668471859962011044,45:A6:05:69:64:51,-102
BLE,1668471862238199523,45:A6:05:69:64:51,-98
BLE,1668471863678745973,45:A6:05:69:64:51,-100
BLE,1668471865678744473,45:A6:05:69:64:51,-101
BLE,1668471870539507123,45:A6:05:69:64:51,-100
BLE,1668471871980780774,45:A6:05:69:64:51,-101
BLE,1668471874274517908,45:A6:05:69:64:51,-101
BLE,1668471874565567151,45:A6:05:69:64:51,-101
BLE,1668471875713081628,45:A6:05:69:64:51,-102
BLE,1668471876570797932,45:A6:05:69:64:51,-102
BLE,1668471877428166948,45:A6:05:69:64:51,-103
BLE,1668471880014519059,45:A6:05:69:64:51,-103
BLE,1668471881161369543,45:A6:05:69:64:51,-102
BLE,1668471883747752570,45:A6:05:69:64:51,-102
BLE,1668471884602561404,45:A6:05:69:64:51,-102
BLE,1668471885747759279,45:A6:05:69:64:51,-101
BLE,1668471887463319428,45:A6:05:69:64:51,-99
BLE,1668471888608293180,45:A6:05:69:64:51,-101
BLE,1668471889758411881,45:A6:05:69:64:51,-100
BLE,1668471890045531247,45:A6:05:69:64:51,-100
BLE,1668471891192761352,45:A6:05:69:64:51,-100
BLE,1668471893196975894,45:A6:05:69:64:51,-101
BLE,1668471895491998764,45:A6:05:69:64:51,-102
BLE,1668471896346453018,45:A6:05:69:64:51,-103
BLE,1668471901209525186,45:A6:05:69:64:51,-104
BLE,1668471902645304393,45:A6:05:69:64:51,-101
BLE,1668471904940455637,45:A6:05:69:64:51,-102
BLE,1668471906650759964,45:A6:05:69:64:51,-102
BLE,1668471907217599898,45:A6:05:69:64:51,-102
BLE,1668471910365774452,45:A6:05:69:64:51,-100
BLE,1668471912369169002,45:A6:05:69:64:51,-99
BLE,1668471913806572150,45:A6:05:69:64:51,-100
BLE,1668471916959531198,45:A6:05:69:64:51,-102
BLE,1668471922400543603,45:A6:05:69:64:51,-89
BLE,1668471923257876703,45:A6:05:69:64:51,-102
BLE,1668471923823200652,45:A6:05:69:64:51,-101
BLE,1668471924110671557,45:A6:05:69:64:51,-101
BLE,1668471926114180230,45:A6:05:69:64:51,-101
BLE,1668471928679173434,45:A6:05:69:64:51,-106
BLE,1668471930392099651,45:A6:05:69:64:51,-100
BLE,1668471931535775834,45:A6:05:69:64:51,-100
BLE,1668471932683387976,45:A6:05:69:64:51,-103
BLE,1668471934687206730,45:A6:05:69:64:51,-99
BLE,1668471936688185804,45:A6:05:69:64:51,-101
BLE,1668471937837310806,45:A6:05:69:64:51,-102
BLE,1668471938690859361,45:A6:05:69:64:51,-100
BLE,1668471939551010307,45:A6:05:69:64:51,-100
BLE,1668471939837844302,45:A6:05:69:64:51,-98
BLE,1668471940695323900,45:A6:05:69:64:51,-98
BLE,1668471941841066270,45:A6:05:69:64:51,-100
BLE,1668471942695878895,45:A6:05:69:64:51,-101
BLE,1668471943261563007,45:A6:05:69:64:51,-105
BLE,1668471949268049277,45:A6:05:69:64:51,-103
BLE,1668471950707396364,45:A6:05:69:64:51,-103
BLE,1668471951564818088,45:A6:05:69:64:51,-100
BLE,1668471953273610389,45:A6:05:69:64:51,-102
BLE,1668471954420912285,45:A6:05:69:64:51,-102
BLE,1668471955859188924,45:A6:05:69:64:51,-101
BLE,1668471956716555274,45:A6:05:69:64:51,-101
BLE,1668471958424198294,45:A6:05:69:64:51,-102
BLE,1668471959279196876,45:A6:05:69:64:51,-103
BLE,1668471960701678302,45:A6:05:69:64:51,-101
BLE,1668471963580528267,45:A6:05:69:64:51,-103
BLE,1668471965873716322,45:A6:05:69:64:51,-101
BLE,1668471967312565915,45:A6:05:69:64:51,-100
BLE,1668471968171810620,45:A6:05:69:64:51,-101
BLE,1668471973320009133,45:A6:05:69:64:51,-100
BLE,1668471975322960771,45:A6:05:69:64:51,-103
BLE,1668471979329982034,45:A6:05:69:64:51,-103
BLE,1668471980182488600,45:A6:05:69:64:51,-102
BLE,1668471980473498218,45:A6:05:69:64:51,-101
BLE,1668471985629283488,45:A6:05:69:64:51,-101
BLE,1668471985918586249,45:A6:05:69:64:51,-102
BLE,1668471988193031037,45:A6:05:69:64:51,-103
BLE,1668471991054310973,45:A6:05:69:64:51,-102
BLE,1668471991344933220,45:A6:05:69:64:51,-100
BLE,1668471991633600196,45:A6:05:69:64:51,-102
BLE,1668471992493535228,45:A6:05:69:64:51,-99
BLE,1668471994492656946,45:A6:05:69:64:51,-100
BLE,1668471996498197099,45:A6:05:69:64:51,-101
BLE,1668471997643162893,45:A6:05:69:64:51,-102
BLE,1668471999644498172,45:A6:05:69:64:51,-100
BLE,1668472001083856843,45:A6:05:69:64:51,-103
BLE,1668472002528276337,45:A6:05:69:64:51,-101
BLE,1668472002818891959,45:A6:05:69:64:51,-103
BLE,1668472004822024428,45:A6:05:69:64:51,-101
BLE,1668472005968648581,45:A6:05:69:64:51,-99
BLE,1668472007682558746,45:A6:05:69:64:51,-100
BLE,1668472011123275529,45:A6:05:69:64:51,-99
BLE,1668472011979391224,45:A6:05:69:64:51,-103
BLE,1668472012266815046,45:A6:05:69:64:51,-103
BLE,1668472014563779105,45:A6:05:69:64:51,-105
BLE,1668472016567537734,45:A6:05:69:64:51,-100
BLE,1668472017424868876,45:A6:05:69:64:51,-100
BLE,1668472018571218739,45:A6:05:69:64:51,-101
BLE,1668472018859750383,45:A6:05:69:64:51,-104
BLE,1668472020010885782,45:A6:05:69:64:51,-100
BLE,1668472022013324216,45:A6:05:69:64:51,-103
BLE,1668472022869548535,45:A6:05:69:64:51,-102
BLE,1668472023159428874,45:A6:05:69:64:51,-105
BLE,1668472024016017773,45:A6:05:69:64:51,-102
BLE,1668472026871244395,45:A6:05:69:64:51,-102
BLE,1668472028312486838,45:A6:05:69:64:51,-100
BLE,1668472029462008086,45:A6:05:69:64:51,-103
BLE,1668472030607321043,45:A6:05:69:64:51,-101
BLE,1668472030897271173,45:A6:05:69:64:51,-105
BLE,1668472032047205959,45:A6:05:69:64:51,-102
BLE,1668472033196101713,45:A6:05:69:64:51,-100
BLE,1668472033486281049,45:A6:05:69:64:51,-101
BLE,1668472034343708522,45:A6:05:69:64:51,-105
BLE,1668472036055084338,45:A6:05:69:64:51,-102
BLE,1668472038056386034,45:A6:05:69:64:51,-98
BLE,1668472040915105079,45:A6:05:69:64:51,-99
BLE,1668472042350742329,45:A6:05:69:64:51,-104
BLE,1668472044060931282,45:A6:05:69:64:51,-99
BLE,1668472048357794593,45:A6:05:69:64:51,-103
BLE,1668472049509121823,45:A6:05:69:64:51,-99
BLE,1668472050654533363,45:A6:05:69:64:51,-100
BLE,1668472052367200374,45:A6:05:69:64:51,-101
BLE,1668472054931054798,45:A6:05:69:64:51,-100
BLE,1668472056371577290,45:A6:05:69:64:51,-100
BLE,1668472056660189974,45:A6:05:69:64:51,-102
BLE,1668472057516427752,45:A6:05:69:64:51,-99
BLE,1668472059520389254,45:A6:05:69:64:51,-100
BLE,1668472061228663769,45:A6:05:69:64:51,-102
BLE,1668472062375888957,45:A6:05:69:64:51,-101
BLE,1668472062940986367,45:A6:05:69:64:51,-103
BLE,1668472065233414013,45:A6:05:69:64:51,-101
BLE,1668472066656054938,45:A6:05:69:64:51,-105
BLE,1668472069802901922,45:A6:05:69:64:51,-100
BLE,1668472076981284087,45:A6:05:69:64:51,-101
BLE,1668472079814732514,45:A6:05:69:64:51,-101
BLE,1668472082674219010,45:A6:05:69:64:51,-103
BLE,1668472086407205273,45:A6:05:69:64:51,-103
BLE,1668472087827212891,45:A6:05:69:64:51,-103
BLE,1668472088117031063,45:A6:05:69:64:51,-102
BLE,1668472090410440492,45:A6:05:69:64:51,-102
BLE,1668472091270852768,45:A6:05:69:64:51,-102
BLE,1668472092124789028,45:A6:05:69:64:51,-102
BLE,1668472095568592404,45:A6:05:69:64:51,-101
BLE,1668472097567272210,45:A6:05:69:64:51,-105
BLE,1668472098130263141,45:A6:05:69:64:51,-100
BLE,1668472099569766810,45:A6:05:69:64:51,-102
BLE,1668472099860797345,45:A6:05:69:64:51,-102
BLE,1668472101009225188,45:A6:05:69:64:51,-101
BLE,1668472104454773671,45:A6:05:69:64:51,-100
BLE,1668472111361258398,45:A6:05:69:64:51,-102
BLE,1668472114198048541,45:A6:05:69:64:51,-101
BLE,1668472116489367907,45:A6:05:69:64:51,-101
BLE,1668472119346297470,45:A6:05:69:64:51,-102
BLE,1668472121056164927,45:A6:05:69:64:51,-100
BLE,1668472121913761774,45:A6:05:69:64:51,-99
BLE,1668472125065491500,45:A6:05:69:64:51,-102
BLE,1668472129655050496,45:A6:05:69:64:51,-99
BLE,1668472132514323493,45:A6:05:69:64:51,-100
BLE,1668472132802811305,45:A6:05:69:64:51,-101
BLE,1668472135658889418,45:A6:05:69:64:51,-101
BLE,1668472136514991822,45:A6:05:69:64:51,-101
BLE,1668472137931394976,45:A6:05:69:64:51,-101
BLE,1668472139645159143,45:A6:05:69:64:51,-99
BLE,1668472147089311225,45:A6:05:69:64:51,-101
BLE,1668472153953291677,45:A6:05:69:64:51,-100
BLE,1668472156787672428,45:A6:05:69:64:51,-102
BLE,1668472157935612650,45:A6:05:69:64:51,-100
BLE,1668472158790404401,45:A6:05:69:64:51,-102
BLE,1668472159356110763,45:A6:05:69:64:51,-102
BLE,1668472160210197270,45:A6:05:69:64:51,-102
BLE,1668472163360762300,45:A6:05:69:64:51,-105
BLE,1668472163652522828,45:A6:05:69:64:51,-100
BLE,1668472163942154961,45:A6:05:69:64:51,-100
BLE,1668472165385243052,45:A6:05:69:64:51,-101
BLE,1668472167970812504,45:A6:05:69:64:51,-100
BLE,1668472173146983024,45:A6:05:69:64:51,-100
BLE,1668472175150238409,45:A6:05:69:64:51,-107
BLE,1668472176564055714,45:A6:05:69:64:51,-102
BLE,1668472177422143473,45:A6:05:69:64:51,-101
BLE,1668472178566565440,45:A6:05:69:64:51,-100
BLE,1668472179990278228,45:A6:05:69:64:51,-100
BLE,1668472181698862406,45:A6:05:69:64:51,-103
BLE,1668472181988583663,45:A6:05:69:64:51,-101
BLE,1668472182845066938,45:A6:05:69:64:51,-101
BLE,1668472183701843543,45:A6:05:69:64:51,-102
BLE,1668472184555111017,45:A6:05:69:64:51,-100
BLE,1668472187432186167,45:A6:05:69:64:51,-106
BLE,1668472190024635007,45:A6:05:69:64:51,-103
BLE,1668472199181287769,45:A6:05:69:64:51,-100
BLE,1668472201746467513,45:A6:05:69:64:51,-105
BLE,1668472204892794586,45:A6:05:69:64:51,-100
BLE,1668472206607740574,45:A6:05:69:64:51,-100
BLE,1668472207752213790,45:A6:05:69:64:51,-103
BLE,1668472209463473441,45:A6:05:69:64:51,-100
BLE,1668472210315783758,45:A6:05:69:64:51,-102
BLE,1668472211171009963,45:A6:05:69:64:51,-98
BLE,1668472212319737927,45:A6:05:69:64:51,-103
BLE,1668472215739738296,45:A6:05:69:64:51,-101
BLE,1668472216595978323,45:A6:05:69:64:51,-101
BLE,1668472216886293949,45:A6:05:69:64:51,-104
BLE,1668472217177050362,45:A6:05:69:64:51,-103
BLE,1668472218032736853,45:A6:05:69:64:51,-104
BLE,1668472219477179389,45:A6:05:69:64:51,-100
BLE,1668472220626101768,45:A6:05:69:64:51,-102
BLE,1668472220912144354,45:A6:05:69:64:51,-99
BLE,1668472221478442585,45:A6:05:69:64:51,-104
BLE,1668472221769612411,45:A6:05:69:64:51,-99
BLE,1668472222060829444,45:A6:05:69:64:51,-100
BLE,1668472223776111637,45:A6:05:69:64:51,-100
BLE,1668472224922194462,45:A6:05:69:64:51,-100
BLE,1668472226924889435,45:A6:05:69:64:51,-101
BLE,1668472227216114052,45:A6:05:69:64:51,-102
BLE,1668472228366015588,45:A6:05:69:64:51,-99
BLE,1668472228656537753,45:A6:05:69:64:51,-106
BLE,1668472231803025908,45:A6:05:69:64:51,-100
BLE,1668472233517903147,45:A6:05:69:64:51,-104
BLE,1668472233807925901,45:A6:05:69:64:51,-101
BLE,1668472234099062018,45:A6:05:69:64:51,-100
BLE,1668472235249519632,45:A6:05:69:64:51,-102
BLE,1668472236100900459,45:A6:05:69:64:51,-105
BLE,1668472237814584418,45:A6:05:69:64:51,-100
BLE,1668472240691807024,45:A6:05:69:64:51,-100
BLE,1668472242134162164,45:A6:05:69:64:51,-101
BLE,1668472242422809974,45:A6:05:69:64:51,-100
BLE,1668472243278038636,45:A6:05:69:64:51,-100
BLE,1668472245867228510,45:A6:05:69:64:51,-103
BLE,1668472246723307247,45:A6:05:69:64:51,-102
BLE,1668472248432225630,45:A6:05:69:64:51,-102
BLE,1668472250728573195,45:A6:05:69:64:51,-102
BLE,1668472253003054692,45:A6:05:69:64:51,-101
BLE,1668472254150970290,45:A6:05:69:64:51,-100
BLE,1668472256149646554,45:A6:05:69:64:51,-106
BLE,1668472257863558761,45:A6:05:69:64:51,-101
BLE,1668472259006040997,45:A6:05:69:64:51,-102
BLE,1668472259864646334,45:A6:05:69:64:51,-100
BLE,1668472263866951146,45:A6:05:69:64:51,-99
BLE,1668472267016904432,45:A6:05:69:64:51,-102
BLE,1668472272443668107,45:A6:05:69:64:51,-102
BLE,1668472273588602194,45:A6:05:69:64:51,-104
BLE,1668472274735686675,45:A6:05:69:64:51,-100
BLE,1668472281061891188,45:A6:05:69:64:51,-100
BLE,1668472282183119683,45:A6:05:69:64:51,-103
BLE,1668472285038286847,45:A6:05:69:64:51,-102
BLE,1668472285897548302,45:A6:05:69:64:51,-102
BLE,1668472294197292418,45:A6:05:69:64:51,-101
BLE,1668472295616631876,45:A6:05:69:64:51,-102
BLE,1668472296763183988,45:A6:05:69:64:51,-103
BLE,1668472297910012763,45:A6:05:69:64:51,-98
BLE,1668472299056867205,45:A6:05:69:64:51,-101
BLE,1668472300498826141,45:A6:05:69:64:51,-101
BLE,1668472301064400379,45:A6:05:69:64:51,-103
BLE,1668472302769461510,45:A6:05:69:64:51,-102
BLE,1668472303625627371,45:A6:05:69:64:51,-100
BLE,1668472304482534267,45:A6:05:69:64:51,-99
BLE,1668472307903173421,45:A6:05:69:64:51,-102
BLE,1668472310464513578,45:A6:05:69:64:51,-103
BLE,1668472312761945341,45:A6:05:69:64:51,-104
BLE,1668472313618105536,45:A6:05:69:64:51,-100
BLE,1668472317914475352,45:A6:05:69:64:51,-102
BLE,1668472318203729322,45:A6:05:69:64:51,-99
BLE,1668472318771889117,45:A6:05:69:64:51,-103
BLE,1668472320206994956,45:A6:05:69:64:51,-105
BLE,1668472323339534461,45:A6:05:69:64:51,-104
BLE,1668472324193247181,45:A6:05:69:64:51,-102
BLE,1668472324483749180,45:A6:05:69:64:51,-99
BLE,1668472327047038026,45:A6:05:69:64:51,-102
BLE,1668472330761461979,45:A6:05:69:64:51,-104
BLE,1668472331910651647,45:A6:05:69:64:51,-101
BLE,1668472334475331770,45:A6:05:69:64:51,-102
BLE,1668472337330344978,45:A6:05:69:64:51,-102
BLE,1668472340480448554,45:A6:05:69:64:51,-101
BLE,1668472347949288468,45:A6:05:69:64:51,-101
BLE,1668472348782667687,45:A6:05:69:64:51,-101
BLE,1668472349642047891,45:A6:05:69:64:51,-104
BLE,1668472349930790658,45:A6:05:69:64:51,-102
BLE,1668472352792237675,45:A6:05:69:64:51,-100
BLE,1668472353079796704,45:A6:05:69:64:51,-103
BLE,1668472354210210813,45:A6:05:69:64:51,-100
BLE,1668472355644838532,45:A6:05:69:64:51,-99
BLE,1668472358232774335,45:A6:05:69:64:51,-102
BLE,1668472362535271755,45:A6:05:69:64:51,-100
BLE,1668472362823768774,45:A6:05:69:64:51,-104
BLE,1668472369145360918,45:A6:05:69:64:51,-101
BLE,1668472374548704207,45:A6:05:69:64:51,-100
BLE,1668472375987806338,45:A6:05:69:64:51,-102
BLE,1668472377137680916,45:A6:05:69:64:51,-100
BLE,1668472378555335974,45:A6:05:69:64:51,-102
BLE,1668472378843842577,45:A6:05:69:64:51,-102
BLE,1668472381137402337,45:A6:05:69:64:51,-104
BLE,1668472388025365211,45:A6:05:69:64:51,-101
BLE,1668472392887965008,45:A6:05:69:64:51,-101
BLE,1668472394891307642,45:A6:05:69:64:51,-100
BLE,1668472395180411905,45:A6:05:69:64:51,-100
BLE,1668472396327512386,45:A6:05:69:64:51,-99
BLE,1668472397475363401,45:A6:05:69:64:51,-104
BLE,1668472399184374700,45:A6:05:69:64:51,-102
BLE,1668472399475345402,45:A6:05:69:64:51,-100
BLE,1668472400896862546,45:A6:05:69:64:51,-101
BLE,1668472402312929371,45:A6:05:69:64:51,-102
BLE,1668472404585583844,45:A6:05:69:64:51,-102
BLE,1668472405731152049,45:A6:05:69:64:51,-102
BLE,1668472408298674977,45:A6:05:69:64:51,-104
BLE,1668472410299928215,45:A6:05:69:64:51,-97
BLE,1668472411158564260,45:A6:05:69:64:51,-104
BLE,1668472414598207386,45:A6:05:69:64:51,-101
BLE,1668472417746221359,45:A6:05:69:64:51,-98
BLE,1668472418602475261,45:A6:05:69:64:51,-100
BLE,1668472420604504658,45:A6:05:69:64:51,-103
BLE,1668472423460764020,45:A6:05:69:64:51,-104
BLE,1668472425466184924,45:A6:05:69:64:51,-100
BLE,1668472427178062318,45:A6:05:69:64:51,-101
BLE,1668472428616211042,45:A6:05:69:64:51,-100
BLE,1668472429764879549,45:A6:05:69:64:51,-101
BLE,1668472430053567400,45:A6:05:69:64:51,-102
BLE,1668472430911729658,45:A6:05:69:64:51,-102
BLE,1668472432060629329,45:A6:05:69:64:51,-99
BLE,1668472432915447704,45:A6:05:69:64:51,-102
BLE,1668472435207491105,45:A6:05:69:64:51,-102
BLE,1668472438358220633,45:A6:05:69:64:51,-103
BLE,1668472439503239594,45:A6:05:69:64:51,-102
BLE,1668472440070507357,45:A6:05:69:64:51,-100
BLE,1668472440360602985,45:A6:05:69:64:51,-100
BLE,1668472441213762210,45:A6:05:69:64:51,-102
BLE,1668472442071174767,45:A6:05:69:64:51,-100
BLE,1668472443783809571,45:A6:05:69:64:51,-102
BLE,1668472445780822477,45:A6:05:69:64:51,-100
BLE,1668472446638609572,45:A6:05:69:64:51,-99
BLE,1668472447203607025,45:A6:05:69:64:51,-102
BLE,1668472447493792777,45:A6:05:69:64:51,-100
BLE,1668472447783702073,45:A6:05:69:64:51,-98
BLE,1668472449516234299,45:A6:05:69:64:51,-102
BLE,1668472450375792668,45:A6:05:69:64:51,-100
BLE,1668472454674642333,45:A6:05:69:64:51,-101
BLE,1668472455821368068,45:A6:05:69:64:51,-100
BLE,1668472456109429134,45:A6:05:69:64:51,-101
BLE,1668472456677071185,45:A6:05:69:64:51,-106
BLE,1668472458679679200,45:A6:05:69:64:51,-101
BLE,1668472458967752307,45:A6:05:69:64:51,-103
BLE,1668472459822626849,45:A6:05:69:64:51,-100
BLE,1668472460677603014,45:A6:05:69:64:51,-103
BLE,1668472462682777546,45:A6:05:69:64:51,-100
BLE,1668472463829015536,45:A6:05:69:64:51,-104
BLE,1668472464979395483,45:A6:05:69:64:51,-106
BLE,1668472466415267189,45:A6:05:69:64:51,-102
BLE,1668472467274338896,45:A6:05:69:64:51,-100
BLE,1668472467565039101,45:A6:05:69:64:51,-100
BLE,1668472471593256441,45:A6:05:69:64:51,-102
BLE,1668472477329143759,45:A6:05:69:64:51,-102
BLE,1668472480773268965,45:A6:05:69:64:51,-102
BLE,1668472484777932336,45:A6:05:69:64:51,-101
BLE,1668472485629074415,45:A6:05:69:64:51,-100
BLE,1668472488219458027,45:A6:05:69:64:51,-101
BLE,1668472489073209038,45:A6:05:69:64:51,-101
BLE,1668472491077948324,45:A6:05:69:64:51,-99
BLE,1668472493077903367,45:A6:05:69:64:51,-99
BLE,1668472497647918103,45:A6:05:69:64:51,-104
BLE,1668472499381524901,45:A6:05:69:64:51,-100
BLE,1668472502239135332,45:A6:05:69:64:51,-102
BLE,1668472503382755849,45:A6:05:69:64:51,-104
BLE,1668472504532963465,45:A6:05:69:64:51,-104
BLE,1668472506536007352,45:A6:05:69:64:51,-102
BLE,1668472507280426810,49:9E:EE:1B:D2:91,-103
BLE,1668472507842004714,49:9E:EE:1B:D2:91,-101
BLE,1668472509843565949,49:9E:EE:1B:D2:91,-102
BLE,1668472510698491365,49:9E:EE:1B:D2:91,-102
BLE,1668472510988428453,49:9E:EE:1B:D2:91,-101
BLE,1668472512139052648,49:9E:EE:1B:D2:91,-101
BLE,1668472512992960699,49:9E:EE:1B:D2:91,-105
BLE,1668472513849586639,49:9E:EE:1B:D2:91,-101
BLE,1668472514993279488,49:9E:EE:1B:D2:91,-102
BLE,1668472517289286974,49:9E:EE:1B:D2:91,-102
BLE,1668472518147949435,49:9E:EE:1B:D2:91,-101
BLE,1668472519292103113,49:9E:EE:1B:D2:91,-102
BLE,1668472520730409794,49:9E:EE:1B:D2:91,-100
BLE,1668472522733810760,49:9E:EE:1B:D2:91,-101
BLE,1668472523880231165,49:9E:EE:1B:D2:91,-104
BLE,1668472526176158026,49:9E:EE:1B:D2:91,-100
BLE,1668472527617945714,49:9E:EE:1B:D2:91,-101
BLE,1668472527907940134,49:9E:EE:1B:D2:91,-101
BLE,1668472530475458770,49:9E:EE:1B:D2:91,-101
BLE,1668472532769945188,49:9E:EE:1B:D2:91,-102
BLE,1668472533917446832,49:9E:EE:1B:D2:91,-100
BLE,1668472535064004485,49:9E:EE:1B:D2:91,-103
BLE,1668472537943721024,49:9E:EE:1B:D2:91,-100
BLE,1668472538235232471,49:9E:EE:1B:D2:91,-99
BLE,1668472540511251452,49:9E:EE:1B:D2:91,-103
BLE,1668472541367110900,49:9E:EE:1B:D2:91,-102
BLE,1668472542221250740,49:9E:EE:1B:D2:91,-100
BLE,1668472542510267213,49:9E:EE:1B:D2:91,-101
BLE,1668472544222998765,49:9E:EE:1B:D2:91,-104
BLE,1668472544512514149,49:9E:EE:1B:D2:91,-101
BLE,1668472545932845847,49:9E:EE:1B:D2:91,-100
BLE,1668472547932501268,49:9E:EE:1B:D2:91,-99
BLE,1668472550521201605,49:9E:EE:1B:D2:91,-101
BLE,1668472550812775010,49:9E:EE:1B:D2:91,-102
BLE,1668472551670505938,49:9E:EE:1B:D2:91,-99
BLE,1668472552525318230,49:9E:EE:1B:D2:91,-102
BLE,1668472555384255065,49:9E:EE:1B:D2:91,-100
BLE,1668472556529265025,49:9E:EE:1B:D2:91,-103
BLE,1668472557676851835,49:9E:EE:1B:D2:91,-102
BLE,1668472558243061442,49:9E:EE:1B:D2:91,-104
BLE,1668472558532881656,49:9E:EE:1B:D2:91,-102
BLE,1668472559097885109,49:9E:EE:1B:D2:91,-101
BLE,1668472559951395497,49:9E:EE:1B:D2:91,-101
BLE,1668472561099325345,49:9E:EE:1B:D2:91,-101
BLE,1668472562243812561,49:9E:EE:1B:D2:91,-101
BLE,1668472565106372108,49:9E:EE:1B:D2:91,-100
BLE,1668472565397333352,49:9E:EE:1B:D2:91,-100
BLE,1668472566251749523,49:9E:EE:1B:D2:91,-103
BLE,1668472567396408446,49:9E:EE:1B:D2:91,-101
BLE,1668472568252497433,49:9E:EE:1B:D2:91,-101
BLE,1668472569692016310,49:9E:EE:1B:D2:91,-102
BLE,1668472571131087692,49:9E:EE:1B:D2:91,-102
BLE,1668472572278701126,49:9E:EE:1B:D2:91,-101
BLE,1668472576283754952,49:9E:EE:1B:D2:91,-101
BLE,1668472579726258508,49:9E:EE:1B:D2:91,-102
BLE,1668472581147490988,49:9E:EE:1B:D2:91,-100
BLE,1668472585735846788,49:9E:EE:1B:D2:91,-101
BLE,1668472586025658252,49:9E:EE:1B:D2:91,-101
BLE,1668472587174893836,49:9E:EE:1B:D2:91,-102
BLE,1668472588884871583,49:9E:EE:1B:D2:91,-101
BLE,1668472589739982122,49:9E:EE:1B:D2:91,-99
BLE,1668472591452738674,49:9E:EE:1B:D2:91,-104
BLE,1668472591741162403,49:9E:EE:1B:D2:91,-100
BLE,1668472592891994388,49:9E:EE:1B:D2:91,-101
BLE,1668472595480006440,49:9E:EE:1B:D2:91,-100
BLE,1668472596627160754,49:9E:EE:1B:D2:91,-106
BLE,1668472602385269345,49:9E:EE:1B:D2:91,-106
BLE,1668472604952785398,49:9E:EE:1B:D2:91,-101
BLE,1668472606100050836,49:9E:EE:1B:D2:91,-101
BLE,1668472606952403112,49:9E:EE:1B:D2:91,-102
BLE,1668472608099663674,49:9E:EE:1B:D2:91,-101
BLE,1668472609250593741,49:9E:EE:1B:D2:91,-100
BLE,1668472609540815327,49:9E:EE:1B:D2:91,-101
BLE,1668472610687503770,49:9E:EE:1B:D2:91,-100
BLE,1668472611542462977,49:9E:EE:1B:D2:91,-100
BLE,1668472612692659177,49:9E:EE:1B:D2:91,-101
BLE,1668472612983207384,49:9E:EE:1B:D2:91,-101
BLE,1668472614133276543,49:9E:EE:1B:D2:91,-100
BLE,1668472614988183459,49:9E:EE:1B:D2:91,-100
BLE,1668472618133462709,49:9E:EE:1B:D2:91,-99
BLE,1668472618992238878,49:9E:EE:1B:D2:91,-102
BLE,1668472621289795472,49:9E:EE:1B:D2:91,-99
BLE,1668472622141400255,49:9E:EE:1B:D2:91,-102
BLE,1668472623583460773,49:9E:EE:1B:D2:91,-100
BLE,1668472625878992013,49:9E:EE:1B:D2:91,-101
BLE,1668472626168845686,49:9E:EE:1B:D2:91,-101
BLE,1668472627025739415,49:9E:EE:1B:D2:91,-99
BLE,1668472628465974285,49:9E:EE:1B:D2:91,-100
BLE,1668472631324842036,49:9E:EE:1B:D2:91,-99
BLE,1668472632468611218,49:9E:EE:1B:D2:91,-100
BLE,1668472633324502165,49:9E:EE:1B:D2:91,-103
BLE,1668472635621531474,49:9E:EE:1B:D2:91,-100
BLE,1668472636764362082,49:9E:EE:1B:D2:91,-101
BLE,1668472638478974615,49:9E:EE:1B:D2:91,-99
BLE,1668472640187901081,49:9E:EE:1B:D2:91,-104
BLE,1668472642482912535,49:9E:EE:1B:D2:91,-103
BLE,1668472643628511073,49:9E:EE:1B:D2:91,-99
BLE,1668472644485876839,49:9E:EE:1B:D2:91,-103
BLE,1668472644775221016,49:9E:EE:1B:D2:91,-101
BLE,1668472647049706179,49:9E:EE:1B:D2:91,-101
BLE,1668472648487158036,49:9E:EE:1B:D2:91,-88
BLE,1668472650199594050,49:9E:EE:1B:D2:91,-101
BLE,1668472650764672126,49:9E:EE:1B:D2:91,-102
BLE,1668472651906968198,49:9E:EE:1B:D2:91,-101
BLE,1668472654184043418,49:9E:EE:1B:D2:91,-101
BLE,1668472657894200539,49:9E:EE:1B:D2:91,-100
BLE,1668472662193489825,49:9E:EE:1B:D2:91,-101
BLE,1668472663049585438,49:9E:EE:1B:D2:91,-100
BLE,1668472665073498403,49:9E:EE:1B:D2:91,-98
BLE,1668472666222279200,49:9E:EE:1B:D2:91,-103
BLE,1668472667369595638,49:9E:EE:1B:D2:91,-103
BLE,1668472667657012210,49:9E:EE:1B:D2:91,-103
BLE,1668472669684773928,49:9E:EE:1B:D2:91,-102
BLE,1668472672252408146,49:9E:EE:1B:D2:91,-100
BLE,1668472672539299557,49:9E:EE:1B:D2:91,-100
BLE,1668472673689644588,49:9E:EE:1B:D2:91,-102
BLE,1668472675693564424,49:9E:EE:1B:D2:91,-99
BLE,1668472678574260078,49:9E:EE:1B:D2:91,-103
BLE,1668472679721760930,49:9E:EE:1B:D2:91,-99
BLE,1668472680302377807,49:9E:EE:1B:D2:91,-99
BLE,1668472686921286880,49:9E:EE:1B:D2:91,-100
BLE,1668472687751515172,49:9E:EE:1B:D2:91,-102
BLE,1668472689754989596,49:9E:EE:1B:D2:91,-101
BLE,1668472690607427912,49:9E:EE:1B:D2:91,-101
BLE,1668472692049908093,49:9E:EE:1B:D2:91,-102
BLE,1668472693199970710,49:9E:EE:1B:D2:91,-99
BLE,1668472694346557113,49:9E:EE:1B:D2:91,-100
BLE,1668472694635252756,49:9E:EE:1B:D2:91,-100
BLE,1668472696349248003,49:9E:EE:1B:D2:91,-103
BLE,1668472696639821752,49:9E:EE:1B:D2:91,-97
BLE,1668472697785253208,49:9E:EE:1B:D2:91,-100
BLE,1668472698937887549,49:9E:EE:1B:D2:91,-102
BLE,1668472700085559983,49:9E:EE:1B:D2:91,-101
BLE,1668472702667616346,49:9E:EE:1B:D2:91,-101
BLE,1668472703527804708,49:9E:EE:1B:D2:91,-102
BLE,1668472704670151821,49:9E:EE:1B:D2:91,-99
BLE,1668472705525412567,49:9E:EE:1B:D2:91,-100
BLE,1668472709260551183,49:9E:EE:1B:D2:91,-99
BLE,1668472712121776869,49:9E:EE:1B:D2:91,-102
BLE,1668472715271420534,49:9E:EE:1B:D2:91,-102
BLE,1668472716122555071,49:9E:EE:1B:D2:91,-99
BLE,1668472724157310637,49:9E:EE:1B:D2:91,-101
BLE,1668472726158093047,49:9E:EE:1B:D2:91,-100
BLE,1668472727868126835,49:9E:EE:1B:D2:91,-102
BLE,1668472728727649162,49:9E:EE:1B:D2:91,-100
BLE,1668472731293136653,49:9E:EE:1B:D2:91,-103
BLE,1668472732436983584,49:9E:EE:1B:D2:91,-102
BLE,1668472733292751407,49:9E:EE:1B:D2:91,-101
BLE,1668472736735271547,49:9E:EE:1B:D2:91,-100
BLE,1668472738175814705,49:9E:EE:1B:D2:91,-99
BLE,1668472741033296971,49:9E:EE:1B:D2:91,-99
BLE,1668472741890587446,49:9E:EE:1B:D2:91,-102
BLE,1668472742740838534,49:9E:EE:1B:D2:91,-101
BLE,1668472743888161846,49:9E:EE:1B:D2:91,-101
BLE,1668472744454695283,49:9E:EE:1B:D2:91,-101
BLE,1668472745598333508,49:9E:EE:1B:D2:91,-104
BLE,1668472745889923204,49:9E:EE:1B:D2:91,-102
BLE,1668472746456196811,49:9E:EE:1B:D2:91,-102
BLE,1668472748169092570,49:9E:EE:1B:D2:91,-100
BLE,1668472748459354196,49:9E:EE:1B:D2:91,-100
BLE,1668472748749928527,49:9E:EE:1B:D2:91,-102
BLE,1668472750458920160,49:9E:EE:1B:D2:91,-101
BLE,1668472753612644032,49:9E:EE:1B:D2:91,-99
BLE,1668472755345091009,49:9E:EE:1B:D2:91,-102
BLE,1668472758198372317,49:9E:EE:1B:D2:91,-101
BLE,1668472759053341107,49:9E:EE:1B:D2:91,-98
BLE,1668472759911984944,49:9E:EE:1B:D2:91,-101
BLE,1668472762768534386,49:9E:EE:1B:D2:91,-101
BLE,1668472765353926256,49:9E:EE:1B:D2:91,-100
BLE,1668472766212106889,49:9E:EE:1B:D2:91,-101
BLE,1668472767066360478,49:9E:EE:1B:D2:91,-100
BLE,1668472767357020726,49:9E:EE:1B:D2:91,-100
BLE,1668472767648251759,49:9E:EE:1B:D2:91,-104
BLE,1668472768507111718,49:9E:EE:1B:D2:91,-102
BLE,1668472769945195318,49:9E:EE:1B:D2:91,-100
BLE,1668472770801332472,49:9E:EE:1B:D2:91,-102
BLE,1668472771658916652,49:9E:EE:1B:D2:91,-100
BLE,1668472772805715303,49:9E:EE:1B:D2:91,-104
BLE,1668472775681472799,49:9E:EE:1B:D2:91,-102
BLE,1668472777101482583,49:9E:EE:1B:D2:91,-100
BLE,1668472777954501393,49:9E:EE:1B:D2:91,-100
BLE,1668472779667229154,49:9E:EE:1B:D2:91,-101
BLE,1668472782251501703,49:9E:EE:1B:D2:91,-100
BLE,1668472783965263495,49:9E:EE:1B:D2:91,-101
BLE,1668472784817605854,49:9E:EE:1B:D2:91,-101
BLE,1668472785677349429,49:9E:EE:1B:D2:91,-105
BLE,1668472787676056984,49:9E:EE:1B:D2:91,-100
BLE,1668472788530882360,49:9E:EE:1B:D2:91,-103
BLE,1668472789095760855,49:9E:EE:1B:D2:91,-99
BLE,1668472790239837034,49:9E:EE:1B:D2:91,-101
BLE,1668472795099859733,49:9E:EE:1B:D2:91,-101
BLE,1668472797663437992,49:9E:EE:1B:D2:91,-101
BLE,1668472799963477312,49:9E:EE:1B:D2:91,-102
BLE,1668472800818467268,49:9E:EE:1B:D2:91,-100
BLE,1668472801107678156,49:9E:EE:1B:D2:91,-100
BLE,1668472802256920490,49:9E:EE:1B:D2:91,-101
BLE,1668472803402215239,49:9E:EE:1B:D2:91,-101
BLE,1668472804259563381,49:9E:EE:1B:D2:91,-100
BLE,1668472804550269919,49:9E:EE:1B:D2:91,-103
BLE,1668472805990548247,49:9E:EE:1B:D2:91,-101
BLE,1668472807429272840,49:9E:EE:1B:D2:91,-104
BLE,1668472807992249147,49:9E:EE:1B:D2:91,-100
BLE,1668472810854810944,49:9E:EE:1B:D2:91,-102
BLE,1668472811143303339,49:9E:EE:1B:D2:91,-104
BLE,1668472811999758239,49:9E:EE:1B:D2:91,-101
BLE,1668472814859264942,49:9E:EE:1B:D2:91,-100
BLE,1668472821761282131,49:9E:EE:1B:D2:91,-102
BLE,1668472822890457753,49:9E:EE:1B:D2:91,-101
BLE,1668472823179764097,49:9E:EE:1B:D2:91,-100
BLE,1668472824621913156,49:9E:EE:1B:D2:91,-101
BLE,1668472830065704033,49:9E:EE:1B:D2:91,-100
BLE,1668472831507255598,49:9E:EE:1B:D2:91,-101
BLE,1668472835781076519,49:9E:EE:1B:D2:91,-101
BLE,1668472838638575118,49:9E:EE:1B:D2:91,-101
BLE,1668472840931918463,49:9E:EE:1B:D2:91,-105
BLE,1668472845526889487,49:9E:EE:1B:D2:91,-100
BLE,1668472848970799071,49:9E:EE:1B:D2:91,-99
BLE,1668472850678803713,49:9E:EE:1B:D2:91,-101
BLE,1668472852389830449,49:9E:EE:1B:D2:91,-102
BLE,1668472853827047058,49:9E:EE:1B:D2:91,-102
BLE,1668472854974535744,49:9E:EE:1B:D2:91,-103
BLE,1668472856980045063,49:9E:EE:1B:D2:91,-102
BLE,1668472858125006816,49:9E:EE:1B:D2:91,-102
BLE,1668472858416907051,49:9E:EE:1B:D2:91,-104
BLE,1668472859563816034,49:9E:EE:1B:D2:91,-101
BLE,1668472860420031062,49:9E:EE:1B:D2:91,-99
BLE,1668472861272976039,49:9E:EE:1B:D2:91,-101
BLE,1668472863280848002,49:9E:EE:1B:D2:91,-100
BLE,1668472864423894899,49:9E:EE:1B:D2:91,-103
BLE,1668472868721424245,49:9E:EE:1B:D2:91,-102
BLE,1668472870138755681,49:9E:EE:1B:D2:91,-102
BLE,1668472873855039240,49:9E:EE:1B:D2:91,-102
BLE,1668472875855214031,49:9E:EE:1B:D2:91,-100
BLE,1668472877858167877,49:9E:EE:1B:D2:91,-100
BLE,1668472879006277306,49:9E:EE:1B:D2:91,-102
BLE,1668472879863223993,49:9E:EE:1B:D2:91,-100
BLE,1668472880153078623,49:9E:EE:1B:D2:91,-100
BLE,1668472882448983151,49:9E:EE:1B:D2:91,-100
BLE,1668472884741427882,49:9E:EE:1B:D2:91,-102
BLE,1668472887890734008,49:9E:EE:1B:D2:91,-102
BLE,1668472888747613570,49:9E:EE:1B:D2:91,-101
BLE,1668472889893086443,49:9E:EE:1B:D2:91,-101
BLE,1668472891895043174,49:9E:EE:1B:D2:91,-101
BLE,1668472893900237372,49:9E:EE:1B:D2:91,-99
BLE,1668472894191274199,49:9E:EE:1B:D2:91,-105
BLE,1668472895045077751,49:9E:EE:1B:D2:91,-100
BLE,1668472895612707302,49:9E:EE:1B:D2:91,-101
BLE,1668472895901293112,49:9E:EE:1B:D2:91,-102
BLE,1668472896193050348,49:9E:EE:1B:D2:91,-103
BLE,1668472899909452530,49:9E:EE:1B:D2:91,-99
BLE,1668472901643293368,49:9E:EE:1B:D2:91,-100
BLE,1668472904496551801,49:9E:EE:1B:D2:91,-100
BLE,1668472904787634961,49:9E:EE:1B:D2:91,-102
BLE,1668472905643938946,49:9E:EE:1B:D2:91,-99
BLE,1668472905935083522,49:9E:EE:1B:D2:91,-103
BLE,1668472908230370431,49:9E:EE:1B:D2:91,-101
BLE,1668472911383509352,49:9E:EE:1B:D2:91,-101
BLE,1668472912531280743,49:9E:EE:1B:D2:91,-100
BLE,1668472913677697689,49:9E:EE:1B:D2:91,-102
BLE,1668472914533845842,49:9E:EE:1B:D2:91,-101
BLE,1668472919687254553,49:9E:EE:1B:D2:91,-104
BLE,1668472924839961520,49:9E:EE:1B:D2:91,-102
BLE,1668472925986373300,49:9E:EE:1B:D2:91,-102
BLE,1668472926838873574,49:9E:EE:1B:D2:91,-101
BLE,1668472927967251954,49:9E:EE:1B:D2:91,-101
BLE,1668472928258384655,49:9E:EE:1B:D2:91,-101
BLE,1668472930263059525,49:9E:EE:1B:D2:91,-102
BLE,1668472931410139797,49:9E:EE:1B:D2:91,-101
BLE,1668472932263838976,49:9E:EE:1B:D2:91,-99
BLE,1668472933412634273,49:9E:EE:1B:D2:91,-100
BLE,1668472938002671264,49:9E:EE:1B:D2:91,-99
BLE,1668472938857925176,49:9E:EE:1B:D2:91,-102
BLE,1668472939708522553,49:9E:EE:1B:D2:91,-101
BLE,1668472940274831742,49:9E:EE:1B:D2:91,-100
BLE,1668472942276524143,49:9E:EE:1B:D2:91,-102
BLE,1668472944570287943,49:9E:EE:1B:D2:91,-104
BLE,1668472945426530387,49:9E:EE:1B:D2:91,-100
BLE,1668472946573862365,49:9E:EE:1B:D2:91,-101
BLE,1668472948014047652,49:9E:EE:1B:D2:91,-99
BLE,1668472948867206420,49:9E:EE:1B:D2:91,-101
BLE,1668472949725705091,49:9E:EE:1B:D2:91,-102
BLE,1668472950014677939,49:9E:EE:1B:D2:91,-102
BLE,1668472956025291458,49:9E:EE:1B:D2:91,-101
BLE,1668472958002954436,49:9E:EE:1B:D2:91,-100
BLE,1668472959151780650,49:9E:EE:1B:D2:91,-100
BLE,1668472959443493053,49:9E:EE:1B:D2:91,-103
BLE,1668472959734049010,49:9E:EE:1B:D2:91,-101
BLE,1668472960593667670,49:9E:EE:1B:D2:91,-102
BLE,1668472961445424326,49:9E:EE:1B:D2:91,-100
BLE,1668472962302305930,49:9E:EE:1B:D2:91,-102
BLE,1668472963156803934,49:9E:EE:1B:D2:91,-100
BLE,1668472965161689760,49:9E:EE:1B:D2:91,-101
BLE,1668472965448671545,49:9E:EE:1B:D2:91,-100
BLE,1668472966014802569,49:9E:EE:1B:D2:91,-103
BLE,1668472966871535633,49:9E:EE:1B:D2:91,-103
BLE,1668472968580036895,49:9E:EE:1B:D2:91,-99
BLE,1668472968868590289,49:9E:EE:1B:D2:91,-100
BLE,1668472969724971607,49:9E:EE:1B:D2:91,-101
BLE,1668472971433661200,49:9E:EE:1B:D2:91,-102
BLE,1668472973436868793,49:9E:EE:1B:D2:91,-102
BLE,1668472975734919091,49:9E:EE:1B:D2:91,-102
BLE,1668472978908140474,49:9E:EE:1B:D2:91,-101
BLE,1668472979197951522,49:9E:EE:1B:D2:91,-106
BLE,1668472980051658533,49:9E:EE:1B:D2:91,-100
BLE,1668472984079425252,49:9E:EE:1B:D2:91,-98
BLE,1668472985789443915,49:9E:EE:1B:D2:91,-102
BLE,1668472986937283222,49:9E:EE:1B:D2:91,-105
BLE,1668472987505005647,49:9E:EE:1B:D2:91,-103
BLE,1668472987793481333,49:9E:EE:1B:D2:91,-100
BLE,1668472990945706596,49:9E:EE:1B:D2:91,-100
BLE,1668472994363144491,49:9E:EE:1B:D2:91,-100
BLE,1668472995509896726,49:9E:EE:1B:D2:91,-97
BLE,1668472996369146764,49:9E:EE:1B:D2:91,-100
BLE,1668472999226817195,49:9E:EE:1B:D2:91,-101
BLE,1668473000080545623,49:9E:EE:1B:D2:91,-100
BLE,1668473000370536918,49:9E:EE:1B:D2:91,-102
BLE,1668473001519965626,49:9E:EE:1B:D2:91,-102
BLE,1668473005815710948,49:9E:EE:1B:D2:91,-104
BLE,1668473007529224284,49:9E:EE:1B:D2:91,-100
BLE,1668473008382507717,49:9E:EE:1B:D2:91,-104
BLE,1668473012388219660,49:9E:EE:1B:D2:91,-104
BLE,1668473013537449870,49:9E:EE:1B:D2:91,-101
BLE,1668473016102007869,49:9E:EE:1B:D2:91,-100
BLE,1668473018105159880,49:9E:EE:1B:D2:91,-100
BLE,1668473020394616932,49:9E:EE:1B:D2:91,-100
BLE,1668473022960838873,49:9E:EE:1B:D2:91,-100
BLE,1668473026406514771,49:9E:EE:1B:D2:91,-103
BLE,1668473028990719029,49:9E:EE:1B:D2:91,-103
BLE,1668473029282545682,49:9E:EE:1B:D2:91,-102
BLE,1668473030995259692,49:9E:EE:1B:D2:91,-97
BLE,1668473031850099901,49:9E:EE:1B:D2:91,-102
BLE,1668473032702759215,49:9E:EE:1B:D2:91,-101
BLE,1668473034706613635,49:9E:EE:1B:D2:91,-99
BLE,1668473036711991164,49:9E:EE:1B:D2:91,-100
BLE,1668473037000766764,49:9E:EE:1B:D2:91,-107
BLE,1668473040131946450,49:9E:EE:1B:D2:91,-103
BLE,1668473041279340594,49:9E:EE:1B:D2:91,-100
BLE,1668473044408254095,49:9E:EE:1B:D2:91,-100
BLE,1668473045554329836,49:9E:EE:1B:D2:91,-99
BLE,1668473047555744615,49:9E:EE:1B:D2:91,-101
BLE,1668473047845524079,49:9E:EE:1B:D2:91,-103
BLE,1668473049850776693,49:9E:EE:1B:D2:91,-101
BLE,1668473051000227400,49:9E:EE:1B:D2:91,-103
BLE,1668473051288052052,49:9E:EE:1B:D2:91,-100
BLE,1668473052148174540,49:9E:EE:1B:D2:91,-98
BLE,1668473052437693174,49:9E:EE:1B:D2:91,-103
BLE,1668473053584153036,49:9E:EE:1B:D2:91,-101
BLE,1668473055294078992,49:9E:EE:1B:D2:91,-102
BLE,1668473059591635129,49:9E:EE:1B:D2:91,-110
BLE,1668473063038338476,49:9E:EE:1B:D2:91,-102
BLE,1668473063326419708,49:9E:EE:1B:D2:91,-104
BLE,1668473065917830059,49:9E:EE:1B:D2:91,-102
BLE,1668473068210418204,49:9E:EE:1B:D2:91,-99
BLE,1668473070214736911,49:9E:EE:1B:D2:91,-100
BLE,1668473070796692524,49:9E:EE:1B:D2:91,-102
BLE,1668473073656030563,49:9E:EE:1B:D2:91,-102
BLE,1668473075364738406,49:9E:EE:1B:D2:91,-102
BLE,1668473081373025199,49:9E:EE:1B:D2:91,-101
BLE,1668473082518047118,49:9E:EE:1B:D2:91,-101
BLE,1668473084232995981,49:9E:EE:1B:D2:91,-103
BLE,1668473085082954906,49:9E:EE:1B:D2:91,-105
BLE,1668473085941642158,49:9E:EE:1B:D2:91,-102
BLE,1668473087652906517,49:9E:EE:1B:D2:91,-101
BLE,1668473087942682732,49:9E:EE:1B:D2:91,-102
BLE,1668473091680496113,49:9E:EE:1B:D2:91,-101
BLE,1668473097417429462,49:9E:EE:1B:D2:91,-102
BLE,1668473098564190738,49:9E:EE:1B:D2:91,-100
BLE,1668473100005920343,49:9E:EE:1B:D2:91,-101
BLE,1668473102299804975,49:9E:EE:1B:D2:91,-101
BLE,1668473103449246974,49:9E:EE:1B:D2:91,-102
BLE,1668473110061299783,49:9E:EE:1B:D2:91,-101
BLE,1668473110330263335,49:9E:EE:1B:D2:91,-103
BLE,1668473111768675557,49:9E:EE:1B:D2:91,-100
BLE,1668473112333489011,49:9E:EE:1B:D2:91,-101
BLE,1668473113771187199,49:9E:EE:1B:D2:91,-102
BLE,1668473116925470607,49:9E:EE:1B:D2:91,-101
BLE,1668473121219267116,49:9E:EE:1B:D2:91,-100
BLE,1668473122637704833,49:9E:EE:1B:D2:91,-100
BLE,1668473123785411725,49:9E:EE:1B:D2:91,-104
BLE,1668473124933692569,49:9E:EE:1B:D2:91,-104
BLE,1668473125224070486,49:9E:EE:1B:D2:91,-101
BLE,1668473127229992218,49:9E:EE:1B:D2:91,-102
BLE,1668473129232624234,49:9E:EE:1B:D2:91,-101
BLE,1668473131530077163,49:9E:EE:1B:D2:91,-100
BLE,1668473132382542770,49:9E:EE:1B:D2:91,-103
BLE,1668473133818835763,49:9E:EE:1B:D2:91,-101
BLE,1668473134387444138,49:9E:EE:1B:D2:91,-102
BLE,1668473135242430845,49:9E:EE:1B:D2:91,-100
BLE,1668473137535104656,49:9E:EE:1B:D2:91,-100
BLE,1668473138683691038,49:9E:EE:1B:D2:91,-100
BLE,1668473145005303390,49:9E:EE:1B:D2:91,-103
BLE,1668473145836864002,49:9E:EE:1B:D2:91,-102
BLE,1668473147840001971,49:9E:EE:1B:D2:91,-101
BLE,1668473149281803741,49:9E:EE:1B:D2:91,-102
BLE,1668473151283757556,49:9E:EE:1B:D2:91,-103
BLE,1668473152140048291,49:9E:EE:1B:D2:91,-100
BLE,1668473152431826360,49:9E:EE:1B:D2:91,-101
BLE,1668473153281866034,49:9E:EE:1B:D2:91,-98
BLE,1668473154429598842,49:9E:EE:1B:D2:91,-102
BLE,1668473156704669582,49:9E:EE:1B:D2:91,-101
BLE,1668473157853608253,49:9E:EE:1B:D2:91,-101
BLE,1668473158143486133,49:9E:EE:1B:D2:91,-99
BLE,1668473159290876403,49:9E:EE:1B:D2:91,-100
BLE,1668473160735018067,49:9E:EE:1B:D2:91,-99
BLE,1668473165590006567,49:9E:EE:1B:D2:91,-104
BLE,1668473166739486649,49:9E:EE:1B:D2:91,-104
BLE,1668473167029767566,49:9E:EE:1B:D2:91,-98
BLE,1668473167888767941,49:9E:EE:1B:D2:91,-101
BLE,1668473168744398058,49:9E:EE:1B:D2:91,-100
BLE,1668473169598205443,49:9E:EE:1B:D2:91,-101
BLE,1668473174455803375,49:9E:EE:1B:D2:91,-99
BLE,1668473175021845901,49:9E:EE:1B:D2:91,-103
BLE,1668473175311938321,49:9E:EE:1B:D2:91,-102
BLE,1668473176461414152,49:9E:EE:1B:D2:91,-102
BLE,1668473179610887527,49:9E:EE:1B:D2:91,-98
BLE,1668473179900688575,49:9E:EE:1B:D2:91,-102
BLE,1668473180463717131,49:9E:EE:1B:D2:91,-101
BLE,1668473181317615099,49:9E:EE:1B:D2:91,-101
BLE,1668473182758254173,49:9E:EE:1B:D2:91,-103
BLE,1668473183322681048,49:9E:EE:1B:D2:91,-102
BLE,1668473184180095772,49:9E:EE:1B:D2:91,-99
BLE,1668473184466966808,49:9E:EE:1B:D2:91,-99
BLE,1668473185616479389,49:9E:EE:1B:D2:91,-103
BLE,1668473187329541855,49:9E:EE:1B:D2:91,-100
BLE,1668473188473505243,49:9E:EE:1B:D2:91,-104
BLE,1668473189332604991,49:9E:EE:1B:D2:91,-101
BLE,1668473191329782271,49:9E:EE:1B:D2:91,-103
BLE,1668473192480379758,49:9E:EE:1B:D2:91,-107
BLE,1668473193630056129,49:9E:EE:1B:D2:91,-102
BLE,1668473194210826755,49:9E:EE:1B:D2:91,-101
BLE,1668473194778563096,49:9E:EE:1B:D2:91,-104
BLE,1668473195357153660,49:9E:EE:1B:D2:91,-102
BLE,1668473197946047287,49:9E:EE:1B:D2:91,-99
BLE,1668473201387812434,49:9E:EE:1B:D2:91,-102
BLE,1668473203684620119,49:9E:EE:1B:D2:91,-103
BLE,1668473207400974427,49:9E:EE:1B:D2:91,-103
BLE,1668473211108534617,49:9E:EE:1B:D2:91,-101
BLE,1668473212840956218,49:9E:EE:1B:D2:91,-100
BLE,1668473214284006976,49:9E:EE:1B:D2:91,-101
BLE,1668473215433513808,49:9E:EE:1B:D2:91,-100
BLE,1668473216014451765,49:9E:EE:1B:D2:91,-99
BLE,1668473221188717179,49:9E:EE:1B:D2:91,-102
BLE,1668473224905985686,49:9E:EE:1B:D2:91,-100
BLE,1668473226343448626,49:9E:EE:1B:D2:91,-101
BLE,1668473228053289749,49:9E:EE:1B:D2:91,-102
BLE,1668473232350990843,49:9E:EE:1B:D2:91,-103
BLE,1668473233203491242,49:9E:EE:1B:D2:91,-100
BLE,1668473235501003796,49:9E:EE:1B:D2:91,-100
BLE,1668473235790265724,49:9E:EE:1B:D2:91,-101
BLE,1668473236647083412,49:9E:EE:1B:D2:91,-103
BLE,1668473238358527227,49:9E:EE:1B:D2:91,-100
BLE,1668473239212081907,49:9E:EE:1B:D2:91,-102
BLE,1668473240066017708,49:9E:EE:1B:D2:91,-101
BLE,1668473246661299147,49:9E:EE:1B:D2:91,-101
BLE,1668473248351722593,49:9E:EE:1B:D2:91,-102
BLE,1668473250645501726,49:9E:EE:1B:D2:91,-98
BLE,1668473252080547149,49:9E:EE:1B:D2:91,-101
BLE,1668473257235478635,49:9E:EE:1B:D2:91,-102
BLE,1668473260950478873,49:9E:EE:1B:D2:91,-100
BLE,1668473261804808295,49:9E:EE:1B:D2:91,-103
BLE,1668473262657523609,49:9E:EE:1B:D2:91,-100
BLE,1668473263804042471,49:9E:EE:1B:D2:91,-105
BLE,1668473264956850102,49:9E:EE:1B:D2:91,-101
BLE,1668473265246283362,49:9E:EE:1B:D2:91,-103
BLE,1668473265536365740,49:9E:EE:1B:D2:91,-100
BLE,1668473266391469362,49:9E:EE:1B:D2:91,-98
BLE,1668473267538842632,49:9E:EE:1B:D2:91,-100
BLE,1668473270109237322,49:9E:EE:1B:D2:91,-100
BLE,1668473270396198774,49:9E:EE:1B:D2:91,-102
BLE,1668473272673002247,49:9E:EE:1B:D2:91,-105
BLE,1668473275261761417,49:9E:EE:1B:D2:91,-101
BLE,1668473278408905815,49:9E:EE:1B:D2:91,-103
BLE,1668473281267672276,49:9E:EE:1B:D2:91,-102
BLE,1668473283270167043,49:9E:EE:1B:D2:91,-101
BLE,1668473283559992924,49:9E:EE:1B:D2:91,-101
BLE,1668473286129303250,49:9E:EE:1B:D2:91,-100
BLE,1668473286980509495,49:9E:EE:1B:D2:91,-99
BLE,1668473288421654106,49:9E:EE:1B:D2:91,-102
BLE,1668473290421803939,49:9E:EE:1B:D2:91,-105
BLE,1668473290989134409,49:9E:EE:1B:D2:91,-103
BLE,1668473291278055299,49:9E:EE:1B:D2:91,-101
BLE,1668473293866429140,49:9E:EE:1B:D2:91,-100
BLE,1668473294718741332,49:9E:EE:1B:D2:91,-102
BLE,1668473297580177016,49:9E:EE:1B:D2:91,-100
BLE,1668473299580223433,49:9E:EE:1B:D2:91,-102
BLE,1668473303879548344,49:9E:EE:1B:D2:91,-104
BLE,1668473305030218622,49:9E:EE:1B:D2:91,-104
BLE,1668473305319485758,49:9E:EE:1B:D2:91,-104
BLE,1668473306467570729,49:9E:EE:1B:D2:91,-103
BLE,1668473307322781392,49:9E:EE:1B:D2:91,-100
BLE,1668473317649278696,49:9E:EE:1B:D2:91,-103
BLE,1668473321339633477,49:9E:EE:1B:D2:91,-101
BLE,1668473323636522037,49:9E:EE:1B:D2:91,-101
BLE,1668473326219703013,49:9E:EE:1B:D2:91,-103
BLE,1668473327079321714,49:9E:EE:1B:D2:91,-103
BLE,1668473330517202068,49:9E:EE:1B:D2:91,-98
BLE,1668473331376223317,49:9E:EE:1B:D2:91,-103
BLE,1668473331666212363,49:9E:EE:1B:D2:91,-102
BLE,1668473332231409521,49:9E:EE:1B:D2:91,-101
BLE,1668473333942844004,49:9E:EE:1B:D2:91,-101
BLE,1668473334231440022,49:9E:EE:1B:D2:91,-103
BLE,1668473334794547786,49:9E:EE:1B:D2:91,-100
BLE,1668473339383442788,49:9E:EE:1B:D2:91,-102
BLE,1668473343117101962,49:9E:EE:1B:D2:91,-98
BLE,1668473343682542326,49:9E:EE:1B:D2:91,-103
BLE,1668473345393897518,49:9E:EE:1B:D2:91,-99
BLE,1668473345683273236,49:9E:EE:1B:D2:91,-99
BLE,1668473346542026405,49:9E:EE:1B:D2:91,-100
BLE,1668473348835965745,49:9E:EE:1B:D2:91,-101
BLE,1668473350272789066,49:9E:EE:1B:D2:91,-102
BLE,1668473351128833221,49:9E:EE:1B:D2:91,-99
BLE,1668473354553572249,49:9E:EE:1B:D2:91,-100
BLE,1668473358012394847,49:9E:EE:1B:D2:91,-100
BLE,1668473359165398018,49:9E:EE:1B:D2:91,-100
BLE,1668473359455350064,49:9E:EE:1B:D2:91,-103
BLE,1668473360894686652,49:9E:EE:1B:D2:91,-103
BLE,1668473365466246206,49:9E:EE:1B:D2:91,-101
BLE,1668473365752109002,49:9E:EE:1B:D2:91,-98
BLE,1668473370612998651,49:9E:EE:1B:D2:91,-102
BLE,1668473372615998829,49:9E:EE:1B:D2:91,-100
BLE,1668473374329715247,49:9E:EE:1B:D2:91,-101
BLE,1668473376330526698,49:9E:EE:1B:D2:91,-101
BLE,1668473377772241094,49:9E:EE:1B:D2:91,-100
BLE,1668473382926073342,49:9E:EE:1B:D2:91,-103
BLE,1668473383217006586,49:9E:EE:1B:D2:91,-100
BLE,1668473384363472574,49:9E:EE:1B:D2:91,-99
BLE,1668473385218264741,49:9E:EE:1B:D2:91,-100
BLE,1668473386366884123,49:9E:EE:1B:D2:91,-101
BLE,1668473388659752099,49:9E:EE:1B:D2:91,-99
BLE,1668473389809189390,49:9E:EE:1B:D2:91,-102
BLE,1668473390098236612,49:9E:EE:1B:D2:91,-102
BLE,1668473391248574851,49:9E:EE:1B:D2:91,-102
BLE,1668473391537927154,49:9E:EE:1B:D2:91,-102
BLE,1668473393816075738,49:9E:EE:1B:D2:91,-100
BLE,1668473395521027578,49:9E:EE:1B:D2:91,-101
BLE,1668473396085813532,49:9E:EE:1B:D2:91,-101
BLE,1668473398380691696,49:9E:EE:1B:D2:91,-100
BLE,1668473402092149179,49:9E:EE:1B:D2:91,-101
BLE,1668473402950196521,49:9E:EE:1B:D2:91,-106
BLE,1668473403239015537,49:9E:EE:1B:D2:91,-101
BLE,1668473404098586072,49:9E:EE:1B:D2:91,-103
BLE,1668473404385867729,49:9E:EE:1B:D2:91,-101
BLE,1668473404952094961,49:9E:EE:1B:D2:91,-102
BLE,1668473406097168088,49:9E:EE:1B:D2:91,-100
BLE,1668473408709867680,7D:D0:21:81:DD:48,-103
BLE,1668473413860031924,7D:D0:21:81:DD:48,-104
BLE,1668473415301990984,7D:D0:21:81:DD:48,-102
BLE,1668473415591853240,7D:D0:21:81:DD:48,-100
BLE,1668473416159403292,7D:D0:21:81:DD:48,-100
BLE,1668473417593259351,7D:D0:21:81:DD:48,-104
BLE,1668473418743616133,7D:D0:21:81:DD:48,-99
BLE,1668473419601148980,7D:D0:21:81:DD:48,-101
BLE,1668473420747476594,7D:D0:21:81:DD:48,-103
BLE,1668473422183796962,7D:D0:21:81:DD:48,-99
BLE,1668473423038163551,7D:D0:21:81:DD:48,-100
BLE,1668473423897991166,7D:D0:21:81:DD:48,-102
BLE,1668473424752020508,7D:D0:21:81:DD:48,-102
BLE,1668473425316866796,7D:D0:21:81:DD:48,-100
BLE,1668473426170018563,7D:D0:21:81:DD:48,-101
BLE,1668473427022576961,7D:D0:21:81:DD:48,-102
BLE,1668473427313609455,7D:D0:21:81:DD:48,-101
BLE,1668473432468900479,7D:D0:21:81:DD:48,-106
BLE,1668473433908901893,7D:D0:21:81:DD:48,-103
BLE,1668473438478800297,7D:D0:21:81:DD:48,-100
BLE,1668473441331953190,7D:D0:21:81:DD:48,-103
BLE,1668473442186823899,7D:D0:21:81:DD:48,-99
BLE,1668473445901914553,7D:D0:21:81:DD:48,-98
BLE,1668473446756844093,7D:D0:21:81:DD:48,-101
BLE,1668473450198994736,7D:D0:21:81:DD:48,-102
BLE,1668473452766307666,7D:D0:21:81:DD:48,-100
BLE,1668473453913829976,7D:D0:21:81:DD:48,-103
BLE,1668473454201239132,7D:D0:21:81:DD:48,-99
BLE,1668473455060489254,7D:D0:21:81:DD:48,-103
BLE,1668473455917002778,7D:D0:21:81:DD:48,-103
BLE,1668473457355628373,7D:D0:21:81:DD:48,-102
BLE,1668473458498933643,7D:D0:21:81:DD:48,-103
BLE,1668473460775739949,7D:D0:21:81:DD:48,-102
BLE,1668473461063769223,7D:D0:21:81:DD:48,-104
BLE,1668473463071410104,7D:D0:21:81:DD:48,-99
BLE,1668473464214327628,7D:D0:21:81:DD:48,-102
BLE,1668473467662083214,7D:D0:21:81:DD:48,-102
BLE,1668473468806371515,7D:D0:21:81:DD:48,-102
BLE,1668473469098217792,7D:D0:21:81:DD:48,-100
BLE,1668473469954474028,7D:D0:21:81:DD:48,-103
BLE,1668473471392734001,7D:D0:21:81:DD:48,-102
BLE,1668473473393934365,7D:D0:21:81:DD:48,-100
BLE,1668473474252846823,7D:D0:21:81:DD:48,-99
BLE,1668473474541360342,7D:D0:21:81:DD:48,-100
BLE,1668473476251602170,7D:D0:21:81:DD:48,-100
BLE,1668473477108996602,7D:D0:21:81:DD:48,-102
BLE,1668473478255340508,7D:D0:21:81:DD:48,-100
BLE,1668473479405811788,7D:D0:21:81:DD:48,-105
BLE,1668473480554678334,7D:D0:21:81:DD:48,-101
BLE,1668473482847707517,7D:D0:21:81:DD:48,-100
BLE,1668473486289744744,7D:D0:21:81:DD:48,-99
BLE,1668473487731493432,7D:D0:21:81:DD:48,-104
BLE,1668473489440158317,7D:D0:21:81:DD:48,-99
BLE,1668473493443585534,7D:D0:21:81:DD:48,-103
BLE,1668473495153594781,7D:D0:21:81:DD:48,-101
BLE,1668473496012178993,7D:D0:21:81:DD:48,-102
BLE,1668473496302166497,7D:D0:21:81:DD:48,-102
BLE,1668473499450226636,7D:D0:21:81:DD:48,-102
BLE,1668473500307201239,7D:D0:21:81:DD:48,-99
BLE,1668473502311493488,7D:D0:21:81:DD:48,-100
BLE,1668473504310249793,7D:D0:21:81:DD:48,-99
BLE,1668473505170209366,7D:D0:21:81:DD:48,-102
BLE,1668473505457628480,7D:D0:21:81:DD:48,-101
BLE,1668473506609498829,7D:D0:21:81:DD:48,-101
BLE,1668473508612243885,7D:D0:21:81:DD:48,-101
BLE,1668473511491201307,7D:D0:21:81:DD:48,-102
BLE,1668473512927776172,7D:D0:21:81:DD:48,-100
BLE,1668473515494874271,7D:D0:21:81:DD:48,-102
BLE,1668473516352257120,7D:D0:21:81:DD:48,-101
BLE,1668473520939008811,7D:D0:21:81:DD:48,-103
BLE,1668473522944256134,7D:D0:21:81:DD:48,-103
BLE,1668473524089275511,7D:D0:21:81:DD:48,-103
BLE,1668473525236751572,7D:D0:21:81:DD:48,-102
BLE,1668473526094140337,7D:D0:21:81:DD:48,-103
BLE,1668473526658369215,7D:D0:21:81:DD:48,-102
BLE,1668473528094284753,7D:D0:21:81:DD:48,-101
BLE,1668473528385322289,7D:D0:21:81:DD:48,-98
BLE,1668473530392487717,7D:D0:21:81:DD:48,-101
BLE,1668473531541103849,7D:D0:21:81:DD:48,-101
BLE,1668473533268004840,7D:D0:21:81:DD:48,-103
BLE,1668473535566267261,7D:D0:21:81:DD:48,-101
BLE,1668473536421277759,7D:D0:21:81:DD:48,-102
BLE,1668473541257987737,7D:D0:21:81:DD:48,-103
BLE,1668473547263652016,7D:D0:21:81:DD:48,-105
BLE,1668473548411186909,7D:D0:21:81:DD:48,-101
BLE,1668473549267223605,7D:D0:21:81:DD:48,-100
BLE,1668473552983741245,7D:D0:21:81:DD:48,-101
BLE,1668473553833509755,7D:D0:21:81:DD:48,-101
BLE,1668473554981182772,7D:D0:21:81:DD:48,-100
BLE,1668473556987316085,7D:D0:21:81:DD:48,-101
BLE,1668473557838106126,7D:D0:21:81:DD:48,-100
BLE,1668473558697187458,7D:D0:21:81:DD:48,-101
BLE,1668473561573680488,7D:D0:21:81:DD:48,-102
BLE,1668473562432934402,7D:D0:21:81:DD:48,-102
BLE,1668473565291233659,7D:D0:21:81:DD:48,-102
BLE,1668473566146229366,7D:D0:21:81:DD:48,-102
BLE,1668473569858118636,7D:D0:21:81:DD:48,-99
BLE,1668473570713119134,7D:D0:21:81:DD:48,-102
BLE,1668473571003594675,7D:D0:21:81:DD:48,-102
BLE,1668473571567250225,7D:D0:21:81:DD:48,-101
BLE,1668473572423898165,7D:D0:21:81:DD:48,-100
BLE,1668473574715766651,7D:D0:21:81:DD:48,-104
BLE,1668473576716977306,7D:D0:21:81:DD:48,-101
BLE,1668473577867513794,7D:D0:21:81:DD:48,-102
BLE,1668473578721130473,7D:D0:21:81:DD:48,-99
BLE,1668473580724595688,7D:D0:21:81:DD:48,-100
BLE,1668473585310819052,7D:D0:21:81:DD:48,-102
BLE,1668473587021448792,7D:D0:21:81:DD:48,-100
BLE,1668473587879978171,7D:D0:21:81:DD:48,-99
BLE,1668473588737103939,7D:D0:21:81:DD:48,-103
BLE,1668473589590632286,7D:D0:21:81:DD:48,-100
BLE,1668473591887133142,7D:D0:21:81:DD:48,-101
BLE,1668473592175468371,7D:D0:21:81:DD:48,-102
BLE,1668473593886929395,7D:D0:21:81:DD:48,-101
BLE,1668473595032803930,7D:D0:21:81:DD:48,-98
BLE,1668473596743143507,7D:D0:21:81:DD:48,-102
BLE,1668473603045276973,7D:D0:21:81:DD:48,-103
BLE,1668473605317972487,7D:D0:21:81:DD:48,-101
BLE,1668473606170762967,7D:D0:21:81:DD:48,-103
BLE,1668473609324009928,7D:D0:21:81:DD:48,-102
BLE,1668473611326526570,7D:D0:21:81:DD:48,-101
BLE,1668473611615150004,7D:D0:21:81:DD:48,-100
BLE,1668473612179238383,7D:D0:21:81:DD:48,-101
BLE,1668473615039027250,7D:D0:21:81:DD:48,-99
BLE,1668473616186467686,7D:D0:21:81:DD:48,-101
BLE,1668473617626957845,7D:D0:21:81:DD:48,-104
BLE,1668473620777047922,7D:D0:21:81:DD:48,-99
BLE,1668473622211927054,7D:D0:21:81:DD:48,-101
BLE,1668473625366489835,7D:D0:21:81:DD:48,-103
BLE,1668473626510352849,7D:D0:21:81:DD:48,-100
BLE,1668473627365252932,7D:D0:21:81:DD:48,-101
BLE,1668473629640453421,7D:D0:21:81:DD:48,-100
BLE,1668473633939623875,7D:D0:21:81:DD:48,-98
BLE,1668473634794444334,7D:D0:21:81:DD:48,-103
BLE,1668473635083125060,7D:D0:21:81:DD:48,-100
BLE,1668473635373988722,7D:D0:21:81:DD:48,-103
BLE,1668473636231677318,7D:D0:21:81:DD:48,-101
BLE,1668473637088921626,7D:D0:21:81:DD:48,-100
BLE,1668473641093488873,7D:D0:21:81:DD:48,-99
BLE,1668473641382062767,7D:D0:21:81:DD:48,-101
BLE,1668473643384795740,7D:D0:21:81:DD:48,-102
BLE,1668473646826683052,7D:D0:21:81:DD:48,-99
BLE,1668473647685864258,7D:D0:21:81:DD:48,-103
BLE,1668473647976536547,7D:D0:21:81:DD:48,-102
BLE,1668473649127156742,7D:D0:21:81:DD:48,-101
BLE,1668473650272204661,7D:D0:21:81:DD:48,-100
BLE,1668473652567309905,7D:D0:21:81:DD:48,-101
BLE,1668473655426629027,7D:D0:21:81:DD:48,-105
BLE,1668473657429148961,7D:D0:21:81:DD:48,-101
BLE,1668473659427928516,7D:D0:21:81:DD:48,-101
BLE,1668473660282831348,7D:D0:21:81:DD:48,-99
BLE,1668473661434697739,7D:D0:21:81:DD:48,-102
BLE,1668473663142406843,7D:D0:21:81:DD:48,-104
BLE,1668473666269932607,7D:D0:21:81:DD:48,-98
BLE,1668473669149926144,7D:D0:21:81:DD:48,-100
BLE,1668473674282964478,7D:D0:21:81:DD:48,-104
BLE,1668473676574187554,7D:D0:21:81:DD:48,-102
BLE,1668473677721009913,7D:D0:21:81:DD:48,-106
BLE,1668473678872362559,7D:D0:21:81:DD:48,-100
BLE,1668473679160243835,7D:D0:21:81:DD:48,-102
BLE,1668473683147357843,7D:D0:21:81:DD:48,-100
BLE,1668473684582362683,7D:D0:21:81:DD:48,-102
BLE,1668473685731736515,7D:D0:21:81:DD:48,-99
BLE,1668473686294753738,7D:D0:21:81:DD:48,-100
BLE,1668473686584710618,7D:D0:21:81:DD:48,-100
BLE,1668473687442373131,7D:D0:21:81:DD:48,-104
BLE,1668473688296045143,7D:D0:21:81:DD:48,-99
BLE,1668473689150998767,7D:D0:21:81:DD:48,-101
BLE,1668473691737973913,7D:D0:21:81:DD:48,-106
BLE,1668473693179992556,7D:D0:21:81:DD:48,-102
BLE,1668473698331840491,7D:D0:21:81:DD:48,-101
BLE,1668473700918734388,7D:D0:21:81:DD:48,-103
BLE,1668473701776415109,7D:D0:21:81:DD:48,-101
BLE,1668473705197488008,7D:D0:21:81:DD:48,-103
BLE,1668473707200686352,7D:D0:21:81:DD:48,-103
BLE,1668473709764527859,7D:D0:21:81:DD:48,-102
BLE,1668473710616930175,7D:D0:21:81:DD:48,-103
BLE,1668473710908011793,7D:D0:21:81:DD:48,-104
BLE,1668473714918200941,7D:D0:21:81:DD:48,-100
BLE,1668473718356235918,7D:D0:21:81:DD:48,-102
BLE,1668473718923706803,7D:D0:21:81:DD:48,-100
BLE,1668473720067410152,7D:D0:21:81:DD:48,-100
BLE,1668473722072071231,7D:D0:21:81:DD:48,-102
BLE,1668473724927103355,7D:D0:21:81:DD:48,-100
BLE,1668473725218148848,7D:D0:21:81:DD:48,-103
BLE,1668473726367139477,7D:D0:21:81:DD:48,-102
BLE,1668473729791272303,7D:D0:21:81:DD:48,-104
BLE,1668473730080795937,7D:D0:21:81:DD:48,-99
BLE,1668473731229913356,7D:D0:21:81:DD:48,-98
BLE,1668473731519754737,7D:D0:21:81:DD:48,-102
BLE,1668473732378700486,7D:D0:21:81:DD:48,-101
BLE,1668473733233689568,7D:D0:21:81:DD:48,-101
BLE,1668473734670831845,7D:D0:21:81:DD:48,-102
BLE,1668473735524576897,7D:D0:21:81:DD:48,-98
BLE,1668473737530019760,7D:D0:21:81:DD:48,-91
BLE,1668473738381271838,7D:D0:21:81:DD:48,-101
BLE,1668473747289298299,7D:D0:21:81:DD:48,-100
BLE,1668473755277282217,7D:D0:21:81:DD:48,-102
BLE,1668473760139773183,7D:D0:21:81:DD:48,-100
BLE,1668473760995887878,7D:D0:21:81:DD:48,-102
BLE,1668473763000281917,7D:D0:21:81:DD:48,-105
BLE,1668473763855282374,7D:D0:21:81:DD:48,-99
BLE,1668473765294691627,7D:D0:21:81:DD:48,-100
BLE,1668473768149082424,7D:D0:21:81:DD:48,-102
BLE,1668473769004054423,7D:D0:21:81:DD:48,-101
BLE,1668473771300582612,7D:D0:21:81:DD:48,-105
BLE,1668473771591415607,7D:D0:21:81:DD:48,-104
BLE,1668473772448906330,7D:D0:21:81:DD:48,-102
BLE,1668473776746652465,7D:D0:21:81:DD:48,-102
BLE,1668473777892935580,7D:D0:21:81:DD:48,-101
BLE,1668473779897195621,7D:D0:21:81:DD:48,-100
BLE,1668473780187128584,7D:D0:21:81:DD:48,-99
BLE,1668473782487256319,7D:D0:21:81:DD:48,-103
BLE,1668473784194111723,7D:D0:21:81:DD:48,-99
BLE,1668473786199089173,7D:D0:21:81:DD:48,-100
BLE,1668473788785916154,7D:D0:21:81:DD:48,-104
BLE,1668473790225280908,7D:D0:21:81:DD:48,-101
BLE,1668473795061689972,7D:D0:21:81:DD:48,-100
BLE,1668473795919099488,7D:D0:21:81:DD:48,-104
BLE,1668473797626603177,7D:D0:21:81:DD:48,-99
BLE,1668473800215961090,7D:D0:21:81:DD:48,-99
BLE,1668473801363371985,7D:D0:21:81:DD:48,-100
BLE,1668473803362239122,7D:D0:21:81:DD:48,-104
BLE,1668473804509731849,7D:D0:21:81:DD:48,-103
BLE,1668473806222946189,7D:D0:21:81:DD:48,-102
BLE,1668473808224364175,7D:D0:21:81:DD:48,-105
BLE,1668473809079783502,7D:D0:21:81:DD:48,-99
BLE,1668473809934621086,7D:D0:21:81:DD:48,-100
BLE,1668473810792209224,7D:D0:21:81:DD:48,-101
BLE,1668473813356688267,7D:D0:21:81:DD:48,-102
BLE,1668473815068009500,7D:D0:21:81:DD:48,-100
BLE,1668473816775564022,7D:D0:21:81:DD:48,-100
BLE,1668473818213717913,7D:D0:21:81:DD:48,-103
BLE,1668473821636703584,7D:D0:21:81:DD:48,-103
BLE,1668473822779967188,7D:D0:21:81:DD:48,-102
BLE,1668473827932973944,7D:D0:21:81:DD:48,-102
BLE,1668473829081737783,7D:D0:21:81:DD:48,-103
BLE,1668473834821341855,7D:D0:21:81:DD:48,-101
BLE,1668473835109880832,7D:D0:21:81:DD:48,-102
BLE,1668473836822579510,7D:D0:21:81:DD:48,-102
BLE,1668473840826741636,7D:D0:21:81:DD:48,-99
BLE,1668473842537985745,7D:D0:21:81:DD:48,-99
BLE,1668473846836828869,7D:D0:21:81:DD:48,-102
BLE,1668473848566405375,7D:D0:21:81:DD:48,-103
BLE,1668473854573042143,7D:D0:21:81:DD:48,-101
BLE,1668473857433056758,7D:D0:21:81:DD:48,-102
BLE,1668473862290619565,7D:D0:21:81:DD:48,-101
BLE,1668473864585156649,7D:D0:21:81:DD:48,-100
BLE,1668473868592017831,7D:D0:21:81:DD:48,-99
BLE,1668473868882536788,7D:D0:21:81:DD:48,-100
BLE,1668473872870210498,7D:D0:21:81:DD:48,-101
BLE,1668473873160052088,7D:D0:21:81:DD:48,-98
BLE,1668473874014004305,7D:D0:21:81:DD:48,-99
BLE,1668473877164584710,7D:D0:21:81:DD:48,-104
BLE,1668473878603212596,7D:D0:21:81:DD:48,-101
BLE,1668473880607697093,7D:D0:21:81:DD:48,-101
BLE,1668473888057333161,7D:D0:21:81:DD:48,-101
BLE,1668473890035168513,7D:D0:21:81:DD:48,-99
BLE,1668473891745034594,7D:D0:21:81:DD:48,-104
BLE,1668473899505314082,7D:D0:21:81:DD:48,-101
BLE,1668473901485953155,7D:D0:21:81:DD:48,-101
BLE,1668473902637118678,7D:D0:21:81:DD:48,-99
BLE,1668473904929670323,7D:D0:21:81:DD:48,-104
BLE,1668473905221211187,7D:D0:21:81:DD:48,-99
BLE,1668473907786430721,7D:D0:21:81:DD:48,-102
BLE,1668473909500782382,7D:D0:21:81:DD:48,-102
BLE,1668473910643431325,7D:D0:21:81:DD:48,-102
BLE,1668473911793225612,7D:D0:21:81:DD:48,-101
BLE,1668473912938974274,7D:D0:21:81:DD:48,-101
BLE,1668473913795015303,7D:D0:21:81:DD:48,-102
BLE,1668473914361275910,7D:D0:21:81:DD:48,-104
BLE,1668473916946410825,7D:D0:21:81:DD:48,-99
BLE,1668473920662304596,7D:D0:21:81:DD:48,-102
BLE,1668473920949568003,7D:D0:21:81:DD:48,-102
BLE,1668473921513461717,7D:D0:21:81:DD:48,-101
BLE,1668473922365933282,7D:D0:21:81:DD:48,-101
BLE,1668473923220825698,7D:D0:21:81:DD:48,-102
BLE,1668473924080975144,7D:D0:21:81:DD:48,-98
BLE,1668473925789794278,7D:D0:21:81:DD:48,-102
BLE,1668473926939088487,7D:D0:21:81:DD:48,-101
BLE,1668473930378494325,7D:D0:21:81:DD:48,-104
BLE,1668473932940935262,7D:D0:21:81:DD:48,-104
BLE,1668473941001309943,7D:D0:21:81:DD:48,-102
BLE,1668473941834209374,7D:D0:21:81:DD:48,-101
BLE,1668473944129781573,7D:D0:21:81:DD:48,-100
BLE,1668473946154709903,7D:D0:21:81:DD:48,-102
BLE,1668473949012381542,7D:D0:21:81:DD:48,-98
BLE,1668473950450644640,7D:D0:21:81:DD:48,-104
BLE,1668473951303454827,7D:D0:21:81:DD:48,-101
BLE,1668473952743447825,7D:D0:21:81:DD:48,-99
BLE,1668473953600906881,7D:D0:21:81:DD:48,-102
BLE,1668473955602248118,7D:D0:21:81:DD:48,-102
BLE,1668473957898502060,7D:D0:21:81:DD:48,-100
BLE,1668473959336678742,7D:D0:21:81:DD:48,-102
BLE,1668473961901816778,7D:D0:21:81:DD:48,-104
BLE,1668473966764809071,7D:D0:21:81:DD:48,-101
BLE,1668473967054629952,7D:D0:21:81:DD:48,-100
BLE,1668473970184864273,7D:D0:21:81:DD:48,-100
BLE,1668473972749844226,7D:D0:21:81:DD:48,-100
BLE,1668473973039289945,7D:D0:21:81:DD:48,-99
BLE,1668473978507487156,7D:D0:21:81:DD:48,-101
BLE,1668473979363700684,7D:D0:21:81:DD:48,-91
BLE,1668473980219944670,7D:D0:21:81:DD:48,-100
BLE,1668473983076262781,7D:D0:21:81:DD:48,-98
BLE,1668473983367305232,7D:D0:21:81:DD:48,-99
BLE,1668473984513272433,7D:D0:21:81:DD:48,-105
BLE,1668473986809428125,7D:D0:21:81:DD:48,-100
BLE,1668473987100672284,7D:D0:21:81:DD:48,-101
BLE,1668473987954345254,7D:D0:21:81:DD:48,-102
BLE,1668473989665779569,7D:D0:21:81:DD:48,-103
BLE,1668473990523132711,7D:D0:21:81:DD:48,-101
BLE,1668473991670036235,7D:D0:21:81:DD:48,-103
BLE,1668473992818096373,7D:D0:21:81:DD:48,-101
BLE,1668473997701635416,7D:D0:21:81:DD:48,-102
BLE,1668473999408128865,7D:D0:21:81:DD:48,-99
BLE,1668474000829435261,7D:D0:21:81:DD:48,-103