BLE,1668366001392614776,43:C5:E4:AD:E1:8E,-88
BLE,1668366002837173514,43:C5:E4:AD:E1:8E,-97
BLE,1668366003398806395,43:C5:E4:AD:E1:8E,-88
BLE,1668366004541392246,43:C5:E4:AD:E1:8E,-100
BLE,1668366004833381528,43:C5:E4:AD:E1:8E,-100
BLE,1668366005402136793,43:C5:E4:AD:E1:8E,-88
BLE,1668366006547646364,43:C5:E4:AD:E1:8E,-100
BLE,1668366007401400692,43:C5:E4:AD:E1:8E,-101
BLE,1668366008549650902,43:C5:E4:AD:E1:8E,-100
BLE,1668366009695273971,43:C5:E4:AD:E1:8E,-100
BLE,1668366010552819718,43:C5:E4:AD:E1:8E,-98
BLE,1668366014851558380,43:C5:E4:AD:E1:8E,-87
BLE,1668366016286673258,43:C5:E4:AD:E1:8E,-100
BLE,1668366016852880508,43:C5:E4:AD:E1:8E,-99
BLE,1668366018294012240,43:C5:E4:AD:E1:8E,-87
BLE,1668366019732892245,43:C5:E4:AD:E1:8E,-89
BLE,1668366021169294485,43:C5:E4:AD:E1:8E,-101
BLE,1668366022903058867,43:C5:E4:AD:E1:8E,-101
BLE,1668366025469211217,43:C5:E4:AD:E1:8E,-87
BLE,1668366025760301175,43:C5:E4:AD:E1:8E,-86
BLE,1668366026911465146,43:C5:E4:AD:E1:8E,-89
BLE,1668366028351573055,43:C5:E4:AD:E1:8E,-99
BLE,1668366031209760687,43:C5:E4:AD:E1:8E,-98
BLE,1668366031497769386,43:C5:E4:AD:E1:8E,-86
BLE,1668366032646691421,43:C5:E4:AD:E1:8E,-87
BLE,1668366033796427073,43:C5:E4:AD:E1:8E,-88
BLE,1668366034083940610,43:C5:E4:AD:E1:8E,-88
BLE,1668366035237335807,43:C5:E4:AD:E1:8E,-86
BLE,1668366036383017460,43:C5:E4:AD:E1:8E,-88
BLE,1668366036671635319,43:C5:E4:AD:E1:8E,-102
BLE,1668366037822895871,43:C5:E4:AD:E1:8E,-100
BLE,1668366038111518772,43:C5:E4:AD:E1:8E,-100
BLE,1668366038970401213,43:C5:E4:AD:E1:8E,-98
BLE,1668366039826497850,43:C5:E4:AD:E1:8E,-86
BLE,1668366041826779697,43:C5:E4:AD:E1:8E,-98
BLE,1668366043266043240,43:C5:E4:AD:E1:8E,-101
BLE,1668366044119207908,43:C5:E4:AD:E1:8E,-87
BLE,1668366045268437399,43:C5:E4:AD:E1:8E,-99
BLE,1668366045834794105,43:C5:E4:AD:E1:8E,-98
BLE,1668366046687877941,43:C5:E4:AD:E1:8E,-98
BLE,1668366047252876245,43:C5:E4:AD:E1:8E,-100
BLE,1668366048691739125,43:C5:E4:AD:E1:8E,-101
BLE,1668366049547888220,43:C5:E4:AD:E1:8E,-86
BLE,1668366049838428101,43:C5:E4:AD:E1:8E,-88
BLE,1668366050986666227,43:C5:E4:AD:E1:8E,-100
BLE,1668366051276449782,43:C5:E4:AD:E1:8E,-99
BLE,1668366051567668489,43:C5:E4:AD:E1:8E,-98
BLE,1668366052717475223,43:C5:E4:AD:E1:8E,-99
BLE,1668366053573605860,43:C5:E4:AD:E1:8E,-101
BLE,1668366055011662040,43:C5:E4:AD:E1:8E,-96
BLE,1668366056158552555,43:C5:E4:AD:E1:8E,-99
BLE,1668366056724912595,43:C5:E4:AD:E1:8E,-88
BLE,1668366059017937300,43:C5:E4:AD:E1:8E,-87
BLE,1668366060460460392,43:C5:E4:AD:E1:8E,-98
BLE,1668366060751229687,43:C5:E4:AD:E1:8E,-100
BLE,1668366061039931504,43:C5:E4:AD:E1:8E,-88
BLE,1668366061896289888,43:C5:E4:AD:E1:8E,-99
BLE,1668366062462274932,43:C5:E4:AD:E1:8E,-97
BLE,1668366062749798052,43:C5:E4:AD:E1:8E,-99
BLE,1668366064755417093,43:C5:E4:AD:E1:8E,-99
BLE,1668366065046490302,43:C5:E4:AD:E1:8E,-101
BLE,1668366065612858966,43:C5:E4:AD:E1:8E,-99
BLE,1668366066466655419,43:C5:E4:AD:E1:8E,-101
BLE,1668366066756430599,43:C5:E4:AD:E1:8E,-99
BLE,1668366067611465456,43:C5:E4:AD:E1:8E,-89
BLE,1668366071597947297,43:C5:E4:AD:E1:8E,-99
BLE,1668366073597947689,43:C5:E4:AD:E1:8E,-88
BLE,1668366073887715869,43:C5:E4:AD:E1:8E,-98
BLE,1668366075309262556,43:C5:E4:AD:E1:8E,-98
BLE,1668366076455246330,43:C5:E4:AD:E1:8E,-96
BLE,1668366076747318820,43:C5:E4:AD:E1:8E,-98
BLE,1668366077602516883,43:C5:E4:AD:E1:8E,-100
BLE,1668366079606702481,43:C5:E4:AD:E1:8E,-98
BLE,1668366080755405310,43:C5:E4:AD:E1:8E,-88
BLE,1668366081610742955,43:C5:E4:AD:E1:8E,-98
BLE,1668366081899053359,43:C5:E4:AD:E1:8E,-88
BLE,1668366082189808487,43:C5:E4:AD:E1:8E,-101
BLE,1668366083047786063,43:C5:E4:AD:E1:8E,-96
BLE,1668366083901782347,43:C5:E4:AD:E1:8E,-99
BLE,1668366084756796079,43:C5:E4:AD:E1:8E,-88
BLE,1668366086465652888,43:C5:E4:AD:E1:8E,-97
BLE,1668366088179400979,43:C5:E4:AD:E1:8E,-100
BLE,1668366089031847405,43:C5:E4:AD:E1:8E,-87
BLE,1668366089597990155,43:C5:E4:AD:E1:8E,-86
BLE,1668366091890667780,43:C5:E4:AD:E1:8E,-100
BLE,1668366093310642191,43:C5:E4:AD:E1:8E,-99
BLE,1668366094457928744,43:C5:E4:AD:E1:8E,-88
BLE,1668366095601914122,43:C5:E4:AD:E1:8E,-98
BLE,1668366096459897990,43:C5:E4:AD:E1:8E,-88
BLE,1668366096749937709,43:C5:E4:AD:E1:8E,-100
BLE,1668366097605690225,43:C5:E4:AD:E1:8E,-98
BLE,1668366097896162814,43:C5:E4:AD:E1:8E,-99
BLE,1668366098461726446,43:C5:E4:AD:E1:8E,-97
BLE,1668366098751018964,43:C5:E4:AD:E1:8E,-98
BLE,1668366100755741182,43:C5:E4:AD:E1:8E,-86
BLE,1668366101045523195,43:C5:E4:AD:E1:8E,-87
BLE,1668366102196984537,43:C5:E4:AD:E1:8E,-99
BLE,1668366104489559038,43:C5:E4:AD:E1:8E,-98
BLE,1668366105931938965,43:C5:E4:AD:E1:8E,-97
BLE,1668366106218502471,43:C5:E4:AD:E1:8E,-95
BLE,1668366107370634973,43:C5:E4:AD:E1:8E,-87
BLE,1668366108223151772,43:C5:E4:AD:E1:8E,-97
BLE,1668366109082017047,43:C5:E4:AD:E1:8E,-98
BLE,1668366111085009908,43:C5:E4:AD:E1:8E,-88
BLE,1668366112230700643,43:C5:E4:AD:E1:8E,-87
BLE,1668366114795805546,43:C5:E4:AD:E1:8E,-101
BLE,1668366115944488293,43:C5:E4:AD:E1:8E,-99
BLE,1668366116796827428,43:C5:E4:AD:E1:8E,-98
BLE,1668366118237113001,43:C5:E4:AD:E1:8E,-98
BLE,1668366118528046170,43:C5:E4:AD:E1:8E,-98
BLE,1668366119678290025,43:C5:E4:AD:E1:8E,-86
BLE,1668366121120637369,43:C5:E4:AD:E1:8E,-88
BLE,1668366122265701069,43:C5:E4:AD:E1:8E,-99
BLE,1668366123414351941,43:C5:E4:AD:E1:8E,-97
BLE,1668366124269560837,43:C5:E4:AD:E1:8E,-87
BLE,1668366125124492445,43:C5:E4:AD:E1:8E,-86
BLE,1668366125977469490,43:C5:E4:AD:E1:8E,-99
BLE,1668366127125855656,43:C5:E4:AD:E1:8E,-99
BLE,1668366129128353646,43:C5:E4:AD:E1:8E,-98
BLE,1668366129984400576,43:C5:E4:AD:E1:8E,-99
BLE,1668366130839430974,43:C5:E4:AD:E1:8E,-99
BLE,1668366131983347687,43:C5:E4:AD:E1:8E,-98
BLE,1668366132839496448,43:C5:E4:AD:E1:8E,-99
BLE,1668366133404558085,43:C5:E4:AD:E1:8E,-89
BLE,1668366134261988333,43:C5:E4:AD:E1:8E,-99
BLE,1668366136262128473,43:C5:E4:AD:E1:8E,-101
BLE,1668366136553117266,43:C5:E4:AD:E1:8E,-97
BLE,1668366137995749816,43:C5:E4:AD:E1:8E,-98
BLE,1668366138286849982,43:C5:E4:AD:E1:8E,-88
BLE,1668366139140619393,43:C5:E4:AD:E1:8E,-88
BLE,1668366139996904987,43:C5:E4:AD:E1:8E,-96
BLE,1668366141141416443,43:C5:E4:AD:E1:8E,-87
BLE,1668366141996766380,43:C5:E4:AD:E1:8E,-87
BLE,1668366143733339608,43:C5:E4:AD:E1:8E,-99
BLE,1668366144023080997,43:C5:E4:AD:E1:8E,-98
BLE,1668366145462796868,43:C5:E4:AD:E1:8E,-96
BLE,1668366147467969664,43:C5:E4:AD:E1:8E,-88
BLE,1668366148321762492,43:C5:E4:AD:E1:8E,-88
BLE,1668366149179487862,43:C5:E4:AD:E1:8E,-99
BLE,1668366149466778443,43:C5:E4:AD:E1:8E,-87
BLE,1668366150031888038,43:C5:E4:AD:E1:8E,-87
BLE,1668366152031995595,43:C5:E4:AD:E1:8E,-98
BLE,1668366153179062567,43:C5:E4:AD:E1:8E,-89
BLE,1668366155474476704,43:C5:E4:AD:E1:8E,-97
BLE,1668366156621645175,43:C5:E4:AD:E1:8E,-100
BLE,1668366157185520032,43:C5:E4:AD:E1:8E,-101
BLE,1668366158898264134,43:C5:E4:AD:E1:8E,-98
BLE,1668366159750550478,43:C5:E4:AD:E1:8E,-98
BLE,1668366160041815726,43:C5:E4:AD:E1:8E,-100
BLE,1668366161755424944,43:C5:E4:AD:E1:8E,-86
BLE,1668366162902845661,43:C5:E4:AD:E1:8E,-99
BLE,1668366165194544213,43:C5:E4:AD:E1:8E,-97
BLE,1668366166049445904,43:C5:E4:AD:E1:8E,-88
BLE,1668366166908296013,43:C5:E4:AD:E1:8E,-85
BLE,1668366167762050550,43:C5:E4:AD:E1:8E,-100
BLE,1668366169765395781,43:C5:E4:AD:E1:8E,-99
BLE,1668366170053955266,43:C5:E4:AD:E1:8E,-87
BLE,1668366171475945823,43:C5:E4:AD:E1:8E,-99
BLE,1668366171763966021,43:C5:E4:AD:E1:8E,-98
BLE,1668366172622827671,43:C5:E4:AD:E1:8E,-89
BLE,1668366173478943058,43:C5:E4:AD:E1:8E,-99
BLE,1668366175770990064,43:C5:E4:AD:E1:8E,-87
BLE,1668366176337273355,43:C5:E4:AD:E1:8E,-99
BLE,1668366176628314397,43:C5:E4:AD:E1:8E,-100
BLE,1668366176917090046,43:C5:E4:AD:E1:8E,-88
BLE,1668366177775769823,43:C5:E4:AD:E1:8E,-97
BLE,1668366178630986969,43:C5:E4:AD:E1:8E,-98
BLE,1668366178919614995,43:C5:E4:AD:E1:8E,-101
BLE,1668366179778357896,43:C5:E4:AD:E1:8E,-97
BLE,1668366180068322366,43:C5:E4:AD:E1:8E,-88
BLE,1668366181485973759,43:C5:E4:AD:E1:8E,-87
BLE,1668366182637525018,43:C5:E4:AD:E1:8E,-88
BLE,1668366183489762028,43:C5:E4:AD:E1:8E,-88
BLE,1668366183780142702,43:C5:E4:AD:E1:8E,-89
BLE,1668366184636436379,43:C5:E4:AD:E1:8E,-87
BLE,1668366186052438123,43:C5:E4:AD:E1:8E,-87
BLE,1668366186618479792,43:C5:E4:AD:E1:8E,-100
BLE,1668366188617381153,43:C5:E4:AD:E1:8E,-99
BLE,1668366189474817401,43:C5:E4:AD:E1:8E,-87
BLE,1668366191478485963,43:C5:E4:AD:E1:8E,-86
BLE,1668366192917867088,43:C5:E4:AD:E1:8E,-86
BLE,1668366195502320289,43:C5:E4:AD:E1:8E,-99
BLE,1668366196652819516,43:C5:E4:AD:E1:8E,-89
BLE,1668366196943863350,43:C5:E4:AD:E1:8E,-98
BLE,1668366197798999539,43:C5:E4:AD:E1:8E,-101
BLE,1668366198657185945,43:C5:E4:AD:E1:8E,-98
BLE,1668366198945933345,43:C5:E4:AD:E1:8E,-98
BLE,1668366199512035054,43:C5:E4:AD:E1:8E,-97
BLE,1668366200657521917,43:C5:E4:AD:E1:8E,-97
BLE,1668366202367843086,43:C5:E4:AD:E1:8E,-101
BLE,1668366203513568446,43:C5:E4:AD:E1:8E,-97
BLE,1668366204367222609,43:C5:E4:AD:E1:8E,-87
BLE,1668366204934512306,43:C5:E4:AD:E1:8E,-98
BLE,1668366206935368147,43:C5:E4:AD:E1:8E,-100
BLE,1668366208084770594,43:C5:E4:AD:E1:8E,-101
BLE,1668366209227156114,43:C5:E4:AD:E1:8E,-88
BLE,1668366210378601957,43:C5:E4:AD:E1:8E,-97
BLE,1668366211230917383,43:C5:E4:AD:E1:8E,-97
BLE,1668366212382309518,43:C5:E4:AD:E1:8E,-98
BLE,1668366212672775649,43:C5:E4:AD:E1:8E,-88
BLE,1668366213235957681,43:C5:E4:AD:E1:8E,-98
BLE,1668366214379851977,43:C5:E4:AD:E1:8E,-87
BLE,1668366215237799428,43:C5:E4:AD:E1:8E,-102
BLE,1668366216091632464,43:C5:E4:AD:E1:8E,-99
BLE,1668366218384924666,43:C5:E4:AD:E1:8E,-88
BLE,1668366219242514746,43:C5:E4:AD:E1:8E,-85
BLE,1668366220392233898,43:C5:E4:AD:E1:8E,-87
BLE,1668366221246314223,43:C5:E4:AD:E1:8E,-100
BLE,1668366222392392079,43:C5:E4:AD:E1:8E,-89
BLE,1668366223249699037,43:C5:E4:AD:E1:8E,-87
BLE,1668366224397876664,43:C5:E4:AD:E1:8E,-99
BLE,1668366225543487984,43:C5:E4:AD:E1:8E,-98
BLE,1668366226395488997,43:C5:E4:AD:E1:8E,-98
BLE,1668366227255898214,43:C5:E4:AD:E1:8E,-99
BLE,1668366227544720613,43:C5:E4:AD:E1:8E,-96
BLE,1668366228398577023,43:C5:E4:AD:E1:8E,-98
BLE,1668366231551072663,43:C5:E4:AD:E1:8E,-86
BLE,1668366233554552601,43:C5:E4:AD:E1:8E,-86
BLE,1668366237267322511,43:C5:E4:AD:E1:8E,-99
BLE,1668366238120842050,43:C5:E4:AD:E1:8E,-99
BLE,1668366239267438402,43:C5:E4:AD:E1:8E,-86
BLE,1668366240126050179,43:C5:E4:AD:E1:8E,-86
BLE,1668366240414577373,43:C5:E4:AD:E1:8E,-86
BLE,1668366242127309516,43:C5:E4:AD:E1:8E,-89
BLE,1668366243271056689,43:C5:E4:AD:E1:8E,-89
BLE,1668366244691069433,43:C5:E4:AD:E1:8E,-88
BLE,1668366246425669140,43:C5:E4:AD:E1:8E,-98
BLE,1668366246714678120,43:C5:E4:AD:E1:8E,-100
BLE,1668366247280290376,43:C5:E4:AD:E1:8E,-88
BLE,1668366247569478104,43:C5:E4:AD:E1:8E,-88
BLE,1668366248424666292,43:C5:E4:AD:E1:8E,-88
BLE,1668366249279669024,43:C5:E4:AD:E1:8E,-98
BLE,1668366249570833273,43:C5:E4:AD:E1:8E,-99
BLE,1668366253851159210,43:C5:E4:AD:E1:8E,-98
BLE,1668366254140904849,43:C5:E4:AD:E1:8E,-99
BLE,1668366255871146768,43:C5:E4:AD:E1:8E,-87
BLE,1668366257018718109,43:C5:E4:AD:E1:8E,-101
BLE,1668366257875031911,43:C5:E4:AD:E1:8E,-99
BLE,1668366259610025447,43:C5:E4:AD:E1:8E,-87
BLE,1668366259898620639,43:C5:E4:AD:E1:8E,-86
BLE,1668366260756890587,43:C5:E4:AD:E1:8E,-87
BLE,1668366261042618768,43:C5:E4:AD:E1:8E,-92
BLE,1668366261608728644,43:C5:E4:AD:E1:8E,-98
BLE,1668366262467417254,43:C5:E4:AD:E1:8E,-100
BLE,1668366262756070362,43:C5:E4:AD:E1:8E,-101
BLE,1668366263319848471,43:C5:E4:AD:E1:8E,-99
BLE,1668366265055054255,43:C5:E4:AD:E1:8E,-87
BLE,1668366267350059230,43:C5:E4:AD:E1:8E,-87
BLE,1668366268203812600,43:C5:E4:AD:E1:8E,-89
BLE,1668366268494882767,43:C5:E4:AD:E1:8E,-87
BLE,1668366269352390264,43:C5:E4:AD:E1:8E,-98
BLE,1668366271353274480,43:C5:E4:AD:E1:8E,-99
BLE,1668366272502602344,43:C5:E4:AD:E1:8E,-89
BLE,1668366273358784106,43:C5:E4:AD:E1:8E,-99
BLE,1668366275068703820,43:C5:E4:AD:E1:8E,-87
BLE,1668366275358705040,43:C5:E4:AD:E1:8E,-88
BLE,1668366276212520951,43:C5:E4:AD:E1:8E,-99
BLE,1668366277926307750,43:C5:E4:AD:E1:8E,-88
BLE,1668366278213690372,43:C5:E4:AD:E1:8E,-88
BLE,1668366278781243024,43:C5:E4:AD:E1:8E,-100
BLE,1668366279072434731,43:C5:E4:AD:E1:8E,-101
BLE,1668366279927665294,43:C5:E4:AD:E1:8E,-86
BLE,1668366281636612602,43:C5:E4:AD:E1:8E,-98
BLE,1668366282781503722,43:C5:E4:AD:E1:8E,-102
BLE,1668366283641144405,43:C5:E4:AD:E1:8E,-99
BLE,1668366284495232647,43:C5:E4:AD:E1:8E,-99
BLE,1668366285351123661,43:C5:E4:AD:E1:8E,-99
BLE,1668366287351433799,43:C5:E4:AD:E1:8E,-101
BLE,1668366288501870652,43:C5:E4:AD:E1:8E,-86
BLE,1668366289649371411,43:C5:E4:AD:E1:8E,-87
BLE,1668366290796202260,43:C5:E4:AD:E1:8E,-99
BLE,1668366292503075090,43:C5:E4:AD:E1:8E,-97
BLE,1668366293361406662,43:C5:E4:AD:E1:8E,-99
BLE,1668366294216275270,43:C5:E4:AD:E1:8E,-89
BLE,1668366296510163132,43:C5:E4:AD:E1:8E,-99
BLE,1668366297362485725,43:C5:E4:AD:E1:8E,-100
BLE,1668366298781495397,43:C5:E4:AD:E1:8E,-97
BLE,1668366299930241601,43:C5:E4:AD:E1:8E,-98
BLE,1668366300218965959,43:C5:E4:AD:E1:8E,-98
BLE,1668366300787578100,43:C5:E4:AD:E1:8E,-98
BLE,1668366301076236708,43:C5:E4:AD:E1:8E,-96
BLE,1668366301930227409,43:C5:E4:AD:E1:8E,-96
BLE,1668366303082616117,43:C5:E4:AD:E1:8E,-99
BLE,1668366306520194319,43:C5:E4:AD:E1:8E,-99
BLE,1668366307670125011,43:C5:E4:AD:E1:8E,-87
BLE,1668366308527656300,43:C5:E4:AD:E1:8E,-98
BLE,1668366309379667104,43:C5:E4:AD:E1:8E,-99
BLE,1668366309668651959,43:C5:E4:AD:E1:8E,-99
BLE,1668366311380134533,43:C5:E4:AD:E1:8E,-102
BLE,1668366312240271836,43:C5:E4:AD:E1:8E,-100
BLE,1668366312527404960,43:C5:E4:AD:E1:8E,-99
BLE,1668366313093681918,43:C5:E4:AD:E1:8E,-100
BLE,1668366313948896939,43:C5:E4:AD:E1:8E,-98
BLE,1668366314240301144,43:C5:E4:AD:E1:8E,-88
BLE,1668366314529885951,43:C5:E4:AD:E1:8E,-99
BLE,1668366315680914715,43:C5:E4:AD:E1:8E,-98
BLE,1668366316827514316,43:C5:E4:AD:E1:8E,-88
BLE,1668366317118677523,43:C5:E4:AD:E1:8E,-88
BLE,1668366318270201990,43:C5:E4:AD:E1:8E,-87
BLE,1668366321418858795,43:C5:E4:AD:E1:8E,-99
BLE,1668366321708639642,43:C5:E4:AD:E1:8E,-87
BLE,1668366322273860943,43:C5:E4:AD:E1:8E,-87
BLE,1668366322562391928,43:C5:E4:AD:E1:8E,-98
BLE,1668366323713779021,43:C5:E4:AD:E1:8E,-88
BLE,1668366324005783553,43:C5:E4:AD:E1:8E,-86
BLE,1668366324294507369,43:C5:E4:AD:E1:8E,-87
BLE,1668366324862642641,43:C5:E4:AD:E1:8E,-85
BLE,1668366325153794681,43:C5:E4:AD:E1:8E,-87
BLE,1668366326589949757,43:C5:E4:AD:E1:8E,-99
BLE,1668366327156382546,43:C5:E4:AD:E1:8E,-86
BLE,1668366328008686973,43:C5:E4:AD:E1:8E,-86
BLE,1668366328865913140,43:C5:E4:AD:E1:8E,-98
BLE,1668366330012626532,43:C5:E4:AD:E1:8E,-89
BLE,1668366331157688899,43:C5:E4:AD:E1:8E,-87
BLE,1668366332308565831,43:C5:E4:AD:E1:8E,-99
BLE,1668366334310149956,43:C5:E4:AD:E1:8E,-101
BLE,1668366334599936261,43:C5:E4:AD:E1:8E,-100
BLE,1668366335458346707,43:C5:E4:AD:E1:8E,-99
BLE,1668366336310978547,43:C5:E4:AD:E1:8E,-87
BLE,1668366337167093101,43:C5:E4:AD:E1:8E,-98
BLE,1668366338025238008,43:C5:E4:AD:E1:8E,-88
BLE,1668366338313701494,43:C5:E4:AD:E1:8E,-86
BLE,1668366339172589185,43:C5:E4:AD:E1:8E,-98
BLE,1668366340317606803,43:C5:E4:AD:E1:8E,-98
BLE,1668366341175106425,43:C5:E4:AD:E1:8E,-99
BLE,1668366343172864799,43:C5:E4:AD:E1:8E,-100
BLE,1668366344324509973,43:C5:E4:AD:E1:8E,-102
BLE,1668366344615236559,43:C5:E4:AD:E1:8E,-101
BLE,1668366346327815205,43:C5:E4:AD:E1:8E,-98
BLE,1668366349767886339,43:C5:E4:AD:E1:8E,-88
BLE,1668366350913467701,43:C5:E4:AD:E1:8E,-86
BLE,1668366352332400498,43:C5:E4:AD:E1:8E,-98
BLE,1668366353749216776,43:C5:E4:AD:E1:8E,-98
BLE,1668366354039681907,43:C5:E4:AD:E1:8E,-87
BLE,1668366355192192989,43:C5:E4:AD:E1:8E,-99
BLE,1668366356334733341,43:C5:E4:AD:E1:8E,-99
BLE,1668366357191477304,43:C5:E4:AD:E1:8E,-100
BLE,1668366358050119498,43:C5:E4:AD:E1:8E,-98
BLE,1668366360070985047,43:C5:E4:AD:E1:8E,-89
BLE,1668366360636697635,43:C5:E4:AD:E1:8E,-100
BLE,1668366362077772159,43:C5:E4:AD:E1:8E,-100
BLE,1668366362366488892,43:C5:E4:AD:E1:8E,-99
BLE,1668366364660498670,43:C5:E4:AD:E1:8E,-99
BLE,1668366365517983251,43:C5:E4:AD:E1:8E,-97
BLE,1668366365809282873,43:C5:E4:AD:E1:8E,-100
BLE,1668366367252200878,43:C5:E4:AD:E1:8E,-99
BLE,1668366368103373817,43:C5:E4:AD:E1:8E,-87
BLE,1668366370964710416,43:C5:E4:AD:E1:8E,-99
BLE,1668366371254039601,43:C5:E4:AD:E1:8E,-98
BLE,1668366372111780554,43:C5:E4:AD:E1:8E,-97
BLE,1668366372400442787,43:C5:E4:AD:E1:8E,-101
BLE,1668366373259106148,43:C5:E4:AD:E1:8E,-97
BLE,1668366374114415293,43:C5:E4:AD:E1:8E,-99
BLE,1668366375258385880,43:C5:E4:AD:E1:8E,-98
BLE,1668366376114084647,43:C5:E4:AD:E1:8E,-99
BLE,1668366376972238221,43:C5:E4:AD:E1:8E,-88
BLE,1668366378971740284,43:C5:E4:AD:E1:8E,-88
BLE,1668366380120356323,43:C5:E4:AD:E1:8E,-99
BLE,1668366381563543700,43:C5:E4:AD:E1:8E,-101
BLE,1668366382418366100,43:C5:E4:AD:E1:8E,-102
BLE,1668366386130392518,43:C5:E4:AD:E1:8E,-102
BLE,1668366386421579225,43:C5:E4:AD:E1:8E,-99
BLE,1668366387568062786,43:C5:E4:AD:E1:8E,-87
BLE,1668366389866148396,43:C5:E4:AD:E1:8E,-100
BLE,1668366390153562726,43:C5:E4:AD:E1:8E,-87
BLE,1668366391867990185,43:C5:E4:AD:E1:8E,-99
BLE,1668366392158014779,43:C5:E4:AD:E1:8E,-99
BLE,1668366393598579850,43:C5:E4:AD:E1:8E,-87
BLE,1668366395602913113,43:C5:E4:AD:E1:8E,-86
BLE,1668366396746678786,43:C5:E4:AD:E1:8E,-89
BLE,1668366397602826964,43:C5:E4:AD:E1:8E,-87
BLE,1668366399046758500,43:C5:E4:AD:E1:8E,-88
BLE,1668366399333536795,43:C5:E4:AD:E1:8E,-100
BLE,1668366401337543187,43:C5:E4:AD:E1:8E,-102
BLE,1668366403634200645,43:C5:E4:AD:E1:8E,-96
BLE,1668366405346699791,43:C5:E4:AD:E1:8E,-89
BLE,1668366405636721010,43:C5:E4:AD:E1:8E,-86
BLE,1668366405926552940,43:C5:E4:AD:E1:8E,-99
BLE,1668366406786082666,43:C5:E4:AD:E1:8E,-88
BLE,1668366407074811441,43:C5:E4:AD:E1:8E,-87
BLE,1668366409081288598,43:C5:E4:AD:E1:8E,-86
BLE,1668366410225175019,43:C5:E4:AD:E1:8E,-98
BLE,1668366411667809652,43:C5:E4:AD:E1:8E,-98
BLE,1668366411956468844,43:C5:E4:AD:E1:8E,-98
BLE,1668366413108663553,43:C5:E4:AD:E1:8E,-97
BLE,1668366413397729366,43:C5:E4:AD:E1:8E,-100
BLE,1668366415106386344,43:C5:E4:AD:E1:8E,-98
BLE,1668366417401735316,43:C5:E4:AD:E1:8E,-87
BLE,1668366418259011899,43:C5:E4:AD:E1:8E,-90
BLE,1668366419112966267,43:C5:E4:AD:E1:8E,-99
BLE,1668366419971681543,43:C5:E4:AD:E1:8E,-87
BLE,1668366420260436484,43:C5:E4:AD:E1:8E,-86
BLE,1668366421117987689,43:C5:E4:AD:E1:8E,-88
BLE,1668366421406578590,43:C5:E4:AD:E1:8E,-88
BLE,1668366424290500495,43:C5:E4:AD:E1:8E,-88
BLE,1668366424580314300,43:C5:E4:AD:E1:8E,-101
BLE,1668366425730074743,43:C5:E4:AD:E1:8E,-88
BLE,1668366426875386733,43:C5:E4:AD:E1:8E,-87
BLE,1668366427734097884,43:C5:E4:AD:E1:8E,-102
BLE,1668366428025544505,43:C5:E4:AD:E1:8E,-88
BLE,1668366428314080449,43:C5:E4:AD:E1:8E,-88
BLE,1668366429755001349,43:C5:E4:AD:E1:8E,-88
BLE,1668366430611352734,43:C5:E4:AD:E1:8E,-100
BLE,1668366432051897722,43:C5:E4:AD:E1:8E,-99
BLE,1668366432904429896,43:C5:E4:AD:E1:8E,-99
BLE,1668366434053111267,43:C5:E4:AD:E1:8E,-98
BLE,1668366437205197495,43:C5:E4:AD:E1:8E,-87
BLE,1668366437768146529,43:C5:E4:AD:E1:8E,-87
BLE,1668366438621751359,43:C5:E4:AD:E1:8E,-101
BLE,1668366440062698342,43:C5:E4:AD:E1:8E,-98
BLE,1668366442360229416,43:C5:E4:AD:E1:8E,-100
BLE,1668366444654421817,43:C5:E4:AD:E1:8E,-98
BLE,1668366444944834657,43:C5:E4:AD:E1:8E,-99
BLE,1668366447800771729,43:C5:E4:AD:E1:8E,-89
BLE,1668366448365101249,43:C5:E4:AD:E1:8E,-97
BLE,1668366449510764152,43:C5:E4:AD:E1:8E,-88
BLE,1668366450364480439,43:C5:E4:AD:E1:8E,-88
BLE,1668366451222060435,43:C5:E4:AD:E1:8E,-99
BLE,1668366451786748243,43:C5:E4:AD:E1:8E,-98
BLE,1668366452929479551,43:C5:E4:AD:E1:8E,-88
BLE,1668366454643672721,43:C5:E4:AD:E1:8E,-89
BLE,1668366454933760023,43:C5:E4:AD:E1:8E,-87
BLE,1668366456083761589,43:C5:E4:AD:E1:8E,-99
BLE,1668366456939880851,43:C5:E4:AD:E1:8E,-98
BLE,1668366458086873865,43:C5:E4:AD:E1:8E,-99
BLE,1668366460381363137,43:C5:E4:AD:E1:8E,-99
BLE,1668366460671099901,43:C5:E4:AD:E1:8E,-100
BLE,1668366461821259354,43:C5:E4:AD:E1:8E,-98
BLE,1668366462674990779,43:C5:E4:AD:E1:8E,-87
BLE,1668366464407575200,43:C5:E4:AD:E1:8E,-101
BLE,1668366465554457524,43:C5:E4:AD:E1:8E,-100
BLE,1668366466408620694,43:C5:E4:AD:E1:8E,-86
BLE,1668366469265824171,43:C5:E4:AD:E1:8E,-98
BLE,1668366470979442581,43:C5:E4:AD:E1:8E,-99
BLE,1668366472122033074,43:C5:E4:AD:E1:8E,-100
BLE,1668366472689361613,43:C5:E4:AD:E1:8E,-98
BLE,1668366474690874977,43:C5:E4:AD:E1:8E,-98
BLE,1668366475546994294,43:C5:E4:AD:E1:8E,-98
BLE,1668366478428452017,43:C5:E4:AD:E1:8E,-87
BLE,1668366478715690103,43:C5:E4:AD:E1:8E,-89
BLE,1668366479575779420,43:C5:E4:AD:E1:8E,-99
BLE,1668366480428384898,43:C5:E4:AD:E1:8E,-98
BLE,1668366480718245915,43:C5:E4:AD:E1:8E,-90
BLE,1668366483017739962,43:C5:E4:AD:E1:8E,-98
BLE,1668366485309147676,43:C5:E4:AD:E1:8E,-101
BLE,1668366486166907975,43:C5:E4:AD:E1:8E,-101
BLE,1668366487312016359,43:C5:E4:AD:E1:8E,-88
BLE,1668366489021477271,43:C5:E4:AD:E1:8E,-87
BLE,1668366491025778065,43:C5:E4:AD:E1:8E,-100
BLE,1668366493300803992,43:C5:E4:AD:E1:8E,-100
BLE,1668366493590513010,43:C5:E4:AD:E1:8E,-99
BLE,1668366493881776263,43:C5:E4:AD:E1:8E,-98
BLE,1668366496158293507,43:C5:E4:AD:E1:8E,-102
BLE,1668366498451660743,43:C5:E4:AD:E1:8E,-87
BLE,1668366498740194815,43:C5:E4:AD:E1:8E,-100
BLE,1668366499870804976,43:C5:E4:AD:E1:8E,-99
BLE,1668366500723262205,43:C5:E4:AD:E1:8E,-86
BLE,1668366501288107520,43:C5:E4:AD:E1:8E,-87
BLE,1668366502433259153,43:C5:E4:AD:E1:8E,-99
BLE,1668366503290682498,43:C5:E4:AD:E1:8E,-99
BLE,1668366507854110379,43:C5:E4:AD:E1:8E,-98
BLE,1668366508711453307,43:C5:E4:AD:E1:8E,-98
BLE,1668366509000385917,43:C5:E4:AD:E1:8E,-88
BLE,1668366510150337626,43:C5:E4:AD:E1:8E,-99
BLE,1668366511006480026,43:C5:E4:AD:E1:8E,-87
BLE,1668366512153385183,43:C5:E4:AD:E1:8E,-99
BLE,1668366513005657873,43:C5:E4:AD:E1:8E,-100
BLE,1668366513571628258,43:C5:E4:AD:E1:8E,-85
BLE,1668366514718192377,43:C5:E4:AD:E1:8E,-99
BLE,1668366515282655904,43:C5:E4:AD:E1:8E,-103
BLE,1668366515572163966,43:C5:E4:AD:E1:8E,-99
BLE,1668366516430963880,43:C5:E4:AD:E1:8E,-99
BLE,1668366517871700054,43:C5:E4:AD:E1:8E,-99
BLE,1668366518159693132,43:C5:E4:AD:E1:8E,-100
BLE,1668366519306622122,43:C5:E4:AD:E1:8E,-99
BLE,1668366521872992217,43:C5:E4:AD:E1:8E,-98
BLE,1668366523020986280,43:C5:E4:AD:E1:8E,-89
BLE,1668366525025891026,43:C5:E4:AD:E1:8E,-99
BLE,1668366526172185189,43:C5:E4:AD:E1:8E,-99
BLE,1668366527610506305,43:C5:E4:AD:E1:8E,-102
BLE,1668366527900311781,43:C5:E4:AD:E1:8E,-100
BLE,1668366528465787922,43:C5:E4:AD:E1:8E,-88
BLE,1668366531864836370,43:C5:E4:AD:E1:8E,-99
BLE,1668366534721178147,43:C5:E4:AD:E1:8E,-99
BLE,1668366535010890457,43:C5:E4:AD:E1:8E,-99
BLE,1668366536162284693,43:C5:E4:AD:E1:8E,-98
BLE,1668366537310299380,43:C5:E4:AD:E1:8E,-86
BLE,1668366538161750078,43:C5:E4:AD:E1:8E,-100
BLE,1668366539584184610,43:C5:E4:AD:E1:8E,-98
BLE,1668366541582394134,43:C5:E4:AD:E1:8E,-88
BLE,1668366542440143517,43:C5:E4:AD:E1:8E,-99
BLE,1668366542728634006,43:C5:E4:AD:E1:8E,-98
BLE,1668366543876508195,43:C5:E4:AD:E1:8E,-99
BLE,1668366546172395113,43:C5:E4:AD:E1:8E,-88
BLE,1668366546737663422,43:C5:E4:AD:E1:8E,-96
BLE,1668366548154127475,43:C5:E4:AD:E1:8E,-99
BLE,1668366549010828160,43:C5:E4:AD:E1:8E,-99
BLE,1668366549866001237,43:C5:E4:AD:E1:8E,-97
BLE,1668366551865369790,43:C5:E4:AD:E1:8E,-87
BLE,1668366553011031293,43:C5:E4:AD:E1:8E,-98
BLE,1668366553871752895,43:C5:E4:AD:E1:8E,-98
BLE,1668366555015391378,43:C5:E4:AD:E1:8E,-97
BLE,1668366556724910748,43:C5:E4:AD:E1:8E,-86
BLE,1668366559022470648,43:C5:E4:AD:E1:8E,-99
BLE,1668366559310993762,43:C5:E4:AD:E1:8E,-99
BLE,1668366560458542037,43:C5:E4:AD:E1:8E,-98
BLE,1668366561316224588,43:C5:E4:AD:E1:8E,-99
BLE,1668366561607249967,43:C5:E4:AD:E1:8E,-87
BLE,1668366563046847320,43:C5:E4:AD:E1:8E,-100
BLE,1668366564195527125,43:C5:E4:AD:E1:8E,-86
BLE,1668366565052956095,43:C5:E4:AD:E1:8E,-88
BLE,1668366566763814117,43:C5:E4:AD:E1:8E,-88
BLE,1668366567054772289,43:C5:E4:AD:E1:8E,-99
BLE,1668366567345968793,43:C5:E4:AD:E1:8E,-100
BLE,1668366567638051161,43:C5:E4:AD:E1:8E,-98
BLE,1668366568492946074,43:C5:E4:AD:E1:8E,-98
BLE,1668366569350464167,43:C5:E4:AD:E1:8E,-99
BLE,1668366570496878246,43:C5:E4:AD:E1:8E,-96
BLE,1668366573085638233,43:C5:E4:AD:E1:8E,-89
BLE,1668366574230620660,43:C5:E4:AD:E1:8E,-88
BLE,1668366575376766283,43:C5:E4:AD:E1:8E,-99
BLE,1668366576800021390,43:C5:E4:AD:E1:8E,-97
BLE,1668366577090505942,43:C5:E4:AD:E1:8E,-101
BLE,1668366577379651175,43:C5:E4:AD:E1:8E,-98
BLE,1668366578238380839,43:C5:E4:AD:E1:8E,-101
BLE,1668366580534920625,43:C5:E4:AD:E1:8E,-98
BLE,1668366583097399011,43:C5:E4:AD:E1:8E,-101
BLE,1668366584244832245,43:C5:E4:AD:E1:8E,-87
BLE,1668366584526457723,43:C5:E4:AD:E1:8E,-98
BLE,1668366585099619909,43:C5:E4:AD:E1:8E,-99
BLE,1668366585389727590,43:C5:E4:AD:E1:8E,-100
BLE,1668366586811101133,43:C5:E4:AD:E1:8E,-99
BLE,1668366587956984509,43:C5:E4:AD:E1:8E,-102
BLE,1668366590813626867,43:C5:E4:AD:E1:8E,-98
BLE,1668366591672190741,43:C5:E4:AD:E1:8E,-87
BLE,1668366593111126684,43:C5:E4:AD:E1:8E,-86
BLE,1668366593967331708,43:C5:E4:AD:E1:8E,-100
BLE,1668366595111114565,43:C5:E4:AD:E1:8E,-100
BLE,1668366596260986358,43:C5:E4:AD:E1:8E,-86
BLE,1668366597117495711,43:C5:E4:AD:E1:8E,-89
BLE,1668366598261806562,43:C5:E4:AD:E1:8E,-98
BLE,1668366599411154111,43:C5:E4:AD:E1:8E,-99
BLE,1668366601997411206,43:C5:E4:AD:E1:8E,-100
BLE,1668366603439427451,43:C5:E4:AD:E1:8E,-87
BLE,1668366603728682349,43:C5:E4:AD:E1:8E,-99
BLE,1668366604587435471,43:C5:E4:AD:E1:8E,-101
BLE,1668366604876108959,43:C5:E4:AD:E1:8E,-86
BLE,1668366605730092339,43:C5:E4:AD:E1:8E,-88
BLE,1668366606883333180,43:C5:E4:AD:E1:8E,-100
BLE,1668366608025802342,43:C5:E4:AD:E1:8E,-86
BLE,1668366609173759655,43:C5:E4:AD:E1:8E,-99
BLE,1668366610320748186,43:C5:E4:AD:E1:8E,-100
BLE,1668366610886889904,43:C5:E4:AD:E1:8E,-97
BLE,1668366611737457153,43:C5:E4:AD:E1:8E,-97
BLE,1668366616040047006,43:C5:E4:AD:E1:8E,-100
BLE,1668366616328648702,43:C5:E4:AD:E1:8E,-100
BLE,1668366617185281347,43:C5:E4:AD:E1:8E,-98
BLE,1668366617476807888,43:C5:E4:AD:E1:8E,-99
BLE,1668366618918114932,43:C5:E4:AD:E1:8E,-97
BLE,1668366619775080906,43:C5:E4:AD:E1:8E,-97
BLE,1668366622336955339,43:C5:E4:AD:E1:8E,-98
BLE,1668366623486786633,43:C5:E4:AD:E1:8E,-88
BLE,1668366624635078275,43:C5:E4:AD:E1:8E,-98
BLE,1668366626635221654,43:C5:E4:AD:E1:8E,-99
BLE,1668366629785650446,43:C5:E4:AD:E1:8E,-87
BLE,1668366630935719903,43:C5:E4:AD:E1:8E,-88
BLE,1668366632935081582,43:C5:E4:AD:E1:8E,-100
BLE,1668366634084986666,43:C5:E4:AD:E1:8E,-87
BLE,1668366635228934395,43:C5:E4:AD:E1:8E,-100
BLE,1668366636673259407,43:C5:E4:AD:E1:8E,-99
BLE,1668366636962461431,43:C5:E4:AD:E1:8E,-98
BLE,1668366637816956015,43:C5:E4:AD:E1:8E,-98
BLE,1668366638671778428,43:C5:E4:AD:E1:8E,-98
BLE,1668366638962984056,43:C5:E4:AD:E1:8E,-100
BLE,1668366639822616627,43:C5:E4:AD:E1:8E,-99
BLE,1668366640677510207,43:C5:E4:AD:E1:8E,-100
BLE,1668366640964986665,43:C5:E4:AD:E1:8E,-100
BLE,1668366641530480306,43:C5:E4:AD:E1:8E,-97
BLE,1668366641820124658,43:C5:E4:AD:E1:8E,-88
BLE,1668366643826954967,43:C5:E4:AD:E1:8E,-85
BLE,1668366644975198360,43:C5:E4:AD:E1:8E,-98
BLE,1668366646118195600,43:C5:E4:AD:E1:8E,-89
BLE,1668366647266525534,43:C5:E4:AD:E1:8E,-87
BLE,1668366648415376921,43:C5:E4:AD:E1:8E,-85
BLE,1668366650419666256,43:C5:E4:AD:E1:8E,-88
BLE,1668366652422723562,43:C5:E4:AD:E1:8E,-88
BLE,1668366652711994086,43:C5:E4:AD:E1:8E,-88
BLE,1668366653859056574,43:C5:E4:AD:E1:8E,-86
BLE,1668366655004972325,43:C5:E4:AD:E1:8E,-89
BLE,1668366656426405659,43:C5:E4:AD:E1:8E,-88
BLE,1668366657282467685,43:C5:E4:AD:E1:8E,-99
BLE,1668366658135177995,43:C5:E4:AD:E1:8E,-98
BLE,1668366658992463966,43:C5:E4:AD:E1:8E,-98
BLE,1668366660141472393,43:C5:E4:AD:E1:8E,-98
BLE,1668366660432101818,43:C5:E4:AD:E1:8E,-98
BLE,1668366660720755640,43:C5:E4:AD:E1:8E,-99
BLE,1668366663583985470,43:C5:E4:AD:E1:8E,-101
BLE,1668366664727451538,43:C5:E4:AD:E1:8E,-87
BLE,1668366665582555782,43:C5:E4:AD:E1:8E,-99
BLE,1668366666440913283,43:C5:E4:AD:E1:8E,-87
BLE,1668366667585151135,43:C5:E4:AD:E1:8E,-99
BLE,1668366668733816607,43:C5:E4:AD:E1:8E,-98
BLE,1668366669023695374,43:C5:E4:AD:E1:8E,-99
BLE,1668366670176257847,43:C5:E4:AD:E1:8E,-101
BLE,1668366670465863700,43:C5:E4:AD:E1:8E,-99
BLE,1668366671322302763,43:C5:E4:AD:E1:8E,-99
BLE,1668366672173514214,43:C5:E4:AD:E1:8E,-98
BLE,1668366673032120880,43:C5:E4:AD:E1:8E,-99
BLE,1668366674180183608,43:C5:E4:AD:E1:8E,-99
BLE,1668366674471185071,43:C5:E4:AD:E1:8E,-96
BLE,1668366674762085494,43:C5:E4:AD:E1:8E,-98
BLE,1668366675049768325,43:C5:E4:AD:E1:8E,-92
BLE,1668366675620876783,43:C5:E4:AD:E1:8E,-98
BLE,1668366677913504276,43:C5:E4:AD:E1:8E,-97
BLE,1668366678770806830,43:C5:E4:AD:E1:8E,-98
BLE,1668366679917464406,43:C5:E4:AD:E1:8E,-87
BLE,1668366681065522926,43:C5:E4:AD:E1:8E,-98
BLE,1668366681919987885,43:C5:E4:AD:E1:8E,-88
BLE,1668366684508397417,43:C5:E4:AD:E1:8E,-97
BLE,1668366685652637602,43:C5:E4:AD:E1:8E,-89
BLE,1668366686799722799,43:C5:E4:AD:E1:8E,-98
BLE,1668366689094076440,43:C5:E4:AD:E1:8E,-99
BLE,1668366689949146351,43:C5:E4:AD:E1:8E,-99
BLE,1668366691955385541,43:C5:E4:AD:E1:8E,-99
BLE,1668366692244687272,43:C5:E4:AD:E1:8E,-101
BLE,1668366694541708470,43:C5:E4:AD:E1:8E,-98
BLE,1668366695106451618,43:C5:E4:AD:E1:8E,-102
BLE,1668366696254122684,43:C5:E4:AD:E1:8E,-89
BLE,1668366697398975654,43:C5:E4:AD:E1:8E,-98
BLE,1668366699109260641,43:C5:E4:AD:E1:8E,-99
BLE,1668366700259863468,43:C5:E4:AD:E1:8E,-100
BLE,1668366701403578325,43:C5:E4:AD:E1:8E,-86
BLE,1668366703116019122,43:C5:E4:AD:E1:8E,-98
BLE,1668366703403991284,43:C5:E4:AD:E1:8E,-99
BLE,1668366704551688308,43:C5:E4:AD:E1:8E,-98
BLE,1668366705704138740,43:C5:E4:AD:E1:8E,-87
BLE,1668366707704262952,43:C5:E4:AD:E1:8E,-97
BLE,1668366708851587980,43:C5:E4:AD:E1:8E,-99
BLE,1668366710856647807,43:C5:E4:AD:E1:8E,-88
BLE,1668366711711758884,43:C5:E4:AD:E1:8E,-98
BLE,1668366712858426502,43:C5:E4:AD:E1:8E,-99
BLE,1668366713149514965,43:C5:E4:AD:E1:8E,-99
BLE,1668366714298035313,43:C5:E4:AD:E1:8E,-99
BLE,1668366714586602136,43:C5:E4:AD:E1:8E,-99
BLE,1668366715446433580,43:C5:E4:AD:E1:8E,-86
BLE,1668366716298040068,43:C5:E4:AD:E1:8E,-100
BLE,1668366716862083474,43:C5:E4:AD:E1:8E,-96
BLE,1668366718862277352,43:C5:E4:AD:E1:8E,-102
BLE,1668366720577277540,43:C5:E4:AD:E1:8E,-99
BLE,1668366720864077089,43:C5:E4:AD:E1:8E,-88
BLE,1668366722014138963,43:C5:E4:AD:E1:8E,-99
BLE,1668366722866682025,43:C5:E4:AD:E1:8E,-99
BLE,1668366724310375252,43:C5:E4:AD:E1:8E,-99
BLE,1668366726018026766,43:C5:E4:AD:E1:8E,-100
BLE,1668366726874059500,43:C5:E4:AD:E1:8E,-99
BLE,1668366728294199556,43:C5:E4:AD:E1:8E,-100
BLE,1668366730001796279,43:C5:E4:AD:E1:8E,-88
BLE,1668366731146666749,43:C5:E4:AD:E1:8E,-87
BLE,1668366731715521896,43:C5:E4:AD:E1:8E,-99
BLE,1668366732001677660,43:C5:E4:AD:E1:8E,-98
BLE,1668366733446668582,43:C5:E4:AD:E1:8E,-100
BLE,1668366734883128384,43:C5:E4:AD:E1:8E,-99
BLE,1668366738035607238,43:C5:E4:AD:E1:8E,-99
BLE,1668366739184369667,43:C5:E4:AD:E1:8E,-87
BLE,1668366740035512369,43:C5:E4:AD:E1:8E,-102
BLE,1668366740603008656,43:C5:E4:AD:E1:8E,-100
BLE,1668366741452982203,43:C5:E4:AD:E1:8E,-88
BLE,1668366743457999864,43:C5:E4:AD:E1:8E,-87
BLE,1668366744606663086,43:C5:E4:AD:E1:8E,-89
BLE,1668366745754235861,43:C5:E4:AD:E1:8E,-98
BLE,1668366746316567993,43:C5:E4:AD:E1:8E,-87
BLE,1668366748026755148,43:C5:E4:AD:E1:8E,-99
BLE,1668366748317889776,43:C5:E4:AD:E1:8E,-97
BLE,1668366748607806834,43:C5:E4:AD:E1:8E,-98
BLE,1668366750047552019,43:C5:E4:AD:E1:8E,-101
BLE,1668366751200415322,43:C5:E4:AD:E1:8E,-99
BLE,1668366754080584018,43:C5:E4:AD:E1:8E,-87
BLE,1668366754370398619,43:C5:E4:AD:E1:8E,-87
BLE,1668366758082621382,43:C5:E4:AD:E1:8E,-99
BLE,1668366759230485404,43:C5:E4:AD:E1:8E,-88
BLE,1668366760082852676,43:C5:E4:AD:E1:8E,-99
BLE,1668366762940468857,43:C5:E4:AD:E1:8E,-99
BLE,1668366763799249479,43:C5:E4:AD:E1:8E,-101
BLE,1668366766949325733,43:C5:E4:AD:E1:8E,-99
BLE,1668366767805465091,43:C5:E4:AD:E1:8E,-100
BLE,1668366768092822176,43:C5:E4:AD:E1:8E,-87
BLE,1668366773250612646,43:C5:E4:AD:E1:8E,-99
BLE,1668366774100547694,43:C5:E4:AD:E1:8E,-88
BLE,1668366774960643594,43:C5:E4:AD:E1:8E,-87
BLE,1668366775249317415,43:C5:E4:AD:E1:8E,-88
BLE,1668366775539910674,43:C5:E4:AD:E1:8E,-99
BLE,1668366776400427445,43:C5:E4:AD:E1:8E,-100
BLE,1668366776690714665,43:C5:E4:AD:E1:8E,-87
BLE,1668366777548727546,43:C5:E4:AD:E1:8E,-87
BLE,1668366777836764956,43:C5:E4:AD:E1:8E,-86
BLE,1668366778693148604,43:C5:E4:AD:E1:8E,-97
BLE,1668366780108966663,43:C5:E4:AD:E1:8E,-100
BLE,1668366781550065292,43:C5:E4:AD:E1:8E,-89
BLE,1668366782699277967,43:C5:E4:AD:E1:8E,-86
BLE,1668366783843980480,43:C5:E4:AD:E1:8E,-85
BLE,1668366784703030724,43:C5:E4:AD:E1:8E,-88
BLE,1668366785843550031,43:C5:E4:AD:E1:8E,-108
BLE,1668366786701939116,43:C5:E4:AD:E1:8E,-97
BLE,1668366787849307310,43:C5:E4:AD:E1:8E,-99
BLE,1668366788708222597,43:C5:E4:AD:E1:8E,-100
BLE,1668366790147127790,43:C5:E4:AD:E1:8E,-99
BLE,1668366793880818163,43:C5:E4:AD:E1:8E,-100
BLE,1668366795029594342,43:C5:E4:AD:E1:8E,-99
BLE,1668366795880764543,43:C5:E4:AD:E1:8E,-88
BLE,1668366797886372032,43:C5:E4:AD:E1:8E,-89
BLE,1668366799035482874,43:C5:E4:AD:E1:8E,-87
BLE,1668366799890718158,43:C5:E4:AD:E1:8E,-87
BLE,1668366800180707799,43:C5:E4:AD:E1:8E,-87
BLE,1668366801329616268,43:C5:E4:AD:E1:8E,-99
BLE,1668366801618384963,43:C5:E4:AD:E1:8E,-97
BLE,1668366804412611389,56:83:91:5A:43:CC,-88
BLE,1668366804700687341,56:83:91:5A:43:CC,-98
BLE,1668366805560518244,56:83:91:5A:43:CC,-101
BLE,1668366805850738257,56:83:91:5A:43:CC,-101
BLE,1668366806415710195,56:83:91:5A:43:CC,-99
BLE,1668366807270542983,56:83:91:5A:43:CC,-99
BLE,1668366807560590873,56:83:91:5A:43:CC,-99
BLE,1668366808980103977,56:83:91:5A:43:CC,-100
BLE,1668366809833801944,56:83:91:5A:43:CC,-98
BLE,1668366811270859698,56:83:91:5A:43:CC,-89
BLE,1668366813277180638,56:83:91:5A:43:CC,-101
BLE,1668366815279605534,56:83:91:5A:43:CC,-99
BLE,1668366818137253381,56:83:91:5A:43:CC,-98
BLE,1668366818426959567,56:83:91:5A:43:CC,-100
BLE,1668366822433518800,56:83:91:5A:43:CC,-86
BLE,1668366822999505019,56:83:91:5A:43:CC,-101
BLE,1668366823286949728,56:83:91:5A:43:CC,-88
BLE,1668366824144917733,56:83:91:5A:43:CC,-99
BLE,1668366824435840239,56:83:91:5A:43:CC,-100
BLE,1668366825294591653,56:83:91:5A:43:CC,-97
BLE,1668366825584464420,56:83:91:5A:43:CC,-99
BLE,1668366825875696339,56:83:91:5A:43:CC,-100
BLE,1668366826730946790,56:83:91:5A:43:CC,-98
BLE,1668366827875685886,56:83:91:5A:43:CC,-99
BLE,1668366830739069299,56:83:91:5A:43:CC,-88
BLE,1668366831029358436,56:83:91:5A:43:CC,-86
BLE,1668366831881936081,56:83:91:5A:43:CC,-87
BLE,1668366835032078251,56:83:91:5A:43:CC,-87
BLE,1668366835596617110,56:83:91:5A:43:CC,-98
BLE,1668366836454458534,56:83:91:5A:43:CC,-100
BLE,1668366837307651589,56:83:91:5A:43:CC,-99
BLE,1668366839602029981,56:83:91:5A:43:CC,-99
BLE,1668366841607096600,56:83:91:5A:43:CC,-87
BLE,1668366843317177547,56:83:91:5A:43:CC,-98
BLE,1668366843605611579,56:83:91:5A:43:CC,-99
BLE,1668366844752062407,56:83:91:5A:43:CC,-87
BLE,1668366845609500710,56:83:91:5A:43:CC,-100
BLE,1668366848172071511,56:83:91:5A:43:CC,-86
BLE,1668366849883340196,56:83:91:5A:43:CC,-98
BLE,1668366851325483064,56:83:91:5A:43:CC,-99
BLE,1668366852473381752,56:83:91:5A:43:CC,-90
BLE,1668366853619181171,56:83:91:5A:43:CC,-98
BLE,1668366855037812742,56:83:91:5A:43:CC,-100
BLE,1668366855893412189,56:83:91:5A:43:CC,-99
BLE,1668366857039425272,56:83:91:5A:43:CC,-100
BLE,1668366858188355158,56:83:91:5A:43:CC,-88
BLE,1668366859337098421,56:83:91:5A:43:CC,-85
BLE,1668366860188317289,56:83:91:5A:43:CC,-86
BLE,1668366865048595947,56:83:91:5A:43:CC,-88
BLE,1668366866200442011,56:83:91:5A:43:CC,-96
BLE,1668366868222358996,56:83:91:5A:43:CC,-102
BLE,1668366869078753143,56:83:91:5A:43:CC,-100
BLE,1668366869367121050,56:83:91:5A:43:CC,-99
BLE,1668366871099260309,56:83:91:5A:43:CC,-100
BLE,1668366873107261647,56:83:91:5A:43:CC,-88
BLE,1668366874251070545,56:83:91:5A:43:CC,-87
BLE,1668366875105864834,56:83:91:5A:43:CC,-97
BLE,1668366878844800526,56:83:91:5A:43:CC,-101
BLE,1668366879133464139,56:83:91:5A:43:CC,-100
BLE,1668366880577958107,56:83:91:5A:43:CC,-87
BLE,1668366880867321171,56:83:91:5A:43:CC,-100
BLE,1668366882017334004,56:83:91:5A:43:CC,-86
BLE,1668366883453659058,56:83:91:5A:43:CC,-101
BLE,1668366884308476388,56:83:91:5A:43:CC,-99
BLE,1668366885457495898,56:83:91:5A:43:CC,-97
BLE,1668366885747232125,56:83:91:5A:43:CC,-97
BLE,1668366886603453148,56:83:91:5A:43:CC,-100
BLE,1668366888313702552,56:83:91:5A:43:CC,-87
BLE,1668366889463617178,56:83:91:5A:43:CC,-98
BLE,1668366891172315556,56:83:91:5A:43:CC,-88
BLE,1668366893177318384,56:83:91:5A:43:CC,-88
BLE,1668366894617978850,56:83:91:5A:43:CC,-98
BLE,1668366895467766733,56:83:91:5A:43:CC,-98
BLE,1668366898617483366,56:83:91:5A:43:CC,-100
BLE,1668366899476079490,56:83:91:5A:43:CC,-100
BLE,1668366899766100630,56:83:91:5A:43:CC,-97
BLE,1668366900329891664,56:83:91:5A:43:CC,-100
BLE,1668366900619840430,56:83:91:5A:43:CC,-97
BLE,1668366900905229743,56:83:91:5A:43:CC,-95
BLE,1668366901768676358,56:83:91:5A:43:CC,-98
BLE,1668366904355456865,56:83:91:5A:43:CC,-99
BLE,1668366904921726623,56:83:91:5A:43:CC,-98
BLE,1668366905777989480,56:83:91:5A:43:CC,-99
BLE,1668366908072435579,56:83:91:5A:43:CC,-88
BLE,1668366908928606061,56:83:91:5A:43:CC,-99
BLE,1668366909214773450,56:83:91:5A:43:CC,-99
BLE,1668366910074947933,56:83:91:5A:43:CC,-99
BLE,1668366912365710529,56:83:91:5A:43:CC,-100
BLE,1668366913223015958,56:83:91:5A:43:CC,-97
BLE,1668366914368615462,56:83:91:5A:43:CC,-98
BLE,1668366915811800111,56:83:91:5A:43:CC,-100
BLE,1668366917812373568,56:83:91:5A:43:CC,-100
BLE,1668366918667318105,56:83:91:5A:43:CC,-98
BLE,1668366919522362641,56:83:91:5A:43:CC,-97
BLE,1668366920376784850,56:83:91:5A:43:CC,-99
BLE,1668366922674900161,56:83:91:5A:43:CC,-100
BLE,1668366922966147664,56:83:91:5A:43:CC,-99
BLE,1668366923821166242,56:83:91:5A:43:CC,-98
BLE,1668366924969430593,56:83:91:5A:43:CC,-89
BLE,1668366927261237261,56:83:91:5A:43:CC,-101
BLE,1668366928409881817,56:83:91:5A:43:CC,-96
BLE,1668366931562026800,56:83:91:5A:43:CC,-87
BLE,1668366932709568617,56:83:91:5A:43:CC,-88
BLE,1668366933853196891,56:83:91:5A:43:CC,-101
BLE,1668366936421265885,56:83:91:5A:43:CC,-88
BLE,1668366937570620517,56:83:91:5A:43:CC,-98
BLE,1668366938425416680,56:83:91:5A:43:CC,-100
BLE,1668366939276155095,56:83:91:5A:43:CC,-87
BLE,1668366940136113163,56:83:91:5A:43:CC,-98
BLE,1668366940426869087,56:83:91:5A:43:CC,-98
BLE,1668366941573670079,56:83:91:5A:43:CC,-99
BLE,1668366943871205645,56:83:91:5A:43:CC,-100
BLE,1668366944162208067,56:83:91:5A:43:CC,-98
BLE,1668366944453085782,56:83:91:5A:43:CC,-98
BLE,1668366945603679692,56:83:91:5A:43:CC,-99
BLE,1668366946747381258,56:83:91:5A:43:CC,-99
BLE,1668366947601261223,56:83:91:5A:43:CC,-97
BLE,1668366948167596271,56:83:91:5A:43:CC,-99
BLE,1668366951022071277,56:83:91:5A:43:CC,-89
BLE,1668366951589400065,56:83:91:5A:43:CC,-86
BLE,1668366955300798628,56:83:91:5A:43:CC,-98
BLE,1668366956448708316,56:83:91:5A:43:CC,-99
BLE,1668366958470896382,56:83:91:5A:43:CC,-99
BLE,1668366959035138577,56:83:91:5A:43:CC,-98
BLE,1668366959325695629,56:83:91:5A:43:CC,-97
BLE,1668366959616362012,56:83:91:5A:43:CC,-98
BLE,1668366960766285471,56:83:91:5A:43:CC,-100
BLE,1668366961916350762,56:83:91:5A:43:CC,-99
BLE,1668366962766208019,56:83:91:5A:43:CC,-88
BLE,1668366963918871282,56:83:91:5A:43:CC,-88
BLE,1668366964206772570,56:83:91:5A:43:CC,-99
BLE,1668366965353871600,56:83:91:5A:43:CC,-88
BLE,1668366966212735638,56:83:91:5A:43:CC,-88
BLE,1668366966495235648,56:83:91:5A:43:CC,-95
BLE,1668366967357478359,56:83:91:5A:43:CC,-87
BLE,1668366968216300564,56:83:91:5A:43:CC,-98
BLE,1668366970217753679,56:83:91:5A:43:CC,-86
BLE,1668366970506344501,56:83:91:5A:43:CC,-97
BLE,1668366971072560634,56:83:91:5A:43:CC,-87
BLE,1668366974198220310,56:83:91:5A:43:CC,-89
BLE,1668366975931512181,56:83:91:5A:43:CC,-100
BLE,1668366977370744871,56:83:91:5A:43:CC,-97
BLE,1668366978518945640,56:83:91:5A:43:CC,-99
BLE,1668366979376270152,56:83:91:5A:43:CC,-97
BLE,1668366980227630393,56:83:91:5A:43:CC,-98
BLE,1668366981646917999,56:83:91:5A:43:CC,-103
BLE,1668366982504359302,56:83:91:5A:43:CC,-89
BLE,1668366982791764886,56:83:91:5A:43:CC,-102
BLE,1668366983359312964,56:83:91:5A:43:CC,-85
BLE,1668366984503984186,56:83:91:5A:43:CC,-101
BLE,1668366985946400759,56:83:91:5A:43:CC,-100
BLE,1668366986800181059,56:83:91:5A:43:CC,-98
BLE,1668366987090038576,56:83:91:5A:43:CC,-99
BLE,1668366991097813880,56:83:91:5A:43:CC,-100
BLE,1668366992247638340,56:83:91:5A:43:CC,-98
BLE,1668366994830857092,56:83:91:5A:43:CC,-99
BLE,1668366995685969586,56:83:91:5A:43:CC,-97
BLE,1668366997400303364,56:83:91:5A:43:CC,-87
BLE,1668366997687654865,56:83:91:5A:43:CC,-89
BLE,1668366998543896222,56:83:91:5A:43:CC,-101
BLE,1668367000546440950,56:83:91:5A:43:CC,-100
BLE,1668367001112673417,56:83:91:5A:43:CC,-86
BLE,1668367001402449435,56:83:91:5A:43:CC,-87
BLE,1668367002258944622,56:83:91:5A:43:CC,-99
BLE,1668367004550200672,56:83:91:5A:43:CC,-87
BLE,1668367006263990621,56:83:91:5A:43:CC,-98
BLE,1668367006553768848,56:83:91:5A:43:CC,-100
BLE,1668367008558421929,56:83:91:5A:43:CC,-101
BLE,1668367009705151838,56:83:91:5A:43:CC,-97
BLE,1668367009994993939,56:83:91:5A:43:CC,-98
BLE,1668367011729806669,56:83:91:5A:43:CC,-86
BLE,1668367013733584760,56:83:91:5A:43:CC,-87
BLE,1668367014589565578,56:83:91:5A:43:CC,-88
BLE,1668367014879588552,56:83:91:5A:43:CC,-88
BLE,1668367016027715946,56:83:91:5A:43:CC,-99
BLE,1668367017740160077,56:83:91:5A:43:CC,-98
BLE,1668367018028791815,56:83:91:5A:43:CC,-98
BLE,1668367018882481198,56:83:91:5A:43:CC,-99
BLE,1668367020327180081,56:83:91:5A:43:CC,-100
BLE,1668367021469721409,56:83:91:5A:43:CC,-98
BLE,1668367022326311429,56:83:91:5A:43:CC,-99
BLE,1668367022890822038,56:83:91:5A:43:CC,-99
BLE,1668367023181139217,56:83:91:5A:43:CC,-98
BLE,1668367023746985729,56:83:91:5A:43:CC,-99
BLE,1668367024034624227,56:83:91:5A:43:CC,-101
BLE,1668367026039877219,56:83:91:5A:43:CC,-87
BLE,1668367026897315980,56:83:91:5A:43:CC,-100
BLE,1668367028629077326,56:83:91:5A:43:CC,-99
BLE,1668367029775250574,56:83:91:5A:43:CC,-99
BLE,1668367030338837027,56:83:91:5A:43:CC,-87
BLE,1668367031484051160,56:83:91:5A:43:CC,-87
BLE,1668367032923996801,56:83:91:5A:43:CC,-100
BLE,1668367033777787975,56:83:91:5A:43:CC,-99
BLE,1668367034343956150,56:83:91:5A:43:CC,-98
BLE,1668367035200319631,56:83:91:5A:43:CC,-98
BLE,1668367038637957384,56:83:91:5A:43:CC,-100
BLE,1668367039790256027,56:83:91:5A:43:CC,-89
BLE,1668367040078614434,56:83:91:5A:43:CC,-87
BLE,1668367041226081627,56:83:91:5A:43:CC,-98
BLE,1668367041788999962,56:83:91:5A:43:CC,-90
BLE,1668367042079698095,56:83:91:5A:43:CC,-97
BLE,1668367043230446337,56:83:91:5A:43:CC,-100
BLE,1668367044084164762,56:83:91:5A:43:CC,-99
BLE,1668367044941711980,56:83:91:5A:43:CC,-86
BLE,1668367045794109168,56:83:91:5A:43:CC,-101
BLE,1668367046085305963,56:83:91:5A:43:CC,-98
BLE,1668367047232984987,56:83:91:5A:43:CC,-98
BLE,1668367048092752474,56:83:91:5A:43:CC,-99
BLE,1668367048383312817,56:83:91:5A:43:CC,-97
BLE,1668367049235592965,56:83:91:5A:43:CC,-98
BLE,1668367050091876530,56:83:91:5A:43:CC,-99
BLE,1668367053532985539,56:83:91:5A:43:CC,-86
BLE,1668367055535683266,56:83:91:5A:43:CC,-88
BLE,1668367056393129402,56:83:91:5A:43:CC,-101
BLE,1668367057540940424,56:83:91:5A:43:CC,-86
BLE,1668367057823040689,56:83:91:5A:43:CC,-95
BLE,1668367058398635182,56:83:91:5A:43:CC,-99
BLE,1668367058687970121,56:83:91:5A:43:CC,-87
BLE,1668367060129394455,56:83:91:5A:43:CC,-99
BLE,1668367061276833149,56:83:91:5A:43:CC,-97
BLE,1668367063276062995,56:83:91:5A:43:CC,-99
BLE,1668367064425408168,56:83:91:5A:43:CC,-98
BLE,1668367065843572036,56:83:91:5A:43:CC,-85
BLE,1668367066134144504,56:83:91:5A:43:CC,-86
BLE,1668367068136059323,56:83:91:5A:43:CC,-99
BLE,1668367068994658530,56:83:91:5A:43:CC,-98
BLE,1668367069850487058,56:83:91:5A:43:CC,-87
BLE,1668367070992907345,56:83:91:5A:43:CC,-99
BLE,1668367072998067421,56:83:91:5A:43:CC,-87
BLE,1668367075853162629,56:83:91:5A:43:CC,-99
BLE,1668367077005540770,56:83:91:5A:43:CC,-88
BLE,1668367078148273888,56:83:91:5A:43:CC,-88
BLE,1668367078713208284,56:83:91:5A:43:CC,-100
BLE,1668367079003052593,56:83:91:5A:43:CC,-98
BLE,1668367079860594645,56:83:91:5A:43:CC,-97
BLE,1668367080716898501,56:83:91:5A:43:CC,-89
BLE,1668367081571742455,56:83:91:5A:43:CC,-99
BLE,1668367082136702060,56:83:91:5A:43:CC,-87
BLE,1668367083284441167,56:83:91:5A:43:CC,-98
BLE,1668367084723574066,56:83:91:5A:43:CC,-97
BLE,1668367085286952104,56:83:91:5A:43:CC,-87
BLE,1668367085578720518,56:83:91:5A:43:CC,-87
BLE,1668367086726767455,56:83:91:5A:43:CC,-99
BLE,1668367087580527879,56:83:91:5A:43:CC,-99
BLE,1668367089019172784,56:83:91:5A:43:CC,-99
BLE,1668367090165549571,56:83:91:5A:43:CC,-100
BLE,1668367091022973832,56:83:91:5A:43:CC,-98
BLE,1668367092733113612,56:83:91:5A:43:CC,-99
BLE,1668367095299348625,56:83:91:5A:43:CC,-86
BLE,1668367096154430578,56:83:91:5A:43:CC,-102
BLE,1668367097006797142,56:83:91:5A:43:CC,-88
BLE,1668367098716383302,56:83:91:5A:43:CC,-102
BLE,1668367099571335464,56:83:91:5A:43:CC,-97
BLE,1668367102431807032,56:83:91:5A:43:CC,-99
BLE,1668367103578007446,56:83:91:5A:43:CC,-98
BLE,1668367103867842922,56:83:91:5A:43:CC,-99
BLE,1668367104726634419,56:83:91:5A:43:CC,-98
BLE,1668367105873755323,56:83:91:5A:43:CC,-87
BLE,1668367107020037654,56:83:91:5A:43:CC,-88
BLE,1668367107583698897,56:83:91:5A:43:CC,-97
BLE,1668367108726319599,56:83:91:5A:43:CC,-99
BLE,1668367110440540336,56:83:91:5A:43:CC,-101
BLE,1668367112148884301,56:83:91:5A:43:CC,-98
BLE,1668367115298073315,56:83:91:5A:43:CC,-88
BLE,1668367116715554773,56:83:91:5A:43:CC,-87
BLE,1668367117861664605,56:83:91:5A:43:CC,-84
BLE,1668367118428672355,56:83:91:5A:43:CC,-86
BLE,1668367122703855369,56:83:91:5A:43:CC,-102
BLE,1668367123850735401,56:83:91:5A:43:CC,-87
BLE,1668367126145802911,56:83:91:5A:43:CC,-97
BLE,1668367126708092710,56:83:91:5A:43:CC,-88
BLE,1668367127561964466,56:83:91:5A:43:CC,-98
BLE,1668367128710794145,56:83:91:5A:43:CC,-87
BLE,1668367129563089543,56:83:91:5A:43:CC,-99
BLE,1668367131275790838,56:83:91:5A:43:CC,-99
BLE,1668367131565572772,56:83:91:5A:43:CC,-86
BLE,1668367134130797254,56:83:91:5A:43:CC,-88
BLE,1668367135277632454,56:83:91:5A:43:CC,-90
BLE,1668367136425852931,56:83:91:5A:43:CC,-88
BLE,1668367138430141599,56:83:91:5A:43:CC,-88
BLE,1668367139285249176,56:83:91:5A:43:CC,-98
BLE,1668367140432071626,56:83:91:5A:43:CC,-89
BLE,1668367141577222718,56:83:91:5A:43:CC,-97
BLE,1668367142436841665,56:83:91:5A:43:CC,-98
BLE,1668367142728159458,56:83:91:5A:43:CC,-99
BLE,1668367143016882987,56:83:91:5A:43:CC,-98
BLE,1668367144165259212,56:83:91:5A:43:CC,-98
BLE,1668367145314467637,56:83:91:5A:43:CC,-99
BLE,1668367149321983110,56:83:91:5A:43:CC,-100
BLE,1668367150468867726,56:83:91:5A:43:CC,-100
BLE,1668367151614604187,56:83:91:5A:43:CC,-100
BLE,1668367153323403564,56:83:91:5A:43:CC,-100
BLE,1668367155034633124,56:83:91:5A:43:CC,-99
BLE,1668367155326200331,56:83:91:5A:43:CC,-99
BLE,1668367156474482974,56:83:91:5A:43:CC,-87
BLE,1668367157328383022,56:83:91:5A:43:CC,-86
BLE,1668367159333354309,56:83:91:5A:43:CC,-99
BLE,1668367159621953672,56:83:91:5A:43:CC,-98
BLE,1668367161627594827,56:83:91:5A:43:CC,-102
BLE,1668367162191934229,56:83:91:5A:43:CC,-101
BLE,1668367163338702221,56:83:91:5A:43:CC,-100
BLE,1668367164195218075,56:83:91:5A:43:CC,-101
BLE,1668367165634543848,56:83:91:5A:43:CC,-88
BLE,1668367166491043118,56:83:91:5A:43:CC,-88
BLE,1668367166780779303,56:83:91:5A:43:CC,-88
BLE,1668367168221536936,56:83:91:5A:43:CC,-99
BLE,1668367169370192158,56:83:91:5A:43:CC,-88
BLE,1668367169657804323,56:83:91:5A:43:CC,-88
BLE,1668367171103525154,56:83:91:5A:43:CC,-87
BLE,1668367171389539878,56:83:91:5A:43:CC,-88
BLE,1668367172250784558,56:83:91:5A:43:CC,-87
BLE,1668367172537008779,56:83:91:5A:43:CC,-88
BLE,1668367173689279005,56:83:91:5A:43:CC,-99
BLE,1668367174540207667,56:83:91:5A:43:CC,-98
BLE,1668367175961637127,56:83:91:5A:43:CC,-97
BLE,1668367176251412436,56:83:91:5A:43:CC,-99
BLE,1668367176818232355,56:83:91:5A:43:CC,-100
BLE,1668367179966683084,56:83:91:5A:43:CC,-99
BLE,1668367184243433873,56:83:91:5A:43:CC,-99
BLE,1668367185390312406,56:83:91:5A:43:CC,-97
BLE,1668367187095851108,56:83:91:5A:43:CC,-89
BLE,1668367187954506024,56:83:91:5A:43:CC,-100
BLE,1668367189393423800,56:83:91:5A:43:CC,-88
BLE,1668367189684061684,56:83:91:5A:43:CC,-87
BLE,1668367190540664453,56:83:91:5A:43:CC,-100
BLE,1668367192250854858,56:83:91:5A:43:CC,-98
BLE,1668367193395527122,56:83:91:5A:43:CC,-99
BLE,1668367194545824285,56:83:91:5A:43:CC,-97
BLE,1668367195693421810,56:83:91:5A:43:CC,-101
BLE,1668367195983157078,56:83:91:5A:43:CC,-99
BLE,1668367196550735114,56:83:91:5A:43:CC,-98
BLE,1668367197401259155,56:83:91:5A:43:CC,-88
BLE,1668367198259614365,56:83:91:5A:43:CC,-90
BLE,1668367198550665286,56:83:91:5A:43:CC,-87
BLE,1668367199989292441,56:83:91:5A:43:CC,-97
BLE,1668367200846714160,56:83:91:5A:43:CC,-99
BLE,1668367201700314461,56:83:91:5A:43:CC,-98
BLE,1668367202555483954,56:83:91:5A:43:CC,-100
BLE,1668367203411980184,56:83:91:5A:43:CC,-87
BLE,1668367204265908273,56:83:91:5A:43:CC,-98
BLE,1668367205977244207,56:83:91:5A:43:CC,-97
BLE,1668367206265734113,56:83:91:5A:43:CC,-99
BLE,1668367208269833409,56:83:91:5A:43:CC,-88
BLE,1668367210858604853,56:83:91:5A:43:CC,-98
BLE,1668367212277410882,56:83:91:5A:43:CC,-100
BLE,1668367212567167566,56:83:91:5A:43:CC,-99
BLE,1668367213987383121,56:83:91:5A:43:CC,-99
BLE,1668367214275921736,56:83:91:5A:43:CC,-98
BLE,1668367215130960647,56:83:91:5A:43:CC,-100
BLE,1668367215698587390,56:83:91:5A:43:CC,-99
BLE,1668367215989696852,56:83:91:5A:43:CC,-100
BLE,1668367216845975876,56:83:91:5A:43:CC,-87
BLE,1668367217994384392,56:83:91:5A:43:CC,-98
BLE,1668367218284650613,56:83:91:5A:43:CC,-101
BLE,1668367219135375944,56:83:91:5A:43:CC,-98
BLE,1668367220287373840,56:83:91:5A:43:CC,-88
BLE,1668367221729351709,56:83:91:5A:43:CC,-99
BLE,1668367222016489005,56:83:91:5A:43:CC,-86
BLE,1668367223163853490,56:83:91:5A:43:CC,-99
BLE,1668367223731752606,56:83:91:5A:43:CC,-98
BLE,1668367224020969922,56:83:91:5A:43:CC,-98
BLE,1668367224310933479,56:83:91:5A:43:CC,-98
BLE,1668367225167437125,56:83:91:5A:43:CC,-97
BLE,1668367226879928172,56:83:91:5A:43:CC,-98
BLE,1668367228026958328,56:83:91:5A:43:CC,-99
BLE,1668367231469965900,56:83:91:5A:43:CC,-100
BLE,1668367234034990009,56:83:91:5A:43:CC,-97
BLE,1668367235184052394,56:83:91:5A:43:CC,-99
BLE,1668367235472780089,56:83:91:5A:43:CC,-99
BLE,1668367236621332979,56:83:91:5A:43:CC,-99
BLE,1668367237768541508,56:83:91:5A:43:CC,-99
BLE,1668367238624997863,56:83:91:5A:43:CC,-86
BLE,1668367238913499935,56:83:91:5A:43:CC,-89
BLE,1668367241775467154,56:83:91:5A:43:CC,-97
BLE,1668367242627452222,56:83:91:5A:43:CC,-99
BLE,1668367243774056007,56:83:91:5A:43:CC,-104
BLE,1668367244341569794,56:83:91:5A:43:CC,-87
BLE,1668367245195479175,56:83:91:5A:43:CC,-98
BLE,1668367245484076455,56:83:91:5A:43:CC,-99
BLE,1668367246632277557,56:83:91:5A:43:CC,-99
BLE,1668367247491136428,56:83:91:5A:43:CC,-99
BLE,1668367249492526419,56:83:91:5A:43:CC,-89
BLE,1668367249781137574,56:83:91:5A:43:CC,-87
BLE,1668367251496225927,56:83:91:5A:43:CC,-100
BLE,1668367254084340878,56:83:91:5A:43:CC,-98
BLE,1668367254372451539,56:83:91:5A:43:CC,-85
BLE,1668367255231039746,56:83:91:5A:43:CC,-98
BLE,1668367256377586448,56:83:91:5A:43:CC,-97
BLE,1668367257229882930,56:83:91:5A:43:CC,-99
BLE,1668367258380056636,56:83:91:5A:43:CC,-87
BLE,1668367258671145682,56:83:91:5A:43:CC,-86
BLE,1668367259527352206,56:83:91:5A:43:CC,-99
BLE,1668367260382463075,56:83:91:5A:43:CC,-87
BLE,1668367260672437632,56:83:91:5A:43:CC,-101
BLE,1668367261822346841,56:83:91:5A:43:CC,-87
BLE,1668367262971925387,56:83:91:5A:43:CC,-100
BLE,1668367263824744696,56:83:91:5A:43:CC,-100
BLE,1668367264678495454,56:83:91:5A:43:CC,-97
BLE,1668367265243687514,56:83:91:5A:43:CC,-99
BLE,1668367265533547365,56:83:91:5A:43:CC,-88
BLE,1668367266387372164,56:83:91:5A:43:CC,-101
BLE,1668367268415722289,56:83:91:5A:43:CC,-97
BLE,1668367269271792190,56:83:91:5A:43:CC,-98
BLE,1668367270416193373,56:83:91:5A:43:CC,-99
BLE,1668367272130016323,56:83:91:5A:43:CC,-98
BLE,1668367273860675597,56:83:91:5A:43:CC,-99
BLE,1668367274149625831,56:83:91:5A:43:CC,-97
BLE,1668367275009355110,56:83:91:5A:43:CC,-99
BLE,1668367276152571973,56:83:91:5A:43:CC,-100
BLE,1668367277597462104,56:83:91:5A:43:CC,-88
BLE,1668367277888134112,56:83:91:5A:43:CC,-97
BLE,1668367279329970192,56:83:91:5A:43:CC,-100
BLE,1668367280181168851,56:83:91:5A:43:CC,-87
BLE,1668367281036186387,56:83:91:5A:43:CC,-86
BLE,1668367282746136377,56:83:91:5A:43:CC,-87
BLE,1668367283603668762,56:83:91:5A:43:CC,-98
BLE,1668367286749945973,56:83:91:5A:43:CC,-99
BLE,1668367287898730069,56:83:91:5A:43:CC,-99
BLE,1668367288754473181,56:83:91:5A:43:CC,-98
BLE,1668367290466230944,56:83:91:5A:43:CC,-100
BLE,1668367291883968066,56:83:91:5A:43:CC,-89
BLE,1668367293322526638,56:83:91:5A:43:CC,-87
BLE,1668367293612354489,56:83:91:5A:43:CC,-99
BLE,1668367294763745891,56:83:91:5A:43:CC,-88
BLE,1668367295619895457,56:83:91:5A:43:CC,-86
BLE,1668367295909837640,56:83:91:5A:43:CC,-86
BLE,1668367297911441420,56:83:91:5A:43:CC,-100
BLE,1668367298768903764,56:83:91:5A:43:CC,-99
BLE,1668367300207030757,56:83:91:5A:43:CC,-99
BLE,1668367301064169438,56:83:91:5A:43:CC,-88
BLE,1668367301353249088,56:83:91:5A:43:CC,-88
BLE,1668367302500910237,56:83:91:5A:43:CC,-88
BLE,1668367303358922201,56:83:91:5A:43:CC,-86
BLE,1668367304211290223,56:83:91:5A:43:CC,-97
BLE,1668367305065742015,56:83:91:5A:43:CC,-99
BLE,1668367306212695130,56:83:91:5A:43:CC,-85
BLE,1668367308782671187,56:83:91:5A:43:CC,-97
BLE,1668367309929251264,56:83:91:5A:43:CC,-98
BLE,1668367311078279399,56:83:91:5A:43:CC,-102
BLE,1668367312222044589,56:83:91:5A:43:CC,-99
BLE,1668367313368901414,56:83:91:5A:43:CC,-100
BLE,1668367315375199936,56:83:91:5A:43:CC,-99
BLE,1668367316228165244,56:83:91:5A:43:CC,-100
BLE,1668367317377606458,56:83:91:5A:43:CC,-96
BLE,1668367318815175165,56:83:91:5A:43:CC,-97
BLE,1668367319380128520,56:83:91:5A:43:CC,-87
BLE,1668367320527569547,56:83:91:5A:43:CC,-88
BLE,1668367320818872632,56:83:91:5A:43:CC,-88
BLE,1668367321110116176,56:83:91:5A:43:CC,-86
BLE,1668367322255346392,56:83:91:5A:43:CC,-98
BLE,1668367323700067733,56:83:91:5A:43:CC,-100
BLE,1668367324552695170,56:83:91:5A:43:CC,-87
BLE,1668367326845310788,56:83:91:5A:43:CC,-100
BLE,1668367327995283330,56:83:91:5A:43:CC,-99
BLE,1668367328852615342,56:83:91:5A:43:CC,-99
BLE,1668367330290280340,56:83:91:5A:43:CC,-99
BLE,1668367331731476176,56:83:91:5A:43:CC,-100
BLE,1668367332586763543,56:83:91:5A:43:CC,-87
BLE,1668367333437654664,56:83:91:5A:43:CC,-98
BLE,1668367334295627086,56:83:91:5A:43:CC,-98
BLE,1668367334585766267,56:83:91:5A:43:CC,-99
BLE,1668367335440830802,56:83:91:5A:43:CC,-101
BLE,1668367337154057967,56:83:91:5A:43:CC,-98
BLE,1668367338302725606,56:83:91:5A:43:CC,-97
BLE,1668367338592670872,56:83:91:5A:43:CC,-100
BLE,1668367340306667653,56:83:91:5A:43:CC,-98
BLE,1668367340592768334,56:83:91:5A:43:CC,-85
BLE,1668367341451628788,56:83:91:5A:43:CC,-87
BLE,1668367342597322083,56:83:91:5A:43:CC,-87
BLE,1668367343160276334,56:83:91:5A:43:CC,-100
BLE,1668367344308546227,56:83:91:5A:43:CC,-87
BLE,1668367346314111632,56:83:91:5A:43:CC,-99
BLE,1668367346603969274,56:83:91:5A:43:CC,-99
BLE,1668367347461466909,56:83:91:5A:43:CC,-103
BLE,1668367347747498175,56:83:91:5A:43:CC,-99
BLE,1668367348315242375,56:83:91:5A:43:CC,-98
BLE,1668367348605170100,56:83:91:5A:43:CC,-100
BLE,1668367350607754745,56:83:91:5A:43:CC,-99
BLE,1668367351754654110,56:83:91:5A:43:CC,-101
BLE,1668367353467311739,56:83:91:5A:43:CC,-101
BLE,1668367354322124694,56:83:91:5A:43:CC,-99
BLE,1668367355178437717,56:83:91:5A:43:CC,-98
BLE,1668367358326495450,56:83:91:5A:43:CC,-98
BLE,1668367358616269801,56:83:91:5A:43:CC,-87
BLE,1668367359763914867,56:83:91:5A:43:CC,-99
BLE,1668367360618887654,56:83:91:5A:43:CC,-97
BLE,1668367361476309623,56:83:91:5A:43:CC,-86
BLE,1668367361766489887,56:83:91:5A:43:CC,-89
BLE,1668367363500183338,56:83:91:5A:43:CC,-99
BLE,1668367364649911632,56:83:91:5A:43:CC,-98
BLE,1668367366356507407,56:83:91:5A:43:CC,-98
BLE,1668367367796411382,56:83:91:5A:43:CC,-97
BLE,1668367370946444386,56:83:91:5A:43:CC,-87
BLE,1668367371801358257,56:83:91:5A:43:CC,-88
BLE,1668367373805344096,56:83:91:5A:43:CC,-100
BLE,1668367374662691733,56:83:91:5A:43:CC,-88
BLE,1668367374952566874,56:83:91:5A:43:CC,-88
BLE,1668367375811083791,56:83:91:5A:43:CC,-89
BLE,1668367376958405027,56:83:91:5A:43:CC,-98
BLE,1668367377247579093,56:83:91:5A:43:CC,-98
BLE,1668367378399112535,56:83:91:5A:43:CC,-99
BLE,1668367379541693737,56:83:91:5A:43:CC,-99
BLE,1668367380400390985,56:83:91:5A:43:CC,-100
BLE,1668367380688984599,56:83:91:5A:43:CC,-98
BLE,1668367381545381620,56:83:91:5A:43:CC,-98
BLE,1668367382693006103,56:83:91:5A:43:CC,-88
BLE,1668367383549116087,56:83:91:5A:43:CC,-88
BLE,1668367383840952375,56:83:91:5A:43:CC,-98
BLE,1668367384988022905,56:83:91:5A:43:CC,-99
BLE,1668367385845458583,56:83:91:5A:43:CC,-98
BLE,1668367386135292808,56:83:91:5A:43:CC,-95
BLE,1668367387846784949,56:83:91:5A:43:CC,-87
BLE,1668367388704194377,56:83:91:5A:43:CC,-87
BLE,1668367388996002290,56:83:91:5A:43:CC,-88
BLE,1668367389286558717,56:83:91:5A:43:CC,-99
BLE,1668367390144092560,56:83:91:5A:43:CC,-96
BLE,1668367393585096695,56:83:91:5A:43:CC,-99
BLE,1668367393874083721,56:83:91:5A:43:CC,-97
BLE,1668367394731583482,56:83:91:5A:43:CC,-97
BLE,1668367395587014138,56:83:91:5A:43:CC,-99
BLE,1668367396444134819,56:83:91:5A:43:CC,-100
BLE,1668367397297910494,56:83:91:5A:43:CC,-88
BLE,1668367397586743021,56:83:91:5A:43:CC,-86
BLE,1668367398443094502,56:83:91:5A:43:CC,-100
BLE,1668367399301536503,56:83:91:5A:43:CC,-98
BLE,1668367401011728573,56:83:91:5A:43:CC,-99
BLE,1668367403011892410,56:83:91:5A:43:CC,-86
BLE,1668367403576695225,56:83:91:5A:43:CC,-100
BLE,1668367403865409795,56:83:91:5A:43:CC,-100
BLE,1668367406163151402,56:83:91:5A:43:CC,-98
BLE,1668367407601880805,56:83:91:5A:43:CC,-101
BLE,1668367409874413842,56:83:91:5A:43:CC,-97
BLE,1668367412730596704,56:83:91:5A:43:CC,-100
BLE,1668367413880603912,56:83:91:5A:43:CC,-99
BLE,1668367414734157172,56:83:91:5A:43:CC,-88
BLE,1668367415589300166,56:83:91:5A:43:CC,-98
BLE,1668367417028114902,56:83:91:5A:43:CC,-98
BLE,1668367419326783832,56:83:91:5A:43:CC,-87
BLE,1668367420471790300,56:83:91:5A:43:CC,-88
BLE,1668367422183099776,56:83:91:5A:43:CC,-86
BLE,1668367422747978548,56:83:91:5A:43:CC,-99
BLE,1668367423601752473,56:83:91:5A:43:CC,-99
BLE,1668367424750659734,56:83:91:5A:43:CC,-87
BLE,1668367425040478251,56:83:91:5A:43:CC,-86
BLE,1668367425329288946,56:83:91:5A:43:CC,-87
BLE,1668367426190556542,56:83:91:5A:43:CC,-99
BLE,1668367426480466100,56:83:91:5A:43:CC,-98
BLE,1668367426769695832,56:83:91:5A:43:CC,-99
BLE,1668367427627469964,56:83:91:5A:43:CC,-102
BLE,1668367427918003516,56:83:91:5A:43:CC,-97
BLE,1668367429626958642,56:83:91:5A:43:CC,-88
BLE,1668367430486266008,56:83:91:5A:43:CC,-99
BLE,1668367431341193879,56:83:91:5A:43:CC,-89
BLE,1668367432486381637,56:83:91:5A:43:CC,-88
BLE,1668367433344147644,56:83:91:5A:43:CC,-99
BLE,1668367434489397527,56:83:91:5A:43:CC,-99
BLE,1668367435346635457,56:83:91:5A:43:CC,-97
BLE,1668367435635400485,56:83:91:5A:43:CC,-96
BLE,1668367436199252393,56:83:91:5A:43:CC,-100
BLE,1668367437640544603,56:83:91:5A:43:CC,-100
BLE,1668367439078880428,56:83:91:5A:43:CC,-89
BLE,1668367439933810340,56:83:91:5A:43:CC,-100
BLE,1668367440790130863,56:83:91:5A:43:CC,-97
BLE,1668367441644971317,56:83:91:5A:43:CC,-86
BLE,1668367441935369121,56:83:91:5A:43:CC,-86
BLE,1668367442795575519,56:83:91:5A:43:CC,-99
BLE,1668367444234283715,56:83:91:5A:43:CC,-99
BLE,1668367445090584363,56:83:91:5A:43:CC,-98
BLE,1668367445944257288,56:83:91:5A:43:CC,-99
BLE,1668367446799098076,56:83:91:5A:43:CC,-96
BLE,1668367447089962249,56:83:91:5A:43:CC,-98
BLE,1668367448235198674,56:83:91:5A:43:CC,-99
BLE,1668367450238110190,56:83:91:5A:43:CC,-99
BLE,1668367452511856589,56:83:91:5A:43:CC,-87
BLE,1668367453662415208,56:83:91:5A:43:CC,-101
BLE,1668367454515264975,56:83:91:5A:43:CC,-97
BLE,1668367456515601435,56:83:91:5A:43:CC,-98
BLE,1668367458787747267,56:83:91:5A:43:CC,-98
BLE,1668367459647999373,56:83:91:5A:43:CC,-99
BLE,1668367459935368000,56:83:91:5A:43:CC,-98
BLE,1668367461085615330,56:83:91:5A:43:CC,-98
BLE,1668367462234209012,56:83:91:5A:43:CC,-99
BLE,1668367463943150845,56:83:91:5A:43:CC,-105
BLE,1668367465091306156,56:83:91:5A:43:CC,-98
BLE,1668367466235214969,56:83:91:5A:43:CC,-86
BLE,1668367467093767011,56:83:91:5A:43:CC,-100
BLE,1668367467384654100,56:83:91:5A:43:CC,-98
BLE,1668367468239573138,56:83:91:5A:43:CC,-99
BLE,1668367470511538638,56:83:91:5A:43:CC,-97
BLE,1668367471369445144,56:83:91:5A:43:CC,-86
BLE,1668367473099597215,56:83:91:5A:43:CC,-102
BLE,1668367473391357879,56:83:91:5A:43:CC,-87
BLE,1668367474248553684,56:83:91:5A:43:CC,-99
BLE,1668367476254053798,56:83:91:5A:43:CC,-97
BLE,1668367478544627563,56:83:91:5A:43:CC,-97
BLE,1668367479109150047,56:83:91:5A:43:CC,-99
BLE,1668367480258195015,56:83:91:5A:43:CC,-87
BLE,1668367483114784832,56:83:91:5A:43:CC,-86
BLE,1668367484533390487,56:83:91:5A:43:CC,-99
BLE,1668367484820750947,56:83:91:5A:43:CC,-87
BLE,1668367485675849066,56:83:91:5A:43:CC,-89
BLE,1668367486530759895,56:83:91:5A:43:CC,-88
BLE,1668367487388300986,56:83:91:5A:43:CC,-88
BLE,1668367488242191903,56:83:91:5A:43:CC,-99
BLE,1668367490535958284,56:83:91:5A:43:CC,-102
BLE,1668367494833465616,56:83:91:5A:43:CC,-88
BLE,1668367495693295512,56:83:91:5A:43:CC,-89
BLE,1668367496835895414,56:83:91:5A:43:CC,-87
BLE,1668367497695712268,56:83:91:5A:43:CC,-99
BLE,1668367499990817719,56:83:91:5A:43:CC,-97
BLE,1668367501133682909,56:83:91:5A:43:CC,-98
BLE,1668367502284689640,56:83:91:5A:43:CC,-88
BLE,1668367503140654577,56:83:91:5A:43:CC,-98
BLE,1668367503429831765,56:83:91:5A:43:CC,-97
BLE,1668367504288348634,56:83:91:5A:43:CC,-98
BLE,1668367505138263134,56:83:91:5A:43:CC,-96
BLE,1668367506286494435,56:83:91:5A:43:CC,-88
BLE,1668367507142528829,56:83:91:5A:43:CC,-99
BLE,1668367507998904720,56:83:91:5A:43:CC,-100
BLE,1668367510002176592,56:83:91:5A:43:CC,-99
BLE,1668367510857359704,56:83:91:5A:43:CC,-98
BLE,1668367511709654679,56:83:91:5A:43:CC,-100
BLE,1668367513127786912,56:83:91:5A:43:CC,-100
BLE,1668367515986050315,56:83:91:5A:43:CC,-100
BLE,1668367516839620943,56:83:91:5A:43:CC,-103
BLE,1668367517986061679,56:83:91:5A:43:CC,-99
BLE,1668367518847144021,56:83:91:5A:43:CC,-98
BLE,1668367519133741653,56:83:91:5A:43:CC,-99
BLE,1668367519989798922,56:83:91:5A:43:CC,-98
BLE,1668367520844516789,56:83:91:5A:43:CC,-98
BLE,1668367521701090011,56:83:91:5A:43:CC,-86
BLE,1668367523409491379,56:83:91:5A:43:CC,-87
BLE,1668367525709226781,56:83:91:5A:43:CC,-98
BLE,1668367525999660665,56:83:91:5A:43:CC,-99
BLE,1668367527147055267,56:83:91:5A:43:CC,-98
BLE,1668367528004490730,56:83:91:5A:43:CC,-98
BLE,1668367529149679021,56:83:91:5A:43:CC,-96
BLE,1668367529714642205,56:83:91:5A:43:CC,-100
BLE,1668367530569672818,56:83:91:5A:43:CC,-100
BLE,1668367532276742117,56:83:91:5A:43:CC,-89
BLE,1668367533987159506,56:83:91:5A:43:CC,-87
BLE,1668367534844487762,56:83:91:5A:43:CC,-100
BLE,1668367535134235528,56:83:91:5A:43:CC,-101
BLE,1668367535989286266,56:83:91:5A:43:CC,-101
BLE,1668367536844103048,56:83:91:5A:43:CC,-97
BLE,1668367537700571604,56:83:91:5A:43:CC,-99
BLE,1668367538848288702,56:83:91:5A:43:CC,-99
BLE,1668367539704838466,56:83:91:5A:43:CC,-86
BLE,1668367541707184224,56:83:91:5A:43:CC,-87
BLE,1668367542558305086,56:83:91:5A:43:CC,-86
BLE,1668367544853489660,56:83:91:5A:43:CC,-99
BLE,1668367547128038200,56:83:91:5A:43:CC,-99
BLE,1668367547416572895,56:83:91:5A:43:CC,-98
BLE,1668367549130975951,56:83:91:5A:43:CC,-97
BLE,1668367549419542646,56:83:91:5A:43:CC,-89
BLE,1668367550567036997,56:83:91:5A:43:CC,-99
BLE,1668367552865623786,56:83:91:5A:43:CC,-89
BLE,1668367553429811436,56:83:91:5A:43:CC,-99
BLE,1668367554572946915,56:83:91:5A:43:CC,-97
BLE,1668367556579837125,56:83:91:5A:43:CC,-99
BLE,1668367557725760701,56:83:91:5A:43:CC,-98
BLE,1668367558014732433,56:83:91:5A:43:CC,-101
BLE,1668367559436014758,56:83:91:5A:43:CC,-98
BLE,1668367560292370107,56:83:91:5A:43:CC,-99
BLE,1668367560582276372,56:83:91:5A:43:CC,-99
BLE,1668367561438480222,56:83:91:5A:43:CC,-88
BLE,1668367561728443861,56:83:91:5A:43:CC,-101
BLE,1668367564298115653,56:83:91:5A:43:CC,-98
BLE,1668367565442356954,56:83:91:5A:43:CC,-98
BLE,1668367567150673240,56:83:91:5A:43:CC,-98
BLE,1668367568298567712,56:83:91:5A:43:CC,-87
BLE,1668367569157408077,56:83:91:5A:43:CC,-100
BLE,1668367569447251217,56:83:91:5A:43:CC,-97
BLE,1668367570595001356,56:83:91:5A:43:CC,-98
BLE,1668367571451297539,56:83:91:5A:43:CC,-87
BLE,1668367572597947941,56:83:91:5A:43:CC,-86
BLE,1668367573454280082,56:83:91:5A:43:CC,-88
BLE,1668367574602247053,56:83:91:5A:43:CC,-98
BLE,1668367576602505082,56:83:91:5A:43:CC,-98
BLE,1668367578044861395,56:83:91:5A:43:CC,-102
BLE,1668367578334195499,56:83:91:5A:43:CC,-101
BLE,1668367579191542421,56:83:91:5A:43:CC,-99
BLE,1668367580337553162,56:83:91:5A:43:CC,-102
BLE,1668367581193674597,56:83:91:5A:43:CC,-101
BLE,1668367581480082981,56:83:91:5A:43:CC,-96
BLE,1668367582634891256,56:83:91:5A:43:CC,-86
BLE,1668367585223065521,56:83:91:5A:43:CC,-102
BLE,1668367586367857566,56:83:91:5A:43:CC,-97
BLE,1668367587518085805,56:83:91:5A:43:CC,-98
BLE,1668367588369143251,56:83:91:5A:43:CC,-98
BLE,1668367589812397680,56:83:91:5A:43:CC,-101
BLE,1668367590101138915,56:83:91:5A:43:CC,-88
BLE,1668367590956059487,56:83:91:5A:43:CC,-100
BLE,1668367592103776836,56:83:91:5A:43:CC,-87
BLE,1668367593255419476,56:83:91:5A:43:CC,-86
BLE,1668367593546206482,56:83:91:5A:43:CC,-89
BLE,1668367594691168984,56:83:91:5A:43:CC,-99
BLE,1668367595548748695,56:83:91:5A:43:CC,-86
BLE,1668367596990004645,56:83:91:5A:43:CC,-97
BLE,1668367598135570933,56:83:91:5A:43:CC,-99
BLE,1668367598698815134,56:83:91:5A:43:CC,-99
BLE,1668367598989186935,56:83:91:5A:43:CC,-99
BLE,1668367599846154320,56:83:91:5A:43:CC,-97
BLE,1668367601558896435,56:83:91:5A:43:CC,-86
BLE,1668367601849277611,56:83:91:5A:43:CC,-98
BLE,1668367602998893398,56:83:91:5A:43:CC,-88
BLE,1668367604142464873,56:83:91:5A:43:CC,-100
BLE,1668367606729538191,56:83:91:5A:43:CC,-98
BLE,1668367608171260136,56:83:91:5A:43:CC,-85
BLE,1668367609023551194,56:83:91:5A:43:CC,-99
BLE,1668367610441312889,56:83:91:5A:43:CC,-99
BLE,1668367611298606853,56:83:91:5A:43:CC,-100
BLE,1668367613006249147,56:83:91:5A:43:CC,-99
BLE,1668367614446256068,56:83:91:5A:43:CC,-86
BLE,1668367615888535174,56:83:91:5A:43:CC,-98
BLE,1668367616744561235,56:83:91:5A:43:CC,-100
BLE,1668367617889814359,56:83:91:5A:43:CC,-88
BLE,1668367620187450616,56:83:91:5A:43:CC,-100
BLE,1668367621334625970,56:83:91:5A:43:CC,-99
BLE,1668367622481933239,56:83:91:5A:43:CC,-98
BLE,1668367623337483347,56:83:91:5A:43:CC,-98
BLE,1668367623626010292,56:83:91:5A:43:CC,-99
BLE,1668367624773578517,56:83:91:5A:43:CC,-85
BLE,1668367626776271354,56:83:91:5A:43:CC,-100
BLE,1668367629073751363,56:83:91:5A:43:CC,-97
BLE,1668367630218757989,56:83:91:5A:43:CC,-99
BLE,1668367631073610854,56:83:91:5A:43:CC,-97
BLE,1668367632496318998,56:83:91:5A:43:CC,-97
BLE,1668367632786076889,56:83:91:5A:43:CC,-88
BLE,1668367635374620275,56:83:91:5A:43:CC,-89
BLE,1668367637080876874,56:83:91:5A:43:CC,-97
BLE,1668367639651355865,56:83:91:5A:43:CC,-100
BLE,1668367640503713548,56:83:91:5A:43:CC,-88
BLE,1668367642508335115,56:83:91:5A:43:CC,-99
BLE,1668367643652178170,56:83:91:5A:43:CC,-100
BLE,1668367646802743563,56:83:91:5A:43:CC,-100
BLE,1668367647949006426,56:83:91:5A:43:CC,-89
BLE,1668367649957340746,56:83:91:5A:43:CC,-98
BLE,1668367651099628734,56:83:91:5A:43:CC,-100
BLE,1668367651955986208,56:83:91:5A:43:CC,-100
BLE,1668367653393953776,56:83:91:5A:43:CC,-99
BLE,1668367653958794753,56:83:91:5A:43:CC,-88
BLE,1668367655398989047,56:83:91:5A:43:CC,-87
BLE,1668367656548972246,56:83:91:5A:43:CC,-98
BLE,1668367656837775897,56:83:91:5A:43:CC,-99
BLE,1668367657692656262,56:83:91:5A:43:CC,-86
BLE,1668367658550187932,56:83:91:5A:43:CC,-99
BLE,1668367659404090807,56:83:91:5A:43:CC,-88
BLE,1668367659695157893,56:83:91:5A:43:CC,-99
BLE,1668367660550184797,56:83:91:5A:43:CC,-99
BLE,1668367662554086039,56:83:91:5A:43:CC,-98
BLE,1668367662844398299,56:83:91:5A:43:CC,-99
BLE,1668367664287860184,56:83:91:5A:43:CC,-86
BLE,1668367667438958445,56:83:91:5A:43:CC,-98
BLE,1668367667727874928,56:83:91:5A:43:CC,-99
BLE,1668367668585291891,56:83:91:5A:43:CC,-88
BLE,1668367670025407103,56:83:91:5A:43:CC,-100
BLE,1668367672591470182,56:83:91:5A:43:CC,-97
BLE,1668367674029552499,56:83:91:5A:43:CC,-101
BLE,1668367675175328617,56:83:91:5A:43:CC,-97
BLE,1668367677180343222,56:83:91:5A:43:CC,-86
BLE,1668367677468902750,56:83:91:5A:43:CC,-99
BLE,1668367678323857364,56:83:91:5A:43:CC,-99
BLE,1668367679180266421,56:83:91:5A:43:CC,-101
BLE,1668367680036495980,56:83:91:5A:43:CC,-98
BLE,1668367680327654689,56:83:91:5A:43:CC,-98
BLE,1668367681744125106,56:83:91:5A:43:CC,-96
BLE,1668367682897594770,56:83:91:5A:43:CC,-98
BLE,1668367684899107744,56:83:91:5A:43:CC,-101
BLE,1668367686044672490,56:83:91:5A:43:CC,-86
BLE,1668367687192833292,56:83:91:5A:43:CC,-88
BLE,1668367688046706834,56:83:91:5A:43:CC,-98
BLE,1668367690339143395,56:83:91:5A:43:CC,-98
BLE,1668367691196582858,56:83:91:5A:43:CC,-99
BLE,1668367692636119409,56:83:91:5A:43:CC,-97
BLE,1668367693494682235,56:83:91:5A:43:CC,-99
BLE,1668367694638045421,56:83:91:5A:43:CC,-97
BLE,1668367695496561081,56:83:91:5A:43:CC,-98
BLE,1668367695785208442,56:83:91:5A:43:CC,-86
BLE,1668367696934037487,56:83:91:5A:43:CC,-87
BLE,1668367698082763450,56:83:91:5A:43:CC,-99
BLE,1668367700939859323,56:83:91:5A:43:CC,-99
BLE,1668367703237879743,56:83:91:5A:43:CC,-97
BLE,1668367704134098717,62:DA:5D:38:6A:0A,-98
BLE,1668367704700219847,62:DA:5D:38:6A:0A,-98
BLE,1668367705553873600,62:DA:5D:38:6A:0A,-89
BLE,1668367706991577336,62:DA:5D:38:6A:0A,-98
BLE,1668367707850146996,62:DA:5D:38:6A:0A,-100
BLE,1668367708137948657,62:DA:5D:38:6A:0A,-98
BLE,1668367709581275002,62:DA:5D:38:6A:0A,-97
BLE,1668367710727388701,62:DA:5D:38:6A:0A,-100
BLE,1668367712440202273,62:DA:5D:38:6A:0A,-98
BLE,1668367713293718569,62:DA:5D:38:6A:0A,-99
BLE,1668367714441402834,62:DA:5D:38:6A:0A,-101
BLE,1668367715297855974,62:DA:5D:38:6A:0A,-99
BLE,1668367715586524793,62:DA:5D:38:6A:0A,-88
BLE,1668367716445230326,62:DA:5D:38:6A:0A,-99
BLE,1668367716735103091,62:DA:5D:38:6A:0A,-88
BLE,1668367717881598868,62:DA:5D:38:6A:0A,-85
BLE,1668367719887892793,62:DA:5D:38:6A:0A,-89
BLE,1668367721032811045,62:DA:5D:38:6A:0A,-99
BLE,1668367723619114955,62:DA:5D:38:6A:0A,-99
BLE,1668367725329951215,62:DA:5D:38:6A:0A,-86
BLE,1668367726183687716,62:DA:5D:38:6A:0A,-99
BLE,1668367727042308458,62:DA:5D:38:6A:0A,-88
BLE,1668367727331524230,62:DA:5D:38:6A:0A,-89
BLE,1668367728479319203,62:DA:5D:38:6A:0A,-86
BLE,1668367729337873445,62:DA:5D:38:6A:0A,-99
BLE,1668367729629162279,62:DA:5D:38:6A:0A,-97
BLE,1668367730485274714,62:DA:5D:38:6A:0A,-99
BLE,1668367731632479359,62:DA:5D:38:6A:0A,-98
BLE,1668367731922346207,62:DA:5D:38:6A:0A,-100
BLE,1668367732487231017,62:DA:5D:38:6A:0A,-101
BLE,1668367732774814139,62:DA:5D:38:6A:0A,-99
BLE,1668367733636322934,62:DA:5D:38:6A:0A,-87
BLE,1668367733922869025,62:DA:5D:38:6A:0A,-87
BLE,1668367734782263884,62:DA:5D:38:6A:0A,-98
BLE,1668367735071046535,62:DA:5D:38:6A:0A,-87
BLE,1668367736212079120,62:DA:5D:38:6A:0A,-96
BLE,1668367736785342134,62:DA:5D:38:6A:0A,-83
BLE,1668367739639490663,62:DA:5D:38:6A:0A,-97
BLE,1668367740494349903,62:DA:5D:38:6A:0A,-99
BLE,1668367741348554525,62:DA:5D:38:6A:0A,-100
BLE,1668367742207346473,62:DA:5D:38:6A:0A,-97
BLE,1668367744500560568,62:DA:5D:38:6A:0A,-97
BLE,1668367745353004000,62:DA:5D:38:6A:0A,-87
BLE,1668367746500656933,62:DA:5D:38:6A:0A,-102
BLE,1668367749655567404,62:DA:5D:38:6A:0A,-100
BLE,1668367750799290336,62:DA:5D:38:6A:0A,-100
BLE,1668367752511175460,62:DA:5D:38:6A:0A,-98
BLE,1668367752800961017,62:DA:5D:38:6A:0A,-99
BLE,1668367753659444469,62:DA:5D:38:6A:0A,-100
BLE,1668367753947994998,62:DA:5D:38:6A:0A,-98
BLE,1668367755099241893,62:DA:5D:38:6A:0A,-101
BLE,1668367756244455684,62:DA:5D:38:6A:0A,-98
BLE,1668367757099280757,62:DA:5D:38:6A:0A,-88
BLE,1668367760544415532,62:DA:5D:38:6A:0A,-100
BLE,1668367761688074131,62:DA:5D:38:6A:0A,-86
BLE,1668367762836933676,62:DA:5D:38:6A:0A,-88
BLE,1668367763983045124,62:DA:5D:38:6A:0A,-98
BLE,1668367764840060550,62:DA:5D:38:6A:0A,-87
BLE,1668367765698615168,62:DA:5D:38:6A:0A,-98
BLE,1668367765985433673,62:DA:5D:38:6A:0A,-98
BLE,1668367767138111219,62:DA:5D:38:6A:0A,-88
BLE,1668367769703140642,62:DA:5D:38:6A:0A,-99
BLE,1668367770847351444,62:DA:5D:38:6A:0A,-86
BLE,1668367771413184910,62:DA:5D:38:6A:0A,-100
BLE,1668367771703530128,62:DA:5D:38:6A:0A,-86
BLE,1668367772557346088,62:DA:5D:38:6A:0A,-100
BLE,1668367773122944348,62:DA:5D:38:6A:0A,-97
BLE,1668367773415087589,62:DA:5D:38:6A:0A,-87
BLE,1668367773705689554,62:DA:5D:38:6A:0A,-101
BLE,1668367773996890847,62:DA:5D:38:6A:0A,-87
BLE,1668367774288049390,62:DA:5D:38:6A:0A,-87
BLE,1668367775731405401,62:DA:5D:38:6A:0A,-87
BLE,1668367776586303432,62:DA:5D:38:6A:0A,-87
BLE,1668367776876789857,62:DA:5D:38:6A:0A,-101
BLE,1668367778884580891,62:DA:5D:38:6A:0A,-98
BLE,1668367779739375423,62:DA:5D:38:6A:0A,-85
BLE,1668367780028033617,62:DA:5D:38:6A:0A,-85
BLE,1668367780881914242,62:DA:5D:38:6A:0A,-99
BLE,1668367781447935831,62:DA:5D:38:6A:0A,-97
BLE,1668367781739307081,62:DA:5D:38:6A:0A,-87
BLE,1668367783743146031,62:DA:5D:38:6A:0A,-88
BLE,1668367784594278101,62:DA:5D:38:6A:0A,-89
BLE,1668367785746948564,62:DA:5D:38:6A:0A,-98
BLE,1668367786037475114,62:DA:5D:38:6A:0A,-87
BLE,1668367786326647719,62:DA:5D:38:6A:0A,-97
BLE,1668367787185587167,62:DA:5D:38:6A:0A,-98
BLE,1668367789185628365,62:DA:5D:38:6A:0A,-97
BLE,1668367790604356883,62:DA:5D:38:6A:0A,-88
BLE,1668367792044003225,62:DA:5D:38:6A:0A,-98
BLE,1668367793755626851,62:DA:5D:38:6A:0A,-99
BLE,1668367794899309867,62:DA:5D:38:6A:0A,-84
BLE,1668367797175639430,62:DA:5D:38:6A:0A,-99
BLE,1668367798029260515,62:DA:5D:38:6A:0A,-98
BLE,1668367798320640681,62:DA:5D:38:6A:0A,-98
BLE,1668367799763824153,62:DA:5D:38:6A:0A,-89
BLE,1668367801473728464,62:DA:5D:38:6A:0A,-86
BLE,1668367801764100723,62:DA:5D:38:6A:0A,-88
BLE,1668367803474422072,62:DA:5D:38:6A:0A,-101
BLE,1668367803765439908,62:DA:5D:38:6A:0A,-98
BLE,1668367805186886023,62:DA:5D:38:6A:0A,-87
BLE,1668367805476385583,62:DA:5D:38:6A:0A,-98
BLE,1668367805766567553,62:DA:5D:38:6A:0A,-97
BLE,1668367806915584304,62:DA:5D:38:6A:0A,-98
BLE,1668367807770676750,62:DA:5D:38:6A:0A,-98
BLE,1668367809480680102,62:DA:5D:38:6A:0A,-98
BLE,1668367810628915945,62:DA:5D:38:6A:0A,-98
BLE,1668367813194052075,62:DA:5D:38:6A:0A,-101
BLE,1668367814051457163,62:DA:5D:38:6A:0A,-98
BLE,1668367814903883553,62:DA:5D:38:6A:0A,-99
BLE,1668367815759016707,62:DA:5D:38:6A:0A,-99
BLE,1668367817199661372,62:DA:5D:38:6A:0A,-98
BLE,1668367817489440679,62:DA:5D:38:6A:0A,-98
BLE,1668367818057004502,62:DA:5D:38:6A:0A,-100
BLE,1668367818909230020,62:DA:5D:38:6A:0A,-102
BLE,1668367820642301506,62:DA:5D:38:6A:0A,-98
BLE,1668367821788398621,62:DA:5D:38:6A:0A,-86
BLE,1668367822645241007,62:DA:5D:38:6A:0A,-100
BLE,1668367825526507544,62:DA:5D:38:6A:0A,-98
BLE,1668367827237173806,62:DA:5D:38:6A:0A,-99
BLE,1668367828379661875,62:DA:5D:38:6A:0A,-87
BLE,1668367829239446147,62:DA:5D:38:6A:0A,-98
BLE,1668367833557302142,62:DA:5D:38:6A:0A,-88
BLE,1668367834705337070,62:DA:5D:38:6A:0A,-99
BLE,1668367838705074970,62:DA:5D:38:6A:0A,-102
BLE,1668367839564674368,62:DA:5D:38:6A:0A,-99
BLE,1668367840130134297,62:DA:5D:38:6A:0A,-86
BLE,1668367840417477171,62:DA:5D:38:6A:0A,-100
BLE,1668367841273502316,62:DA:5D:38:6A:0A,-99
BLE,1668367842130957112,62:DA:5D:38:6A:0A,-88
BLE,1668367843278993832,62:DA:5D:38:6A:0A,-86
BLE,1668367843568348185,62:DA:5D:38:6A:0A,-101
BLE,1668367844710005805,62:DA:5D:38:6A:0A,-93
BLE,1668367845572290176,62:DA:5D:38:6A:0A,-100
BLE,1668367846718970327,62:DA:5D:38:6A:0A,-86
BLE,1668367847577754817,62:DA:5D:38:6A:0A,-98
BLE,1668367847867169754,62:DA:5D:38:6A:0A,-97
BLE,1668367850159672606,62:DA:5D:38:6A:0A,-100
BLE,1668367855313513537,62:DA:5D:38:6A:0A,-99
BLE,1668367856167146790,62:DA:5D:38:6A:0A,-86
BLE,1668367856734927361,62:DA:5D:38:6A:0A,-102
BLE,1668367857588441490,62:DA:5D:38:6A:0A,-99
BLE,1668367857878353713,62:DA:5D:38:6A:0A,-99
BLE,1668367858736326170,62:DA:5D:38:6A:0A,-98
BLE,1668367859025356610,62:DA:5D:38:6A:0A,-99
BLE,1668367859882755698,62:DA:5D:38:6A:0A,-100
BLE,1668367860733296150,62:DA:5D:38:6A:0A,-94
BLE,1668367861301528466,62:DA:5D:38:6A:0A,-102
BLE,1668367861590206868,62:DA:5D:38:6A:0A,-86
BLE,1668367865307939171,62:DA:5D:38:6A:0A,-99
BLE,1668367866159270198,62:DA:5D:38:6A:0A,-101
BLE,1668367867602138173,62:DA:5D:38:6A:0A,-98
BLE,1668367869312218190,62:DA:5D:38:6A:0A,-98
BLE,1668367870168738579,62:DA:5D:38:6A:0A,-101
BLE,1668367871607952926,62:DA:5D:38:6A:0A,-98
BLE,1668367873339750633,62:DA:5D:38:6A:0A,-98
BLE,1668367874487077110,62:DA:5D:38:6A:0A,-86
BLE,1668367875340999985,62:DA:5D:38:6A:0A,-100
BLE,1668367877343514949,62:DA:5D:38:6A:0A,-100
BLE,1668367878489672647,62:DA:5D:38:6A:0A,-87
BLE,1668367879344623219,62:DA:5D:38:6A:0A,-99
BLE,1668367880493003436,62:DA:5D:38:6A:0A,-99
BLE,1668367883349706938,62:DA:5D:38:6A:0A,-89
BLE,1668367885645973501,62:DA:5D:38:6A:0A,-99
BLE,1668367886500980698,62:DA:5D:38:6A:0A,-102
BLE,1668367887649611870,62:DA:5D:38:6A:0A,-99
BLE,1668367887939494760,62:DA:5D:38:6A:0A,-100
BLE,1668367889089439876,62:DA:5D:38:6A:0A,-101
BLE,1668367890236844811,62:DA:5D:38:6A:0A,-86
BLE,1668367890525927918,62:DA:5D:38:6A:0A,-99
BLE,1668367892533425746,62:DA:5D:38:6A:0A,-97
BLE,1668367892822176273,62:DA:5D:38:6A:0A,-98
BLE,1668367895118459044,62:DA:5D:38:6A:0A,-100
BLE,1668367895409274465,62:DA:5D:38:6A:0A,-101
BLE,1668367897413094665,62:DA:5D:38:6A:0A,-100
BLE,1668367899414415184,62:DA:5D:38:6A:0A,-104
BLE,1668367900271087279,62:DA:5D:38:6A:0A,-88
BLE,1668367901981878456,62:DA:5D:38:6A:0A,-100
BLE,1668367902272941334,62:DA:5D:38:6A:0A,-98
BLE,1668367903420996720,62:DA:5D:38:6A:0A,-87
BLE,1668367903985592657,62:DA:5D:38:6A:0A,-98
BLE,1668367905696883288,62:DA:5D:38:6A:0A,-86
BLE,1668367906546961827,62:DA:5D:38:6A:0A,-98
BLE,1668367907109859991,62:DA:5D:38:6A:0A,-97
BLE,1668367908822462524,62:DA:5D:38:6A:0A,-97
BLE,1668367909111753503,62:DA:5D:38:6A:0A,-99
BLE,1668367909971870188,62:DA:5D:38:6A:0A,-96
BLE,1668367910257985034,62:DA:5D:38:6A:0A,-97
BLE,1668367912531978371,62:DA:5D:38:6A:0A,-87
BLE,1668367913385700914,62:DA:5D:38:6A:0A,-97
BLE,1668367914243142086,62:DA:5D:38:6A:0A,-87
BLE,1668367915096617590,62:DA:5D:38:6A:0A,-87
BLE,1668367915387999506,62:DA:5D:38:6A:0A,-98
BLE,1668367917394363971,62:DA:5D:38:6A:0A,-99
BLE,1668367918251233440,62:DA:5D:38:6A:0A,-98
BLE,1668367918541149204,62:DA:5D:38:6A:0A,-98
BLE,1668367919960051637,62:DA:5D:38:6A:0A,-97
BLE,1668367921962569018,62:DA:5D:38:6A:0A,-97
BLE,1668367922526117675,62:DA:5D:38:6A:0A,-102
BLE,1668367922814868284,62:DA:5D:38:6A:0A,-87
BLE,1668367924235011080,62:DA:5D:38:6A:0A,-88
BLE,1668367924523664357,62:DA:5D:38:6A:0A,-87
BLE,1668367925088672874,62:DA:5D:38:6A:0A,-89
BLE,1668367925652500944,62:DA:5D:38:6A:0A,-99
BLE,1668367927676334977,62:DA:5D:38:6A:0A,-99
BLE,1668367928532968532,62:DA:5D:38:6A:0A,-88
BLE,1668367930241444483,62:DA:5D:38:6A:0A,-99
BLE,1668367931099288025,62:DA:5D:38:6A:0A,-100
BLE,1668367933101219912,62:DA:5D:38:6A:0A,-88
BLE,1668367935689334594,62:DA:5D:38:6A:0A,-101
BLE,1668367936261594035,62:DA:5D:38:6A:0A,-91
BLE,1668367937688823589,62:DA:5D:38:6A:0A,-97
BLE,1668367938544256865,62:DA:5D:38:6A:0A,-99
BLE,1668367939691125139,62:DA:5D:38:6A:0A,-98
BLE,1668367941963858031,62:DA:5D:38:6A:0A,-98
BLE,1668367942255539568,62:DA:5D:38:6A:0A,-98
BLE,1668367943403730037,62:DA:5D:38:6A:0A,-97
BLE,1668367943693808341,62:DA:5D:38:6A:0A,-99
BLE,1668367944261775076,62:DA:5D:38:6A:0A,-87
BLE,1668367944550545103,62:DA:5D:38:6A:0A,-88
BLE,1668367945702580198,62:DA:5D:38:6A:0A,-87
BLE,1668367945990448108,62:DA:5D:38:6A:0A,-87
BLE,1668367946844348942,62:DA:5D:38:6A:0A,-99
BLE,1668367947705216702,62:DA:5D:38:6A:0A,-99
BLE,1668367949702665344,62:DA:5D:38:6A:0A,-86
BLE,1668367949993742554,62:DA:5D:38:6A:0A,-86
BLE,1668367951144048751,62:DA:5D:38:6A:0A,-88
BLE,1668367952001401881,62:DA:5D:38:6A:0A,-100
BLE,1668367952289376374,62:DA:5D:38:6A:0A,-98
BLE,1668367955422697363,62:DA:5D:38:6A:0A,-87
BLE,1668367956837585713,62:DA:5D:38:6A:0A,-90
BLE,1668367957127331729,62:DA:5D:38:6A:0A,-98
BLE,1668367957987527705,62:DA:5D:38:6A:0A,-97
BLE,1668367958274863704,62:DA:5D:38:6A:0A,-86
BLE,1668367958842394861,62:DA:5D:38:6A:0A,-97
BLE,1668367959697406099,62:DA:5D:38:6A:0A,-98
BLE,1668367959986119251,62:DA:5D:38:6A:0A,-88
BLE,1668367961424614355,62:DA:5D:38:6A:0A,-86
BLE,1668367962283245722,62:DA:5D:38:6A:0A,-96
BLE,1668367963428831384,62:DA:5D:38:6A:0A,-99
BLE,1668367964282377304,62:DA:5D:38:6A:0A,-87
BLE,1668367966578754492,62:DA:5D:38:6A:0A,-98
BLE,1668367970020059431,62:DA:5D:38:6A:0A,-98
BLE,1668367970587378840,62:DA:5D:38:6A:0A,-100
BLE,1668367971441381797,62:DA:5D:38:6A:0A,-100
BLE,1668367971732586340,62:DA:5D:38:6A:0A,-98
BLE,1668367972022357522,62:DA:5D:38:6A:0A,-98
BLE,1668367973442112030,62:DA:5D:38:6A:0A,-99
BLE,1668367975149715323,62:DA:5D:38:6A:0A,-87
BLE,1668367977157601148,62:DA:5D:38:6A:0A,-97
BLE,1668367978593819775,62:DA:5D:38:6A:0A,-88
BLE,1668367979451188280,62:DA:5D:38:6A:0A,-97
BLE,1668367979740008264,62:DA:5D:38:6A:0A,-98
BLE,1668367980303617046,62:DA:5D:38:6A:0A,-101
BLE,1668367982305169270,62:DA:5D:38:6A:0A,-100
BLE,1668367983161390245,62:DA:5D:38:6A:0A,-99
BLE,1668367984308665515,62:DA:5D:38:6A:0A,-98
BLE,1668367986017637336,62:DA:5D:38:6A:0A,-88
BLE,1668367986582428396,62:DA:5D:38:6A:0A,-86
BLE,1668367988025267496,62:DA:5D:38:6A:0A,-101
BLE,1668367992027824616,62:DA:5D:38:6A:0A,-96
BLE,1668367992317617757,62:DA:5D:38:6A:0A,-100
BLE,1668367994322290490,62:DA:5D:38:6A:0A,-88
BLE,1668367995178458008,62:DA:5D:38:6A:0A,-99
BLE,1668367996614798259,62:DA:5D:38:6A:0A,-98
BLE,1668367997472643968,62:DA:5D:38:6A:0A,-100
BLE,1668367998326474260,62:DA:5D:38:6A:0A,-100
BLE,1668367999476547209,62:DA:5D:38:6A:0A,-87
BLE,1668368002916086667,62:DA:5D:38:6A:0A,-100
BLE,1668368004333098703,62:DA:5D:38:6A:0A,-85
BLE,1668368008922913066,62:DA:5D:38:6A:0A,-98
BLE,1668368010070421458,62:DA:5D:38:6A:0A,-87
BLE,1668368010930834265,62:DA:5D:38:6A:0A,-89
BLE,1668368012077662164,62:DA:5D:38:6A:0A,-87
BLE,1668368012366477107,62:DA:5D:38:6A:0A,-88
BLE,1668368016080420824,62:DA:5D:38:6A:0A,-88
BLE,1668368016936700049,62:DA:5D:38:6A:0A,-85
BLE,1668368017225276911,62:DA:5D:38:6A:0A,-86
BLE,1668368018935432344,62:DA:5D:38:6A:0A,-99
BLE,1668368019501466475,62:DA:5D:38:6A:0A,-98
BLE,1668368019790141711,62:DA:5D:38:6A:0A,-101
BLE,1668368020356392214,62:DA:5D:38:6A:0A,-98
BLE,1668368020645264031,62:DA:5D:38:6A:0A,-97
BLE,1668368021505363591,62:DA:5D:38:6A:0A,-101
BLE,1668368025215413433,62:DA:5D:38:6A:0A,-97
BLE,1668368026362904075,62:DA:5D:38:6A:0A,-89
BLE,1668368026926453023,62:DA:5D:38:6A:0A,-98
BLE,1668368027215198175,62:DA:5D:38:6A:0A,-98
BLE,1668368028070436244,62:DA:5D:38:6A:0A,-99
BLE,1668368030078420401,62:DA:5D:38:6A:0A,-100
BLE,1668368030365347446,62:DA:5D:38:6A:0A,-98
BLE,1668368031225246634,62:DA:5D:38:6A:0A,-98
BLE,1668368032077851522,62:DA:5D:38:6A:0A,-86
BLE,1668368032369221604,62:DA:5D:38:6A:0A,-88
BLE,1668368033812869238,62:DA:5D:38:6A:0A,-87
BLE,1668368035254306977,62:DA:5D:38:6A:0A,-90
BLE,1668368036963588295,62:DA:5D:38:6A:0A,-87
BLE,1668368038111646389,62:DA:5D:38:6A:0A,-98
BLE,1668368038965463557,62:DA:5D:38:6A:0A,-101
BLE,1668368039254078210,62:DA:5D:38:6A:0A,-98
BLE,1668368040109264863,62:DA:5D:38:6A:0A,-100
BLE,1668368041261742286,62:DA:5D:38:6A:0A,-99
BLE,1668368042115294915,62:DA:5D:38:6A:0A,-100
BLE,1668368043530293264,62:DA:5D:38:6A:0A,-99
BLE,1668368044385271836,62:DA:5D:38:6A:0A,-89
BLE,1668368045242692299,62:DA:5D:38:6A:0A,-102
BLE,1668368046095398478,62:DA:5D:38:6A:0A,-99
BLE,1668368046950222926,62:DA:5D:38:6A:0A,-86
BLE,1668368049807915919,62:DA:5D:38:6A:0A,-97
BLE,1668368052106145128,62:DA:5D:38:6A:0A,-103
BLE,1668368052961710694,62:DA:5D:38:6A:0A,-97
BLE,1668368053815963607,62:DA:5D:38:6A:0A,-86
BLE,1668368054959112378,62:DA:5D:38:6A:0A,-86
BLE,1668368055817772036,62:DA:5D:38:6A:0A,-98
BLE,1668368056961630258,62:DA:5D:38:6A:0A,-90
BLE,1668368059824179325,62:DA:5D:38:6A:0A,-86
BLE,1668368060115173911,62:DA:5D:38:6A:0A,-100
BLE,1668368061261509482,62:DA:5D:38:6A:0A,-97
BLE,1668368062969229858,62:DA:5D:38:6A:0A,-98
BLE,1668368063536934513,62:DA:5D:38:6A:0A,-99
BLE,1668368063825398209,62:DA:5D:38:6A:0A,-98
BLE,1668368066097557732,62:DA:5D:38:6A:0A,-98
BLE,1668368066955233359,62:DA:5D:38:6A:0A,-88
BLE,1668368067807398752,62:DA:5D:38:6A:0A,-98
BLE,1668368068666707862,62:DA:5D:38:6A:0A,-88
BLE,1668368068954037987,62:DA:5D:38:6A:0A,-100
BLE,1668368069809151516,62:DA:5D:38:6A:0A,-99
BLE,1668368070956671908,62:DA:5D:38:6A:0A,-98
BLE,1668368071816535179,62:DA:5D:38:6A:0A,-98
BLE,1668368072960463608,62:DA:5D:38:6A:0A,-87
BLE,1668368073251080990,62:DA:5D:38:6A:0A,-85
BLE,1668368075841856103,62:DA:5D:38:6A:0A,-87
BLE,1668368077554302179,62:DA:5D:38:6A:0A,-87
BLE,1668368077841693386,62:DA:5D:38:6A:0A,-87
BLE,1668368078992410245,62:DA:5D:38:6A:0A,-96
BLE,1668368080996825897,62:DA:5D:38:6A:0A,-99
BLE,1668368081849420244,62:DA:5D:38:6A:0A,-99
BLE,1668368083559288514,62:DA:5D:38:6A:0A,-98
BLE,1668368085289401906,62:DA:5D:38:6A:0A,-87
BLE,1668368085856696232,62:DA:5D:38:6A:0A,-87
BLE,1668368086711855677,62:DA:5D:38:6A:0A,-87
BLE,1668368088713730189,62:DA:5D:38:6A:0A,-98
BLE,1668368090153096826,62:DA:5D:38:6A:0A,-99
BLE,1668368090444378492,62:DA:5D:38:6A:0A,-99
BLE,1668368091009311426,62:DA:5D:38:6A:0A,-98
BLE,1668368091864196541,62:DA:5D:38:6A:0A,-98
BLE,1668368092153005233,62:DA:5D:38:6A:0A,-100
BLE,1668368093011864140,62:DA:5D:38:6A:0A,-87
BLE,1668368096450746854,62:DA:5D:38:6A:0A,-97
BLE,1668368096742315893,62:DA:5D:38:6A:0A,-100
BLE,1668368098746997418,62:DA:5D:38:6A:0A,-98
BLE,1668368099036791100,62:DA:5D:38:6A:0A,-97
BLE,1668368099604244216,62:DA:5D:38:6A:0A,-87
BLE,1668368101605681899,62:DA:5D:38:6A:0A,-99
BLE,1668368102753742786,62:DA:5D:38:6A:0A,-100
BLE,1668368103609815638,62:DA:5D:38:6A:0A,-89
BLE,1668368104752018086,62:DA:5D:38:6A:0A,-87
BLE,1668368105612429934,62:DA:5D:38:6A:0A,-99
BLE,1668368105903604185,62:DA:5D:38:6A:0A,-87
BLE,1668368107318220080,62:DA:5D:38:6A:0A,-99
BLE,1668368108177425024,62:DA:5D:38:6A:0A,-98
BLE,1668368109324386922,62:DA:5D:38:6A:0A,-87
BLE,1668368111051993924,62:DA:5D:38:6A:0A,-86
BLE,1668368111910645582,62:DA:5D:38:6A:0A,-99
BLE,1668368113054282181,62:DA:5D:38:6A:0A,-99
BLE,1668368116773262221,62:DA:5D:38:6A:0A,-100
BLE,1668368117917133318,62:DA:5D:38:6A:0A,-85
BLE,1668368118771907726,62:DA:5D:38:6A:0A,-83
BLE,1668368119922651251,62:DA:5D:38:6A:0A,-99
BLE,1668368120777608990,62:DA:5D:38:6A:0A,-86
BLE,1668368121629423636,62:DA:5D:38:6A:0A,-87
BLE,1668368122483242679,62:DA:5D:38:6A:0A,-102
BLE,1668368123633908954,62:DA:5D:38:6A:0A,-98
BLE,1668368124198162187,62:DA:5D:38:6A:0A,-100
BLE,1668368125342099450,62:DA:5D:38:6A:0A,-98
BLE,1668368127639444877,62:DA:5D:38:6A:0A,-101
BLE,1668368127929274225,62:DA:5D:38:6A:0A,-87
BLE,1668368128788199339,62:DA:5D:38:6A:0A,-88
BLE,1668368129643384201,62:DA:5D:38:6A:0A,-98
BLE,1668368130495139140,62:DA:5D:38:6A:0A,-97
BLE,1668368131058036554,62:DA:5D:38:6A:0A,-99
BLE,1668368133058205875,62:DA:5D:38:6A:0A,-86
BLE,1668368134207740121,62:DA:5D:38:6A:0A,-98
BLE,1668368135356798331,62:DA:5D:38:6A:0A,-96
BLE,1668368137359475293,62:DA:5D:38:6A:0A,-96
BLE,1668368138215790101,62:DA:5D:38:6A:0A,-101
BLE,1668368138507545638,62:DA:5D:38:6A:0A,-100
BLE,1668368138797567942,62:DA:5D:38:6A:0A,-98
BLE,1668368139651329360,62:DA:5D:38:6A:0A,-91
BLE,1668368140509477149,62:DA:5D:38:6A:0A,-99
BLE,1668368141656869584,62:DA:5D:38:6A:0A,-99
BLE,1668368143380037507,62:DA:5D:38:6A:0A,-92
BLE,1668368144245561552,62:DA:5D:38:6A:0A,-101
BLE,1668368145098201190,62:DA:5D:38:6A:0A,-87
BLE,1668368145954305792,62:DA:5D:38:6A:0A,-100
BLE,1668368147101939016,62:DA:5D:38:6A:0A,-87
BLE,1668368148808157366,62:DA:5D:38:6A:0A,-88
BLE,1668368149665730827,62:DA:5D:38:6A:0A,-99
BLE,1668368149955606759,62:DA:5D:38:6A:0A,-99
BLE,1668368150813129971,62:DA:5D:38:6A:0A,-98
BLE,1668368151105177588,62:DA:5D:38:6A:0A,-98
BLE,1668368151396704877,62:DA:5D:38:6A:0A,-99
BLE,1668368152254490503,62:DA:5D:38:6A:0A,-98
BLE,1668368154256581388,62:DA:5D:38:6A:0A,-98
BLE,1668368154545570078,62:DA:5D:38:6A:0A,-87
BLE,1668368155696852931,62:DA:5D:38:6A:0A,-87
BLE,1668368156840785944,62:DA:5D:38:6A:0A,-86
BLE,1668368157969317451,62:DA:5D:38:6A:0A,-99
BLE,1668368159117784625,62:DA:5D:38:6A:0A,-91
BLE,1668368159405597245,62:DA:5D:38:6A:0A,-98
BLE,1668368161705873724,62:DA:5D:38:6A:0A,-99
BLE,1668368162848405668,62:DA:5D:38:6A:0A,-96
BLE,1668368164292078093,62:DA:5D:38:6A:0A,-99
BLE,1668368164580746787,62:DA:5D:38:6A:0A,-98
BLE,1668368168027209714,62:DA:5D:38:6A:0A,-98
BLE,1668368169465960523,62:DA:5D:38:6A:0A,-88
BLE,1668368170319647942,62:DA:5D:38:6A:0A,-99
BLE,1668368172029635336,62:DA:5D:38:6A:0A,-99
BLE,1668368173178318132,62:DA:5D:38:6A:0A,-99
BLE,1668368173467704402,62:DA:5D:38:6A:0A,-101
BLE,1668368174327816545,62:DA:5D:38:6A:0A,-98
BLE,1668368174617133149,62:DA:5D:38:6A:0A,-99
BLE,1668368176327449456,62:DA:5D:38:6A:0A,-100
BLE,1668368177182389945,62:DA:5D:38:6A:0A,-86
BLE,1668368178039655535,62:DA:5D:38:6A:0A,-97
BLE,1668368178328295104,62:DA:5D:38:6A:0A,-99
BLE,1668368179187293509,62:DA:5D:38:6A:0A,-87
BLE,1668368180042088874,62:DA:5D:38:6A:0A,-88
BLE,1668368180332026763,62:DA:5D:38:6A:0A,-86
BLE,1668368181187292166,62:DA:5D:38:6A:0A,-99
BLE,1668368182044604213,62:DA:5D:38:6A:0A,-99
BLE,1668368182333312657,62:DA:5D:38:6A:0A,-97
BLE,1668368183482840028,62:DA:5D:38:6A:0A,-98
BLE,1668368184340870152,62:DA:5D:38:6A:0A,-98
BLE,1668368186049826722,62:DA:5D:38:6A:0A,-98
BLE,1668368187487327753,62:DA:5D:38:6A:0A,-99
BLE,1668368189491457200,62:DA:5D:38:6A:0A,-86
BLE,1668368192347467668,62:DA:5D:38:6A:0A,-99
BLE,1668368192638409213,62:DA:5D:38:6A:0A,-98
BLE,1668368195208419918,62:DA:5D:38:6A:0A,-97
BLE,1668368196645989739,62:DA:5D:38:6A:0A,-100
BLE,1668368196937647194,62:DA:5D:38:6A:0A,-98
BLE,1668368197228424199,62:DA:5D:38:6A:0A,-96
BLE,1668368198940255573,62:DA:5D:38:6A:0A,-98
BLE,1668368200666337382,62:DA:5D:38:6A:0A,-92
BLE,1668368201237285462,62:DA:5D:38:6A:0A,-87
BLE,1668368203532295538,62:DA:5D:38:6A:0A,-97
BLE,1668368204389803375,62:DA:5D:38:6A:0A,-100
BLE,1668368204675952846,62:DA:5D:38:6A:0A,-100
BLE,1668368205242164308,62:DA:5D:38:6A:0A,-97
BLE,1668368206682406768,62:DA:5D:38:6A:0A,-96
BLE,1668368207539037031,62:DA:5D:38:6A:0A,-97
BLE,1668368208685507684,62:DA:5D:38:6A:0A,-100
BLE,1668368208975944985,62:DA:5D:38:6A:0A,-99
BLE,1668368210124843154,62:DA:5D:38:6A:0A,-97
BLE,1668368211273488284,62:DA:5D:38:6A:0A,-87
BLE,1668368211562824471,62:DA:5D:38:6A:0A,-98
BLE,1668368212421687086,62:DA:5D:38:6A:0A,-100
BLE,1668368213857955963,62:DA:5D:38:6A:0A,-99
BLE,1668368215863515478,62:DA:5D:38:6A:0A,-99
BLE,1668368216152057632,62:DA:5D:38:6A:0A,-98
BLE,1668368217597382623,62:DA:5D:38:6A:0A,-101
BLE,1668368217884583374,62:DA:5D:38:6A:0A,-101
BLE,1668368218742044420,62:DA:5D:38:6A:0A,-97
BLE,1668368220181086393,62:DA:5D:38:6A:0A,-100
BLE,1668368221330569889,62:DA:5D:38:6A:0A,-99
BLE,1668368222474660442,62:DA:5D:38:6A:0A,-98
BLE,1668368223624724433,62:DA:5D:38:6A:0A,-98
BLE,1668368225062272588,62:DA:5D:38:6A:0A,-99
BLE,1668368227359762138,62:DA:5D:38:6A:0A,-86
BLE,1668368228214696127,62:DA:5D:38:6A:0A,-88
BLE,1668368229069606200,62:DA:5D:38:6A:0A,-97
BLE,1668368231072296204,62:DA:5D:38:6A:0A,-98
BLE,1668368231362067303,62:DA:5D:38:6A:0A,-98
BLE,1668368232511034846,62:DA:5D:38:6A:0A,-100
BLE,1668368233662182076,62:DA:5D:38:6A:0A,-98
BLE,1668368234514563925,62:DA:5D:38:6A:0A,-101
BLE,1668368234804726978,62:DA:5D:38:6A:0A,-98
BLE,1668368236224684525,62:DA:5D:38:6A:0A,-98
BLE,1668368237663542958,62:DA:5D:38:6A:0A,-98
BLE,1668368241671201234,62:DA:5D:38:6A:0A,-88
BLE,1668368243110491787,62:DA:5D:38:6A:0A,-101
BLE,1668368243964554869,62:DA:5D:38:6A:0A,-98
BLE,1668368245384810996,62:DA:5D:38:6A:0A,-100
BLE,1668368247386127348,62:DA:5D:38:6A:0A,-87
BLE,1668368249388188025,62:DA:5D:38:6A:0A,-100
BLE,1668368250243104222,62:DA:5D:38:6A:0A,-89
BLE,1668368250534470179,62:DA:5D:38:6A:0A,-99
BLE,1668368251682479358,62:DA:5D:38:6A:0A,-100
BLE,1668368252247246711,62:DA:5D:38:6A:0A,-98
BLE,1668368252538523252,62:DA:5D:38:6A:0A,-98
BLE,1668368253688287913,62:DA:5D:38:6A:0A,-101
BLE,1668368255392542950,62:DA:5D:38:6A:0A,-87
BLE,1668368256543276225,62:DA:5D:38:6A:0A,-99
BLE,1668368257398195839,62:DA:5D:38:6A:0A,-100
BLE,1668368258253674614,62:DA:5D:38:6A:0A,-98
BLE,1668368258543567087,62:DA:5D:38:6A:0A,-99
BLE,1668368259402628491,62:DA:5D:38:6A:0A,-100
BLE,1668368259692458215,62:DA:5D:38:6A:0A,-100
BLE,1668368260547395579,62:DA:5D:38:6A:0A,-87
BLE,1668368260838651079,62:DA:5D:38:6A:0A,-88
BLE,1668368261988255324,62:DA:5D:38:6A:0A,-88
BLE,1668368264282758906,62:DA:5D:38:6A:0A,-98
BLE,1668368267435020863,62:DA:5D:38:6A:0A,-99
BLE,1668368268287547169,62:DA:5D:38:6A:0A,-100
BLE,1668368269727635465,62:DA:5D:38:6A:0A,-86
BLE,1668368270583685526,62:DA:5D:38:6A:0A,-99
BLE,1668368270873824996,62:DA:5D:38:6A:0A,-86
BLE,1668368272020068360,62:DA:5D:38:6A:0A,-86
BLE,1668368272587276395,62:DA:5D:38:6A:0A,-99
BLE,1668368273438891585,62:DA:5D:38:6A:0A,-86
BLE,1668368274295099436,62:DA:5D:38:6A:0A,-100
BLE,1668368274584923784,62:DA:5D:38:6A:0A,-87
BLE,1668368275442585412,62:DA:5D:38:6A:0A,-97
BLE,1668368275733777829,62:DA:5D:38:6A:0A,-96
BLE,1668368276884798435,62:DA:5D:38:6A:0A,-98
BLE,1668368278031476211,62:DA:5D:38:6A:0A,-98
BLE,1668368279178762105,62:DA:5D:38:6A:0A,-100
BLE,1668368281472623860,62:DA:5D:38:6A:0A,-102
BLE,1668368283475117783,62:DA:5D:38:6A:0A,-89
BLE,1668368284913874342,62:DA:5D:38:6A:0A,-99
BLE,1668368285768820289,62:DA:5D:38:6A:0A,-98
BLE,1668368286916381431,62:DA:5D:38:6A:0A,-99
BLE,1668368288358099501,62:DA:5D:38:6A:0A,-102
BLE,1668368289213261446,62:DA:5D:38:6A:0A,-100
BLE,1668368290358750026,62:DA:5D:38:6A:0A,-86
BLE,1668368292659012214,62:DA:5D:38:6A:0A,-86
BLE,1668368294366974920,62:DA:5D:38:6A:0A,-97
BLE,1668368295516738914,62:DA:5D:38:6A:0A,-95
BLE,1668368296661450835,62:DA:5D:38:6A:0A,-99
BLE,1668368297516323700,62:DA:5D:38:6A:0A,-87
BLE,1668368298371529853,62:DA:5D:38:6A:0A,-98
BLE,1668368299227475998,62:DA:5D:38:6A:0A,-89
BLE,1668368299516250566,62:DA:5D:38:6A:0A,-88
BLE,1668368299807510441,62:DA:5D:38:6A:0A,-88
BLE,1668368301522590073,62:DA:5D:38:6A:0A,-88
BLE,1668368301809888323,62:DA:5D:38:6A:0A,-86
BLE,1668368302962601828,62:DA:5D:38:6A:0A,-87
BLE,1668368305525235526,62:DA:5D:38:6A:0A,-99
BLE,1668368306968922700,62:DA:5D:38:6A:0A,-98
BLE,1668368307818685452,62:DA:5D:38:6A:0A,-100
BLE,1668368308676172664,62:DA:5D:38:6A:0A,-98
BLE,1668368310118921432,62:DA:5D:38:6A:0A,-87
BLE,1668368311264767925,62:DA:5D:38:6A:0A,-85
BLE,1668368312408395691,62:DA:5D:38:6A:0A,-99
BLE,1668368313561402067,62:DA:5D:38:6A:0A,-89
BLE,1668368313851141625,62:DA:5D:38:6A:0A,-100
BLE,1668368314703634640,62:DA:5D:38:6A:0A,-89
BLE,1668368315271155713,62:DA:5D:38:6A:0A,-98
BLE,1668368315558749668,62:DA:5D:38:6A:0A,-98
BLE,1668368316123826768,62:DA:5D:38:6A:0A,-89
BLE,1668368317561259049,62:DA:5D:38:6A:0A,-86
BLE,1668368319273522336,62:DA:5D:38:6A:0A,-99
BLE,1668368320423516827,62:DA:5D:38:6A:0A,-99
BLE,1668368321278816895,62:DA:5D:38:6A:0A,-101
BLE,1668368322128787853,62:DA:5D:38:6A:0A,-86
BLE,1668368322421176841,62:DA:5D:38:6A:0A,-99
BLE,1668368323278876551,62:DA:5D:38:6A:0A,-89
BLE,1668368323560537569,62:DA:5D:38:6A:0A,-96
BLE,1668368324427391517,62:DA:5D:38:6A:0A,-98
BLE,1668368325846413157,62:DA:5D:38:6A:0A,-88
BLE,1668368326136168673,62:DA:5D:38:6A:0A,-87
BLE,1668368326988903851,62:DA:5D:38:6A:0A,-100
BLE,1668368327843850132,62:DA:5D:38:6A:0A,-101
BLE,1668368328993703500,62:DA:5D:38:6A:0A,-98
BLE,1668368329850137848,62:DA:5D:38:6A:0A,-103
BLE,1668368330706229659,62:DA:5D:38:6A:0A,-89
BLE,1668368331558843714,62:DA:5D:38:6A:0A,-98
BLE,1668368332703807674,62:DA:5D:38:6A:0A,-87
BLE,1668368334415206345,62:DA:5D:38:6A:0A,-99
BLE,1668368335856520044,62:DA:5D:38:6A:0A,-98
BLE,1668368338441610841,62:DA:5D:38:6A:0A,-101
BLE,1668368339592274908,62:DA:5D:38:6A:0A,-87
BLE,1668368339882667293,62:DA:5D:38:6A:0A,-88
BLE,1668368341029191987,62:DA:5D:38:6A:0A,-97
BLE,1668368343324114481,62:DA:5D:38:6A:0A,-97
BLE,1668368346477406136,62:DA:5D:38:6A:0A,-88
BLE,1668368346768386931,62:DA:5D:38:6A:0A,-99
BLE,1668368347058865981,62:DA:5D:38:6A:0A,-97
BLE,1668368348211556694,62:DA:5D:38:6A:0A,-98
BLE,1668368348501403292,62:DA:5D:38:6A:0A,-98
BLE,1668368349358865338,62:DA:5D:38:6A:0A,-97
BLE,1668368352775440161,62:DA:5D:38:6A:0A,-98
BLE,1668368354195439749,62:DA:5D:38:6A:0A,-99
BLE,1668368354484034652,62:DA:5D:38:6A:0A,-96
BLE,1668368355343904715,62:DA:5D:38:6A:0A,-97
BLE,1668368357345984850,62:DA:5D:38:6A:0A,-100
BLE,1668368358491648470,62:DA:5D:38:6A:0A,-100
BLE,1668368359057193689,62:DA:5D:38:6A:0A,-99
BLE,1668368359346614125,62:DA:5D:38:6A:0A,-98
BLE,1668368360472766282,62:DA:5D:38:6A:0A,-99
BLE,1668368360762115261,62:DA:5D:38:6A:0A,-100
BLE,1668368361618284403,62:DA:5D:38:6A:0A,-100
BLE,1668368363056663925,62:DA:5D:38:6A:0A,-87
BLE,1668368365064011172,62:DA:5D:38:6A:0A,-98
BLE,1668368367064199202,62:DA:5D:38:6A:0A,-86
BLE,1668368367917305668,62:DA:5D:38:6A:0A,-86
BLE,1668368369339639857,62:DA:5D:38:6A:0A,-98
BLE,1668368369629353665,62:DA:5D:38:6A:0A,-97
BLE,1668368369919132514,62:DA:5D:38:6A:0A,-99
BLE,1668368374784151628,62:DA:5D:38:6A:0A,-101
BLE,1668368375072052330,62:DA:5D:38:6A:0A,-99
BLE,1668368375636589435,62:DA:5D:38:6A:0A,-89
BLE,1668368376494104105,62:DA:5D:38:6A:0A,-100
BLE,1668368377344113688,62:DA:5D:38:6A:0A,-101
BLE,1668368378201582608,62:DA:5D:38:6A:0A,-88
BLE,1668368379346837316,62:DA:5D:38:6A:0A,-98
BLE,1668368380205408684,62:DA:5D:38:6A:0A,-87
BLE,1668368381641801934,62:DA:5D:38:6A:0A,-86
BLE,1668368382209094010,62:DA:5D:38:6A:0A,-87
BLE,1668368384213175041,62:DA:5D:38:6A:0A,-99
BLE,1668368385067929074,62:DA:5D:38:6A:0A,-87
BLE,1668368385358444707,62:DA:5D:38:6A:0A,-88
BLE,1668368386795585408,62:DA:5D:38:6A:0A,-88
BLE,1668368387361536540,62:DA:5D:38:6A:0A,-98
BLE,1668368388779928186,62:DA:5D:38:6A:0A,-98
BLE,1668368389067267978,62:DA:5D:38:6A:0A,-99
BLE,1668368389924264612,62:DA:5D:38:6A:0A,-104
BLE,1668368391634157215,62:DA:5D:38:6A:0A,-99
BLE,1668368392490445732,62:DA:5D:38:6A:0A,-97
BLE,1668368393345412428,62:DA:5D:38:6A:0A,-98
BLE,1668368393635349109,62:DA:5D:38:6A:0A,-97
BLE,1668368394491700834,62:DA:5D:38:6A:0A,-87
BLE,1668368396496629439,62:DA:5D:38:6A:0A,-99
BLE,1668368399057846277,62:DA:5D:38:6A:0A,-102
BLE,1668368399917977712,62:DA:5D:38:6A:0A,-88
BLE,1668368401627964105,62:DA:5D:38:6A:0A,-98
BLE,1668368401915216356,62:DA:5D:38:6A:0A,-98
BLE,1668368403067256201,62:DA:5D:38:6A:0A,-98
BLE,1668368405654261019,62:DA:5D:38:6A:0A,-88
BLE,1668368406510499411,62:DA:5D:38:6A:0A,-98
BLE,1668368407657285269,62:DA:5D:38:6A:0A,-99
BLE,1668368409095433710,62:DA:5D:38:6A:0A,-87
BLE,1668368411390458078,62:DA:5D:38:6A:0A,-99
BLE,1668368411680336259,62:DA:5D:38:6A:0A,-88
BLE,1668368412537533808,62:DA:5D:38:6A:0A,-97
BLE,1668368417691723152,62:DA:5D:38:6A:0A,-87
BLE,1668368419399252113,62:DA:5D:38:6A:0A,-97
BLE,1668368421113111008,62:DA:5D:38:6A:0A,-100
BLE,1668368422259394996,62:DA:5D:38:6A:0A,-102
BLE,1668368423111775512,62:DA:5D:38:6A:0A,-88
BLE,1668368423970613710,62:DA:5D:38:6A:0A,-98
BLE,1668368425116738450,62:DA:5D:38:6A:0A,-98
BLE,1668368426826960717,62:DA:5D:38:6A:0A,-87
BLE,1668368430853229881,62:DA:5D:38:6A:0A,-88
BLE,1668368432854363693,62:DA:5D:38:6A:0A,-97
BLE,1668368433711340702,62:DA:5D:38:6A:0A,-86
BLE,1668368433999978479,62:DA:5D:38:6A:0A,-87
BLE,1668368435712525013,62:DA:5D:38:6A:0A,-99
BLE,1668368436570530428,62:DA:5D:38:6A:0A,-86
BLE,1668368437717205496,62:DA:5D:38:6A:0A,-89
BLE,1668368438006971970,62:DA:5D:38:6A:0A,-88
BLE,1668368439156854296,62:DA:5D:38:6A:0A,-99
BLE,1668368440302566873,62:DA:5D:38:6A:0A,-99
BLE,1668368441745611638,62:DA:5D:38:6A:0A,-97
BLE,1668368442034361789,62:DA:5D:38:6A:0A,-97
BLE,1668368443766107081,62:DA:5D:38:6A:0A,-99
BLE,1668368446898132541,62:DA:5D:38:6A:0A,-86
BLE,1668368449190834100,62:DA:5D:38:6A:0A,-100
BLE,1668368450047940858,62:DA:5D:38:6A:0A,-99
BLE,1668368451485834801,62:DA:5D:38:6A:0A,-87
BLE,1668368452631117258,62:DA:5D:38:6A:0A,-99
BLE,1668368453778284071,62:DA:5D:38:6A:0A,-99
BLE,1668368454345485231,62:DA:5D:38:6A:0A,-99
BLE,1668368454634288882,62:DA:5D:38:6A:0A,-97
BLE,1668368455782030022,62:DA:5D:38:6A:0A,-98
BLE,1668368457224422710,62:DA:5D:38:6A:0A,-87
BLE,1668368457515700252,62:DA:5D:38:6A:0A,-87
BLE,1668368458954923181,62:DA:5D:38:6A:0A,-88
BLE,1668368460101344835,62:DA:5D:38:6A:0A,-98
BLE,1668368460957472270,62:DA:5D:38:6A:0A,-87
BLE,1668368462108184545,62:DA:5D:38:6A:0A,-98
BLE,1668368462398121642,62:DA:5D:38:6A:0A,-99
BLE,1668368463254389201,62:DA:5D:38:6A:0A,-100
BLE,1668368464108139536,62:DA:5D:38:6A:0A,-98
BLE,1668368464964627050,62:DA:5D:38:6A:0A,-90
BLE,1668368466110831664,62:DA:5D:38:6A:0A,-98
BLE,1668368467553387267,62:DA:5D:38:6A:0A,-87
BLE,1668368468405760658,62:DA:5D:38:6A:0A,-99
BLE,1668368468697659860,62:DA:5D:38:6A:0A,-101
BLE,1668368469557093094,62:DA:5D:38:6A:0A,-100
BLE,1668368469843806100,62:DA:5D:38:6A:0A,-100
BLE,1668368470701948472,62:DA:5D:38:6A:0A,-88
BLE,1668368471554636651,62:DA:5D:38:6A:0A,-86
BLE,1668368472702631663,62:DA:5D:38:6A:0A,-98
BLE,1668368473561500778,62:DA:5D:38:6A:0A,-98
BLE,1668368473848297658,62:DA:5D:38:6A:0A,-98
BLE,1668368474995554220,62:DA:5D:38:6A:0A,-98
BLE,1668368476149692167,62:DA:5D:38:6A:0A,-100
BLE,1668368477584000690,62:DA:5D:38:6A:0A,-89
BLE,1668368478443250634,62:DA:5D:38:6A:0A,-84
BLE,1668368479589367374,62:DA:5D:38:6A:0A,-96
BLE,1668368481299529974,62:DA:5D:38:6A:0A,-101
BLE,1668368482449601131,62:DA:5D:38:6A:0A,-97
BLE,1668368485599578404,62:DA:5D:38:6A:0A,-98
BLE,1668368485888073100,62:DA:5D:38:6A:0A,-102
BLE,1668368487036991686,62:DA:5D:38:6A:0A,-99
BLE,1668368487894512606,62:DA:5D:38:6A:0A,-86
BLE,1668368488744315274,62:DA:5D:38:6A:0A,-90
BLE,1668368492750409399,62:DA:5D:38:6A:0A,-98
BLE,1668368494169634746,62:DA:5D:38:6A:0A,-88
BLE,1668368494458970016,62:DA:5D:38:6A:0A,-90
BLE,1668368495026247175,62:DA:5D:38:6A:0A,-103
BLE,1668368495877072541,62:DA:5D:38:6A:0A,-86
BLE,1668368498174539133,62:DA:5D:38:6A:0A,-97
BLE,1668368498464396690,62:DA:5D:38:6A:0A,-103
BLE,1668368499030555944,62:DA:5D:38:6A:0A,-88
BLE,1668368500177182346,62:DA:5D:38:6A:0A,-87
BLE,1668368500466910570,62:DA:5D:38:6A:0A,-98
BLE,1668368501615331703,62:DA:5D:38:6A:0A,-89
BLE,1668368502180197512,62:DA:5D:38:6A:0A,-99
BLE,1668368503032894192,62:DA:5D:38:6A:0A,-101
BLE,1668368504180233044,62:DA:5D:38:6A:0A,-97
BLE,1668368505332105724,62:DA:5D:38:6A:0A,-100
BLE,1668368506181502438,62:DA:5D:38:6A:0A,-99
BLE,1668368507332103339,62:DA:5D:38:6A:0A,-99
BLE,1668368509044675539,62:DA:5D:38:6A:0A,-87
BLE,1668368510482247361,62:DA:5D:38:6A:0A,-100
BLE,1668368511337140475,62:DA:5D:38:6A:0A,-87
BLE,1668368511902199616,62:DA:5D:38:6A:0A,-97
BLE,1668368512189550699,62:DA:5D:38:6A:0A,-101
BLE,1668368512753308062,62:DA:5D:38:6A:0A,-97
BLE,1668368514757375176,62:DA:5D:38:6A:0A,-99
BLE,1668368515612080543,62:DA:5D:38:6A:0A,-88
BLE,1668368516760505592,62:DA:5D:38:6A:0A,-101
BLE,1668368517909523135,62:DA:5D:38:6A:0A,-99
BLE,1668368519344755689,62:DA:5D:38:6A:0A,-89
BLE,1668368521059753281,62:DA:5D:38:6A:0A,-87
BLE,1668368522207169433,62:DA:5D:38:6A:0A,-85
BLE,1668368523351067710,62:DA:5D:38:6A:0A,-88
BLE,1668368524208528018,62:DA:5D:38:6A:0A,-100
BLE,1668368524497281089,62:DA:5D:38:6A:0A,-98
BLE,1668368527627355777,62:DA:5D:38:6A:0A,-87
BLE,1668368528776060171,62:DA:5D:38:6A:0A,-90
BLE,1668368529067141718,62:DA:5D:38:6A:0A,-87
BLE,1668368529358367723,62:DA:5D:38:6A:0A,-86
BLE,1668368532216130250,62:DA:5D:38:6A:0A,-97
BLE,1668368533072661734,62:DA:5D:38:6A:0A,-98
BLE,1668368535366136522,62:DA:5D:38:6A:0A,-98
BLE,1668368536224712317,62:DA:5D:38:6A:0A,-86
BLE,1668368536513433097,62:DA:5D:38:6A:0A,-86
BLE,1668368537369773333,62:DA:5D:38:6A:0A,-100
BLE,1668368538223561761,62:DA:5D:38:6A:0A,-99
BLE,1668368539082228681,62:DA:5D:38:6A:0A,-100
BLE,1668368539937197513,62:DA:5D:38:6A:0A,-88
BLE,1668368541083594432,62:DA:5D:38:6A:0A,-97
BLE,1668368541647148554,62:DA:5D:38:6A:0A,-87
BLE,1668368543064743436,62:DA:5D:38:6A:0A,-87
BLE,1668368543353400008,62:DA:5D:38:6A:0A,-87
BLE,1668368544211043855,62:DA:5D:38:6A:0A,-88
BLE,1668368545919874366,62:DA:5D:38:6A:0A,-98
BLE,1668368547358475153,62:DA:5D:38:6A:0A,-99
BLE,1668368548216150583,62:DA:5D:38:6A:0A,-100
BLE,1668368549069716180,62:DA:5D:38:6A:0A,-88
BLE,1668368550217465001,62:DA:5D:38:6A:0A,-88
BLE,1668368551075298054,62:DA:5D:38:6A:0A,-99
BLE,1668368551363931336,62:DA:5D:38:6A:0A,-100
BLE,1668368552217915012,62:DA:5D:38:6A:0A,-98
BLE,1668368553659838057,62:DA:5D:38:6A:0A,-98
BLE,1668368553949730116,62:DA:5D:38:6A:0A,-103
BLE,1668368554516213875,62:DA:5D:38:6A:0A,-99
BLE,1668368556245590129,62:DA:5D:38:6A:0A,-98
BLE,1668368557104914209,62:DA:5D:38:6A:0A,-99
BLE,1668368557394763227,62:DA:5D:38:6A:0A,-98
BLE,1668368557957876063,62:DA:5D:38:6A:0A,-98
BLE,1668368559669904915,62:DA:5D:38:6A:0A,-99
BLE,1668368560520472627,62:DA:5D:38:6A:0A,-86
BLE,1668368561379389835,62:DA:5D:38:6A:0A,-99
BLE,1668368561668557069,62:DA:5D:38:6A:0A,-97
BLE,1668368561959624659,62:DA:5D:38:6A:0A,-101
BLE,1668368562524645432,62:DA:5D:38:6A:0A,-87
BLE,1668368562815842020,62:DA:5D:38:6A:0A,-86
BLE,1668368563382344070,62:DA:5D:38:6A:0A,-100
BLE,1668368564528423867,62:DA:5D:38:6A:0A,-99
BLE,1668368565386341502,62:DA:5D:38:6A:0A,-97
BLE,1668368567386093604,62:DA:5D:38:6A:0A,-101
BLE,1668368568824871306,62:DA:5D:38:6A:0A,-100
BLE,1668368570266035733,62:DA:5D:38:6A:0A,-87
BLE,1668368571412316945,62:DA:5D:38:6A:0A,-101
BLE,1668368572267306569,62:DA:5D:38:6A:0A,-87
BLE,1668368573683493090,62:DA:5D:38:6A:0A,-99
BLE,1668368574247110670,62:DA:5D:38:6A:0A,-100
BLE,1668368575959471894,62:DA:5D:38:6A:0A,-88
BLE,1668368576815623590,62:DA:5D:38:6A:0A,-100
BLE,1668368578817270338,62:DA:5D:38:6A:0A,-99
BLE,1668368579108812089,62:DA:5D:38:6A:0A,-97
BLE,1668368580258582764,62:DA:5D:38:6A:0A,-86
BLE,1668368580545887059,62:DA:5D:38:6A:0A,-99
BLE,1668368581698069375,62:DA:5D:38:6A:0A,-86
BLE,1668368582843473054,62:DA:5D:38:6A:0A,-99
BLE,1668368583699776040,62:DA:5D:38:6A:0A,-99
BLE,1668368584554707123,62:DA:5D:38:6A:0A,-101
BLE,1668368584844620099,62:DA:5D:38:6A:0A,-99
BLE,1668368585135843437,62:DA:5D:38:6A:0A,-98
BLE,1668368585996050549,62:DA:5D:38:6A:0A,-98
BLE,1668368586285620903,62:DA:5D:38:6A:0A,-101
BLE,1668368587141775724,62:DA:5D:38:6A:0A,-87
BLE,1668368587431711367,62:DA:5D:38:6A:0A,-102
BLE,1668368588579889558,62:DA:5D:38:6A:0A,-87
BLE,1668368588870894773,62:DA:5D:38:6A:0A,-89
BLE,1668368589435881422,62:DA:5D:38:6A:0A,-100
BLE,1668368590293156398,62:DA:5D:38:6A:0A,-87
BLE,1668368592586083025,62:DA:5D:38:6A:0A,-86
BLE,1668368595445134664,62:DA:5D:38:6A:0A,-99
BLE,1668368595734883684,62:DA:5D:38:6A:0A,-100
BLE,1668368598008844258,62:DA:5D:38:6A:0A,-100
BLE,1668368598863691092,62:DA:5D:38:6A:0A,-87
BLE,1668368599718327346,62:DA:5D:38:6A:0A,-101
BLE,1668368600571897068,62:DA:5D:38:6A:0A,-99
BLE,1668368601722525067,62:DA:5D:38:6A:0A,-99
BLE,1668368602868755321,62:DA:5D:38:6A:0A,-101
BLE,1668368603158615298,62:DA:5D:38:6A:0A,-97
BLE,1668368603564516647,7B:36:49:D8:2E:1A,-100
BLE,1668368606134535218,7B:36:49:D8:2E:1A,-98
BLE,1668368607281185675,7B:36:49:D8:2E:1A,-86
BLE,1668368609576304905,7B:36:49:D8:2E:1A,-86
BLE,1668368611576412627,7B:36:49:D8:2E:1A,-97
BLE,1668368611866732891,7B:36:49:D8:2E:1A,-100
BLE,1668368613287682196,7B:36:49:D8:2E:1A,-98
BLE,1668368614435515849,7B:36:49:D8:2E:1A,-98
BLE,1668368616144450484,7B:36:49:D8:2E:1A,-100
BLE,1668368616996797719,7B:36:49:D8:2E:1A,-99
BLE,1668368619003777495,7B:36:49:D8:2E:1A,-99
BLE,1668368619855202032,7B:36:49:D8:2E:1A,-97
BLE,1668368621005151580,7B:36:49:D8:2E:1A,-99
BLE,1668368621568716244,7B:36:49:D8:2E:1A,-100
BLE,1668368622713979590,7B:36:49:D8:2E:1A,-88
BLE,1668368623566273535,7B:36:49:D8:2E:1A,-98
BLE,1668368626156997306,7B:36:49:D8:2E:1A,-89
BLE,1668368627869558902,7B:36:49:D8:2E:1A,-99
BLE,1668368628724423986,7B:36:49:D8:2E:1A,-88
BLE,1668368632162691626,7B:36:49:D8:2E:1A,-87
BLE,1668368632728679515,7B:36:49:D8:2E:1A,-86
BLE,1668368633875192640,7B:36:49:D8:2E:1A,-89
BLE,1668368634437565733,7B:36:49:D8:2E:1A,-86
BLE,1668368635292697648,7B:36:49:D8:2E:1A,-86
BLE,1668368636999437472,7B:36:49:D8:2E:1A,-99
BLE,1668368637857757686,7B:36:49:D8:2E:1A,-87
BLE,1668368638147593789,7B:36:49:D8:2E:1A,-87
BLE,1668368640149083580,7B:36:49:D8:2E:1A,-86
BLE,1668368641296398447,7B:36:49:D8:2E:1A,-87
BLE,1668368642447192195,7B:36:49:D8:2E:1A,-87
BLE,1668368644447723455,7B:36:49:D8:2E:1A,-87
BLE,1668368645307687694,7B:36:49:D8:2E:1A,-101
BLE,1668368645591736357,7B:36:49:D8:2E:1A,-93
BLE,1668368646160130262,7B:36:49:D8:2E:1A,-89
BLE,1668368646449119123,7B:36:49:D8:2E:1A,-87
BLE,1668368647016353998,7B:36:49:D8:2E:1A,-86
BLE,1668368648725213259,7B:36:49:D8:2E:1A,-97
BLE,1668368649871343221,7B:36:49:D8:2E:1A,-88
BLE,1668368650437639648,7B:36:49:D8:2E:1A,-89
BLE,1668368651290168882,7B:36:49:D8:2E:1A,-87
BLE,1668368653855156588,7B:36:49:D8:2E:1A,-100
BLE,1668368654999536361,7B:36:49:D8:2E:1A,-86
BLE,1668368655858459319,7B:36:49:D8:2E:1A,-98
BLE,1668368656710872595,7B:36:49:D8:2E:1A,-85
BLE,1668368657564854064,7B:36:49:D8:2E:1A,-86
BLE,1668368658715141400,7B:36:49:D8:2E:1A,-99
BLE,1668368660153814270,7B:36:49:D8:2E:1A,-98
BLE,1668368661595051405,7B:36:49:D8:2E:1A,-99
BLE,1668368662745316366,7B:36:49:D8:2E:1A,-87
BLE,1668368664453904004,7B:36:49:D8:2E:1A,-99
BLE,1668368665308802463,7B:36:49:D8:2E:1A,-99
BLE,1668368667892669222,7B:36:49:D8:2E:1A,-89
BLE,1668368671042669785,7B:36:49:D8:2E:1A,-97
BLE,1668368671898942271,7B:36:49:D8:2E:1A,-87
BLE,1668368672465116116,7B:36:49:D8:2E:1A,-86
BLE,1668368672756119664,7B:36:49:D8:2E:1A,-85
BLE,1668368673319862660,7B:36:49:D8:2E:1A,-100
BLE,1668368673608774855,7B:36:49:D8:2E:1A,-98
BLE,1668368674467554814,7B:36:49:D8:2E:1A,-97
BLE,1668368674754964150,7B:36:49:D8:2E:1A,-102
BLE,1668368675614622184,7B:36:49:D8:2E:1A,-99
BLE,1668368679057314903,7B:36:49:D8:2E:1A,-86
BLE,1668368679348336284,7B:36:49:D8:2E:1A,-99
BLE,1668368680496440018,7B:36:49:D8:2E:1A,-101
BLE,1668368681641606366,7B:36:49:D8:2E:1A,-100
BLE,1668368682499303254,7B:36:49:D8:2E:1A,-88
BLE,1668368684201872663,7B:36:49:D8:2E:1A,-91
BLE,1668368685352909033,7B:36:49:D8:2E:1A,-98
BLE,1668368686793633632,7B:36:49:D8:2E:1A,-97
BLE,1668368689087830121,7B:36:49:D8:2E:1A,-97
BLE,1668368689654062423,7B:36:49:D8:2E:1A,-88
BLE,1668368691946665845,7B:36:49:D8:2E:1A,-97
BLE,1668368692801520555,7B:36:49:D8:2E:1A,-99
BLE,1668368693659075277,7B:36:49:D8:2E:1A,-100
BLE,1668368694512745207,7B:36:49:D8:2E:1A,-99
BLE,1668368695662418966,7B:36:49:D8:2E:1A,-88
BLE,1668368695951599200,7B:36:49:D8:2E:1A,-100
BLE,1668368697395332684,7B:36:49:D8:2E:1A,-100
BLE,1668368698835393998,7B:36:49:D8:2E:1A,-99
BLE,1668368699125324724,7B:36:49:D8:2E:1A,-89
BLE,1668368699981668167,7B:36:49:D8:2E:1A,-87
BLE,1668368700271743017,7B:36:49:D8:2E:1A,-100
BLE,1668368702275547868,7B:36:49:D8:2E:1A,-98
BLE,1668368703717938074,7B:36:49:D8:2E:1A,-100
BLE,1668368705157840640,7B:36:49:D8:2E:1A,-99
BLE,1668368706302979488,7B:36:49:D8:2E:1A,-99
BLE,1668368707159207141,7B:36:49:D8:2E:1A,-88
BLE,1668368708015184338,7B:36:49:D8:2E:1A,-86
BLE,1668368708302820380,7B:36:49:D8:2E:1A,-86
BLE,1668368709455287527,7B:36:49:D8:2E:1A,-87
BLE,1668368710307149392,7B:36:49:D8:2E:1A,-98
BLE,1668368712312852682,7B:36:49:D8:2E:1A,-97
BLE,1668368712601547879,7B:36:49:D8:2E:1A,-98
BLE,1668368713752880079,7B:36:49:D8:2E:1A,-98
BLE,1668368714042797264,7B:36:49:D8:2E:1A,-100
BLE,1668368716047276941,7B:36:49:D8:2E:1A,-88
BLE,1668368717466016602,7B:36:49:D8:2E:1A,-96
BLE,1668368719463012107,7B:36:49:D8:2E:1A,-86
BLE,1668368721177951554,7B:36:49:D8:2E:1A,-100
BLE,1668368722031607151,7B:36:49:D8:2E:1A,-99
BLE,1668368724593575347,7B:36:49:D8:2E:1A,-98
BLE,1668368727455526581,7B:36:49:D8:2E:1A,-88
BLE,1668368727746685169,7B:36:49:D8:2E:1A,-98
BLE,1668368728311656568,7B:36:49:D8:2E:1A,-100
BLE,1668368728601712001,7B:36:49:D8:2E:1A,-102
BLE,1668368728890389824,7B:36:49:D8:2E:1A,-88
BLE,1668368729746849266,7B:36:49:D8:2E:1A,-88
BLE,1668368731751273736,7B:36:49:D8:2E:1A,-98
BLE,1668368733754117263,7B:36:49:D8:2E:1A,-87
BLE,1668368734606712371,7B:36:49:D8:2E:1A,-100
BLE,1668368735461553038,7B:36:49:D8:2E:1A,-100
BLE,1668368736321848899,7B:36:49:D8:2E:1A,-99
BLE,1668368737734169336,7B:36:49:D8:2E:1A,-99
BLE,1668368738886223903,7B:36:49:D8:2E:1A,-88
BLE,1668368739176069672,7B:36:49:D8:2E:1A,-102
BLE,1668368740029781476,7B:36:49:D8:2E:1A,-90
BLE,1668368741177987876,7B:36:49:D8:2E:1A,-88
BLE,1668368742323726010,7B:36:49:D8:2E:1A,-98
BLE,1668368744036804726,7B:36:49:D8:2E:1A,-99
BLE,1668368745181743118,7B:36:49:D8:2E:1A,-87
BLE,1668368746036642118,7B:36:49:D8:2E:1A,-86
BLE,1668368747746340245,7B:36:49:D8:2E:1A,-86
BLE,1668368750897976082,7B:36:49:D8:2E:1A,-100
BLE,1668368754636785713,7B:36:49:D8:2E:1A,-88
BLE,1668368756928943806,7B:36:49:D8:2E:1A,-98
BLE,1668368757491553938,7B:36:49:D8:2E:1A,-101
BLE,1668368758636633079,7B:36:49:D8:2E:1A,-88
BLE,1668368759495104917,7B:36:49:D8:2E:1A,-87
BLE,1668368760641727916,7B:36:49:D8:2E:1A,-98
BLE,1668368761495529136,7B:36:49:D8:2E:1A,-98
BLE,1668368763498054583,7B:36:49:D8:2E:1A,-98
BLE,1668368765229302069,7B:36:49:D8:2E:1A,-99
BLE,1668368765793135897,7B:36:49:D8:2E:1A,-101
BLE,1668368767523797638,7B:36:49:D8:2E:1A,-87
BLE,1668368768671960204,7B:36:49:D8:2E:1A,-89
BLE,1668368769529390970,7B:36:49:D8:2E:1A,-85
BLE,1668368770679420517,7B:36:49:D8:2E:1A,-87
BLE,1668368770968089965,7B:36:49:D8:2E:1A,-87
BLE,1668368772117650392,7B:36:49:D8:2E:1A,-97
BLE,1668368772682743290,7B:36:49:D8:2E:1A,-89
BLE,1668368772971252781,7B:36:49:D8:2E:1A,-86
BLE,1668368774120542877,7B:36:49:D8:2E:1A,-88
BLE,1668368775264484363,7B:36:49:D8:2E:1A,-97
BLE,1668368776416254225,7B:36:49:D8:2E:1A,-99
BLE,1668368776704488969,7B:36:49:D8:2E:1A,-100
BLE,1668368777563153263,7B:36:49:D8:2E:1A,-100
BLE,1668368777851256509,7B:36:49:D8:2E:1A,-98
BLE,1668368779004372523,7B:36:49:D8:2E:1A,-100
BLE,1668368779293103512,7B:36:49:D8:2E:1A,-100
BLE,1668368779584270767,7B:36:49:D8:2E:1A,-98
BLE,1668368780443006186,7B:36:49:D8:2E:1A,-88
BLE,1668368781298169808,7B:36:49:D8:2E:1A,-99
BLE,1668368782154284629,7B:36:49:D8:2E:1A,-89
BLE,1668368782444460894,7B:36:49:D8:2E:1A,-87
BLE,1668368784445191319,7B:36:49:D8:2E:1A,-87
BLE,1668368787303318176,7B:36:49:D8:2E:1A,-100
BLE,1668368789016963886,7B:36:49:D8:2E:1A,-99
BLE,1668368789306154829,7B:36:49:D8:2E:1A,-99
BLE,1668368792454508034,7B:36:49:D8:2E:1A,-100
BLE,1668368793020723170,7B:36:49:D8:2E:1A,-95
BLE,1668368793309377493,7B:36:49:D8:2E:1A,-97
BLE,1668368795900053139,7B:36:49:D8:2E:1A,-87
BLE,1668368797341936518,7B:36:49:D8:2E:1A,-86
BLE,1668368797629530685,7B:36:49:D8:2E:1A,-88
BLE,1668368798196728103,7B:36:49:D8:2E:1A,-88
BLE,1668368800510810300,7B:36:49:D8:2E:1A,-99
BLE,1668368801366986621,7B:36:49:D8:2E:1A,-87
BLE,1668368802807061310,7B:36:49:D8:2E:1A,-97
BLE,1668368805101435963,7B:36:49:D8:2E:1A,-98
BLE,1668368806247094764,7B:36:49:D8:2E:1A,-102
BLE,1668368808839551809,7B:36:49:D8:2E:1A,-98
BLE,1668368810840933310,7B:36:49:D8:2E:1A,-87
BLE,1668368812278841480,7B:36:49:D8:2E:1A,-98
BLE,1668368814012164068,7B:36:49:D8:2E:1A,-99
BLE,1668368814867064694,7B:36:49:D8:2E:1A,-87
BLE,1668368816308431661,7B:36:49:D8:2E:1A,-100
BLE,1668368817166077757,7B:36:49:D8:2E:1A,-99
BLE,1668368818600946375,7B:36:49:D8:2E:1A,-97
BLE,1668368820338489128,7B:36:49:D8:2E:1A,-98
BLE,1668368821481475374,7B:36:49:D8:2E:1A,-99
BLE,1668368822340275250,7B:36:49:D8:2E:1A,-87
BLE,1668368822629403485,7B:36:49:D8:2E:1A,-87
BLE,1668368824340800302,7B:36:49:D8:2E:1A,-88
BLE,1668368825194435565,7B:36:49:D8:2E:1A,-89
BLE,1668368825757767107,7B:36:49:D8:2E:1A,-99
BLE,1668368826614566587,7B:36:49:D8:2E:1A,-102
BLE,1668368827763173191,7B:36:49:D8:2E:1A,-99
BLE,1668368828908332997,7B:36:49:D8:2E:1A,-98
BLE,1668368830349164053,7B:36:49:D8:2E:1A,-98
BLE,1668368832070086729,7B:36:49:D8:2E:1A,-93
BLE,1668368833499553445,7B:36:49:D8:2E:1A,-97
BLE,1668368834080207722,7B:36:49:D8:2E:1A,-100
BLE,1668368835790799506,7B:36:49:D8:2E:1A,-101
BLE,1668368836645662841,7B:36:49:D8:2E:1A,-99
BLE,1668368838087053557,7B:36:49:D8:2E:1A,-88
BLE,1668368839799479197,7B:36:49:D8:2E:1A,-99
BLE,1668368840655704934,7B:36:49:D8:2E:1A,-100
BLE,1668368841505652944,7B:36:49:D8:2E:1A,-88
BLE,1668368842363351915,7B:36:49:D8:2E:1A,-99
BLE,1668368843509371171,7B:36:49:D8:2E:1A,-99
BLE,1668368844659242303,7B:36:49:D8:2E:1A,-99
BLE,1668368846095345408,7B:36:49:D8:2E:1A,-98
BLE,1668368846659580648,7B:36:49:D8:2E:1A,-98
BLE,1668368848957282684,7B:36:49:D8:2E:1A,-87
BLE,1668368849245647509,7B:36:49:D8:2E:1A,-100
BLE,1668368849812039019,7B:36:49:D8:2E:1A,-97
BLE,1668368850668228339,7B:36:49:D8:2E:1A,-88
BLE,1668368850957183784,7B:36:49:D8:2E:1A,-99
BLE,1668368852105819720,7B:36:49:D8:2E:1A,-99
BLE,1668368852958219621,7B:36:49:D8:2E:1A,-102
BLE,1668368854380967408,7B:36:49:D8:2E:1A,-86
BLE,1668368855820399603,7B:36:49:D8:2E:1A,-97
BLE,1668368856109170508,7B:36:49:D8:2E:1A,-97
BLE,1668368857821693147,7B:36:49:D8:2E:1A,-88
BLE,1668368859825422790,7B:36:49:D8:2E:1A,-98
BLE,1668368860112959125,7B:36:49:D8:2E:1A,-98
BLE,1668368861265885183,7B:36:49:D8:2E:1A,-98
BLE,1668368861553513392,7B:36:49:D8:2E:1A,-87
BLE,1668368863851787838,7B:36:49:D8:2E:1A,-98
BLE,1668368864416205285,7B:36:49:D8:2E:1A,-86
BLE,1668368864706198968,7B:36:49:D8:2E:1A,-99
BLE,1668368865853478752,7B:36:49:D8:2E:1A,-88
BLE,1668368866143412729,7B:36:49:D8:2E:1A,-87
BLE,1668368866998591518,7B:36:49:D8:2E:1A,-101
BLE,1668368867857309061,7B:36:49:D8:2E:1A,-100
BLE,1668368869860410670,7B:36:49:D8:2E:1A,-99
BLE,1668368870710935549,7B:36:49:D8:2E:1A,-87
BLE,1668368871569891924,7B:36:49:D8:2E:1A,-98
BLE,1668368872719092896,7B:36:49:D8:2E:1A,-87
BLE,1668368873007695886,7B:36:49:D8:2E:1A,-88
BLE,1668368874447420412,7B:36:49:D8:2E:1A,-86
BLE,1668368875303453233,7B:36:49:D8:2E:1A,-101
BLE,1668368877600436360,7B:36:49:D8:2E:1A,-97
BLE,1668368878748501094,7B:36:49:D8:2E:1A,-97
BLE,1668368879037210541,7B:36:49:D8:2E:1A,-86
BLE,1668368880478682091,7B:36:49:D8:2E:1A,-87
BLE,1668368881623557942,7B:36:49:D8:2E:1A,-101
BLE,1668368882479848094,7B:36:49:D8:2E:1A,-86
BLE,1668368882771001891,7B:36:49:D8:2E:1A,-87
BLE,1668368883629724851,7B:36:49:D8:2E:1A,-97
BLE,1668368885338640944,7B:36:49:D8:2E:1A,-98
BLE,1668368887342395254,7B:36:49:D8:2E:1A,-100
BLE,1668368887633984004,7B:36:49:D8:2E:1A,-98
BLE,1668368888782795273,7B:36:49:D8:2E:1A,-99
BLE,1668368889638575847,7B:36:49:D8:2E:1A,-98
BLE,1668368889929709311,7B:36:49:D8:2E:1A,-99
BLE,1668368890785867381,7B:36:49:D8:2E:1A,-99
BLE,1668368892223684093,7B:36:49:D8:2E:1A,-98
BLE,1668368894228603599,7B:36:49:D8:2E:1A,-101
BLE,1668368894517229297,7B:36:49:D8:2E:1A,-99
BLE,1668368895669005076,7B:36:49:D8:2E:1A,-99
BLE,1668368895958688097,7B:36:49:D8:2E:1A,-97
BLE,1668368896248578781,7B:36:49:D8:2E:1A,-100
BLE,1668368896817321350,7B:36:49:D8:2E:1A,-100
BLE,1668368897961187919,7B:36:49:D8:2E:1A,-85
BLE,1668368898816242710,7B:36:49:D8:2E:1A,-89
BLE,1668368900253575760,7B:36:49:D8:2E:1A,-87
BLE,1668368901693777281,7B:36:49:D8:2E:1A,-87
BLE,1668368902262364893,7B:36:49:D8:2E:1A,-99
BLE,1668368903113216227,7B:36:49:D8:2E:1A,-87
BLE,1668368904846133278,7B:36:49:D8:2E:1A,-99
BLE,1668368906288622400,7B:36:49:D8:2E:1A,-97
BLE,1668368907432386679,7B:36:49:D8:2E:1A,-88
BLE,1668368908288444959,7B:36:49:D8:2E:1A,-87
BLE,1668368909144717528,7B:36:49:D8:2E:1A,-99
BLE,1668368911439424512,7B:36:49:D8:2E:1A,-100
BLE,1668368912295659998,7B:36:49:D8:2E:1A,-86
BLE,1668368913439807690,7B:36:49:D8:2E:1A,-99
BLE,1668368914299943094,7B:36:49:D8:2E:1A,-86
BLE,1668368914588446002,7B:36:49:D8:2E:1A,-99
BLE,1668368915153408526,7B:36:49:D8:2E:1A,-99
BLE,1668368916005824385,7B:36:49:D8:2E:1A,-99
BLE,1668368917154908692,7B:36:49:D8:2E:1A,-87
BLE,1668368918304322204,7B:36:49:D8:2E:1A,-97
BLE,1668368918592359575,7B:36:49:D8:2E:1A,-86
BLE,1668368920013218714,7B:36:49:D8:2E:1A,-99
BLE,1668368921162385146,7B:36:49:D8:2E:1A,-88
BLE,1668368923160803678,7B:36:49:D8:2E:1A,-88
BLE,1668368924580638911,7B:36:49:D8:2E:1A,-88
BLE,1668368925727378701,7B:36:49:D8:2E:1A,-100
BLE,1668368926292349266,7B:36:49:D8:2E:1A,-88
BLE,1668368926583420022,7B:36:49:D8:2E:1A,-86
BLE,1668368926871809348,7B:36:49:D8:2E:1A,-99
BLE,1668368928023635168,7B:36:49:D8:2E:1A,-96
BLE,1668368928875963820,7B:36:49:D8:2E:1A,-99
BLE,1668368932027420701,7B:36:49:D8:2E:1A,-99
BLE,1668368932883596271,7B:36:49:D8:2E:1A,-98
BLE,1668368933737336617,7B:36:49:D8:2E:1A,-102
BLE,1668368934882395216,7B:36:49:D8:2E:1A,-87
BLE,1668368935458933911,7B:36:49:D8:2E:1A,-101
BLE,1668368935741723462,7B:36:49:D8:2E:1A,-87
BLE,1668368939453757871,7B:36:49:D8:2E:1A,-98
BLE,1668368939743612723,7B:36:49:D8:2E:1A,-88
BLE,1668368940598669638,7B:36:49:D8:2E:1A,-99
BLE,1668368941457557806,7B:36:49:D8:2E:1A,-87
BLE,1668368941748645978,7B:36:49:D8:2E:1A,-86
BLE,1668368942897998657,7B:36:49:D8:2E:1A,-97
BLE,1668368943187600970,7B:36:49:D8:2E:1A,-98
BLE,1668368943477422864,7B:36:49:D8:2E:1A,-100
BLE,1668368944333687808,7B:36:49:D8:2E:1A,-88
BLE,1668368946607681425,7B:36:49:D8:2E:1A,-102
BLE,1668368947755107791,7B:36:49:D8:2E:1A,-98
BLE,1668368948903755935,7B:36:49:D8:2E:1A,-100
BLE,1668368950048881284,7B:36:49:D8:2E:1A,-86
BLE,1668368950903718660,7B:36:49:D8:2E:1A,-99
BLE,1668368952055000319,7B:36:49:D8:2E:1A,-98
BLE,1668368956060098172,7B:36:49:D8:2E:1A,-99
BLE,1668368956912720613,7B:36:49:D8:2E:1A,-99
BLE,1668368957202503673,7B:36:49:D8:2E:1A,-96
BLE,1668368958060129479,7B:36:49:D8:2E:1A,-99
BLE,1668368960353986804,7B:36:49:D8:2E:1A,-98
BLE,1668368962922610139,7B:36:49:D8:2E:1A,-87
BLE,1668368964067728988,7B:36:49:D8:2E:1A,-87
BLE,1668368964357539715,7B:36:49:D8:2E:1A,-98
BLE,1668368966360286494,7B:36:49:D8:2E:1A,-101
BLE,1668368967800530805,7B:36:49:D8:2E:1A,-85
BLE,1668368968656524753,7B:36:49:D8:2E:1A,-85
BLE,1668368969510520179,7B:36:49:D8:2E:1A,-98
BLE,1668368971223959600,7B:36:49:D8:2E:1A,-97
BLE,1668368971513751703,7B:36:49:D8:2E:1A,-100
BLE,1668368972371472673,7B:36:49:D8:2E:1A,-98
BLE,1668368973517732468,7B:36:49:D8:2E:1A,-98
BLE,1668368974370028579,7B:36:49:D8:2E:1A,-89
BLE,1668368976085229940,7B:36:49:D8:2E:1A,-98
BLE,1668368976375047001,7B:36:49:D8:2E:1A,-99
BLE,1668368977228897137,7B:36:49:D8:2E:1A,-100
BLE,1668368978380615208,7B:36:49:D8:2E:1A,-97
BLE,1668368979235806914,7B:36:49:D8:2E:1A,-86
BLE,1668368979522532090,7B:36:49:D8:2E:1A,-88
BLE,1668368981529092912,7B:36:49:D8:2E:1A,-100
BLE,1668368982675239083,7B:36:49:D8:2E:1A,-98
BLE,1668368984094044410,7B:36:49:D8:2E:1A,-102
BLE,1668368984947667882,7B:36:49:D8:2E:1A,-87
BLE,1668368985238870720,7B:36:49:D8:2E:1A,-86
BLE,1668368986387838570,7B:36:49:D8:2E:1A,-99
BLE,1668368987243991807,7B:36:49:D8:2E:1A,-99
BLE,1668368988097768652,7B:36:49:D8:2E:1A,-98
BLE,1668368989248410943,7B:36:49:D8:2E:1A,-101
BLE,1668368990689208583,7B:36:49:D8:2E:1A,-101
BLE,1668368990977680824,7B:36:49:D8:2E:1A,-103
BLE,1668368994420188670,7B:36:49:D8:2E:1A,-88
BLE,1668368997010200990,7B:36:49:D8:2E:1A,-99
BLE,1668368998157712063,7B:36:49:D8:2E:1A,-99
BLE,1668368999012505898,7B:36:49:D8:2E:1A,-98
BLE,1668368999301248928,7B:36:49:D8:2E:1A,-98
BLE,1668369000160209303,7B:36:49:D8:2E:1A,-98
BLE,1668369001015216469,7B:36:49:D8:2E:1A,-101
BLE,1668369001871378497,7B:36:49:D8:2E:1A,-100
BLE,1668369006145348963,7B:36:49:D8:2E:1A,-98
BLE,1668369007291458467,7B:36:49:D8:2E:1A,-97
BLE,1668369008438916416,7B:36:49:D8:2E:1A,-102
BLE,1668369009587276939,7B:36:49:D8:2E:1A,-98
BLE,1668369011591470328,7B:36:49:D8:2E:1A,-88
BLE,1668369011881269972,7B:36:49:D8:2E:1A,-99
BLE,1668369013322636855,7B:36:49:D8:2E:1A,-100
BLE,1668369014470096054,7B:36:49:D8:2E:1A,-88
BLE,1668369015616464515,7B:36:49:D8:2E:1A,-86
BLE,1668369015906257409,7B:36:49:D8:2E:1A,-87
BLE,1668369017350120058,7B:36:49:D8:2E:1A,-99
BLE,1668369018495227073,7B:36:49:D8:2E:1A,-98
BLE,1668369021064017907,7B:36:49:D8:2E:1A,-99
BLE,1668369022211472147,7B:36:49:D8:2E:1A,-99
BLE,1668369022501320124,7B:36:49:D8:2E:1A,-99
BLE,1668369024235265665,7B:36:49:D8:2E:1A,-101
BLE,1668369025383963726,7B:36:49:D8:2E:1A,-98
BLE,1668369026531610964,7B:36:49:D8:2E:1A,-100
BLE,1668369026821434817,7B:36:49:D8:2E:1A,-98
BLE,1668369027111000046,7B:36:49:D8:2E:1A,-87
BLE,1668369027673970467,7B:36:49:D8:2E:1A,-88
BLE,1668369027965936588,7B:36:49:D8:2E:1A,-86
BLE,1668369029119789387,7B:36:49:D8:2E:1A,-86
BLE,1668369029408423043,7B:36:49:D8:2E:1A,-88
BLE,1668369029699075220,7B:36:49:D8:2E:1A,-88
BLE,1668369033414132682,7B:36:49:D8:2E:1A,-97
BLE,1668369033704114574,7B:36:49:D8:2E:1A,-100
BLE,1668369034560248311,7B:36:49:D8:2E:1A,-99
BLE,1668369037979128278,7B:36:49:D8:2E:1A,-101
BLE,1668369040277890469,7B:36:49:D8:2E:1A,-99
BLE,1668369041421668790,7B:36:49:D8:2E:1A,-87
BLE,1668369042279813798,7B:36:49:D8:2E:1A,-87
BLE,1668369043989727631,7B:36:49:D8:2E:1A,-99
BLE,1668369044842310322,7B:36:49:D8:2E:1A,-86
BLE,1668369045991652960,7B:36:49:D8:2E:1A,-98
BLE,1668369049140495035,7B:36:49:D8:2E:1A,-100
BLE,1668369051437289997,7B:36:49:D8:2E:1A,-98
BLE,1668369053732998345,7B:36:49:D8:2E:1A,-100
BLE,1668369054585953990,7B:36:49:D8:2E:1A,-98
BLE,1668369055149576320,7B:36:49:D8:2E:1A,-99
BLE,1668369058863035548,7B:36:49:D8:2E:1A,-87
BLE,1668369059719113869,7B:36:49:D8:2E:1A,-99
BLE,1668369060573136379,7B:36:49:D8:2E:1A,-103
BLE,1668369060862899982,7B:36:49:D8:2E:1A,-100
BLE,1668369063745563583,7B:36:49:D8:2E:1A,-98
BLE,1668369066893507959,7B:36:49:D8:2E:1A,-97
BLE,1668369068337446399,7B:36:49:D8:2E:1A,-99
BLE,1668369069192977768,7B:36:49:D8:2E:1A,-102
BLE,1668369069480494769,7B:36:49:D8:2E:1A,-88
BLE,1668369070340477800,7B:36:49:D8:2E:1A,-87
BLE,1668369070629236955,7B:36:49:D8:2E:1A,-87
BLE,1668369070919145556,7B:36:49:D8:2E:1A,-88
BLE,1668369072068143781,7B:36:49:D8:2E:1A,-99
BLE,1668369072634133461,7B:36:49:D8:2E:1A,-98
BLE,1668369073489180585,7B:36:49:D8:2E:1A,-99
BLE,1668369076075054656,7B:36:49:D8:2E:1A,-100
BLE,1668369076929910907,7B:36:49:D8:2E:1A,-98
BLE,1668369078369355811,7B:36:49:D8:2E:1A,-87
BLE,1668369078659245454,7B:36:49:D8:2E:1A,-88
BLE,1668369079807792683,7B:36:49:D8:2E:1A,-83
BLE,1668369081251356919,7B:36:49:D8:2E:1A,-88
BLE,1668369082102828538,7B:36:49:D8:2E:1A,-101
BLE,1668369084106785679,7B:36:49:D8:2E:1A,-98
BLE,1668369085254209295,7B:36:49:D8:2E:1A,-100
BLE,1668369086404171635,7B:36:49:D8:2E:1A,-99
BLE,1668369086692865499,7B:36:49:D8:2E:1A,-102
BLE,1668369088132605816,7B:36:49:D8:2E:1A,-99
BLE,1668369088992919010,7B:36:49:D8:2E:1A,-101
BLE,1668369090135551384,7B:36:49:D8:2E:1A,-99
BLE,1668369090994123513,7B:36:49:D8:2E:1A,-99
BLE,1668369091285304351,7B:36:49:D8:2E:1A,-98
BLE,1668369091575276868,7B:36:49:D8:2E:1A,-98
BLE,1668369092430524948,7B:36:49:D8:2E:1A,-85
BLE,1668369093580377164,7B:36:49:D8:2E:1A,-86
BLE,1668369094726759249,7B:36:49:D8:2E:1A,-100
BLE,1668369095581708415,7B:36:49:D8:2E:1A,-98
BLE,1668369098731345857,7B:36:49:D8:2E:1A,-88
BLE,1668369099296270424,7B:36:49:D8:2E:1A,-98
BLE,1668369101298941078,7B:36:49:D8:2E:1A,-89
BLE,1668369101863014487,7B:36:49:D8:2E:1A,-98
BLE,1668369102152474593,7B:36:49:D8:2E:1A,-98
BLE,1668369103299293340,7B:36:49:D8:2E:1A,-102
BLE,1668369103590390304,7B:36:49:D8:2E:1A,-99
BLE,1668369105885556574,7B:36:49:D8:2E:1A,-100
BLE,1668369106451696503,7B:36:49:D8:2E:1A,-89
BLE,1668369106742941215,7B:36:49:D8:2E:1A,-84
BLE,1668369109330551685,7B:36:49:D8:2E:1A,-87
BLE,1668369110476846938,7B:36:49:D8:2E:1A,-99
BLE,1668369111627487521,7B:36:49:D8:2E:1A,-88
BLE,1668369111915273019,7B:36:49:D8:2E:1A,-86
BLE,1668369113630100259,7B:36:49:D8:2E:1A,-86
BLE,1668369114773365418,7B:36:49:D8:2E:1A,-99
BLE,1668369117901506584,7B:36:49:D8:2E:1A,-98
BLE,1668369119905802388,7B:36:49:D8:2E:1A,-88
BLE,1668369120763899064,7B:36:49:D8:2E:1A,-88
BLE,1668369121617684576,7B:36:49:D8:2E:1A,-97
BLE,1668369121908055964,7B:36:49:D8:2E:1A,-101
BLE,1668369123055555787,7B:36:49:D8:2E:1A,-86
BLE,1668369124205736541,7B:36:49:D8:2E:1A,-89
BLE,1668369124495563685,7B:36:49:D8:2E:1A,-97
BLE,1668369125349332281,7B:36:49:D8:2E:1A,-98
BLE,1668369126207038168,7B:36:49:D8:2E:1A,-99
BLE,1668369126493395348,7B:36:49:D8:2E:1A,-95
BLE,1668369128207038309,7B:36:49:D8:2E:1A,-88
BLE,1668369128772092749,7B:36:49:D8:2E:1A,-97
BLE,1668369129062393679,7B:36:49:D8:2E:1A,-100
BLE,1668369129918899455,7B:36:49:D8:2E:1A,-87
BLE,1668369131628883120,7B:36:49:D8:2E:1A,-87
BLE,1668369132777666972,7B:36:49:D8:2E:1A,-98
BLE,1668369133921943912,7B:36:49:D8:2E:1A,-97
BLE,1668369134488274006,7B:36:49:D8:2E:1A,-99
BLE,1668369135342122975,7B:36:49:D8:2E:1A,-98
BLE,1668369136194443502,7B:36:49:D8:2E:1A,-98
BLE,1668369136485658673,7B:36:49:D8:2E:1A,-99
BLE,1668369137637182038,7B:36:49:D8:2E:1A,-99
BLE,1668369138492023081,7B:36:49:D8:2E:1A,-90
BLE,1668369138781930724,7B:36:49:D8:2E:1A,-87
BLE,1668369141642161267,7B:36:49:D8:2E:1A,-86
BLE,1668369142787088618,7B:36:49:D8:2E:1A,-99
BLE,1668369143937254538,7B:36:49:D8:2E:1A,-99
BLE,1668369145081295607,7B:36:49:D8:2E:1A,-99
BLE,1668369145941351345,7B:36:49:D8:2E:1A,-99
BLE,1668369147358132651,7B:36:49:D8:2E:1A,-99
BLE,1668369147646161147,7B:36:49:D8:2E:1A,-97
BLE,1668369148502657006,7B:36:49:D8:2E:1A,-100
BLE,1668369149068231190,7B:36:49:D8:2E:1A,-97
BLE,1668369149923247773,7B:36:49:D8:2E:1A,-100
BLE,1668369151925218101,7B:36:49:D8:2E:1A,-99
BLE,1668369152215662405,7B:36:49:D8:2E:1A,-86
BLE,1668369153073373210,7B:36:49:D8:2E:1A,-87
BLE,1668369153364423924,7B:36:49:D8:2E:1A,-87
BLE,1668369154513194568,7B:36:49:D8:2E:1A,-88
BLE,1668369154800852359,7B:36:49:D8:2E:1A,-88
BLE,1668369156807637179,7B:36:49:D8:2E:1A,-88
BLE,1668369157662711761,7B:36:49:D8:2E:1A,-99
BLE,1668369158519568907,7B:36:49:D8:2E:1A,-86
BLE,1668369159372662968,7B:36:49:D8:2E:1A,-87
BLE,1668369161079731330,7B:36:49:D8:2E:1A,-100
BLE,1668369161935409031,7B:36:49:D8:2E:1A,-88
BLE,1668369163080820793,7B:36:49:D8:2E:1A,-99
BLE,1668369163938342349,7B:36:49:D8:2E:1A,-100
BLE,1668369165083244825,7B:36:49:D8:2E:1A,-87
BLE,1668369165652110600,7B:36:49:D8:2E:1A,-101
BLE,1668369166799804463,7B:36:49:D8:2E:1A,-99
BLE,1668369168508543808,7B:36:49:D8:2E:1A,-98
BLE,1668369169365194790,7B:36:49:D8:2E:1A,-100
BLE,1668369170509539105,7B:36:49:D8:2E:1A,-97
BLE,1668369173659153505,7B:36:49:D8:2E:1A,-86
BLE,1668369175661672953,7B:36:49:D8:2E:1A,-98
BLE,1668369177099413291,7B:36:49:D8:2E:1A,-99
BLE,1668369177954581539,7B:36:49:D8:2E:1A,-98
BLE,1668369178811936472,7B:36:49:D8:2E:1A,-99
BLE,1668369179667078303,7B:36:49:D8:2E:1A,-88
BLE,1668369180813350931,7B:36:49:D8:2E:1A,-99
BLE,1668369181666816196,7B:36:49:D8:2E:1A,-101
BLE,1668369182525483824,7B:36:49:D8:2E:1A,-86
BLE,1668369182814392060,7B:36:49:D8:2E:1A,-100
BLE,1668369183673841305,7B:36:49:D8:2E:1A,-87
BLE,1668369184818345451,7B:36:49:D8:2E:1A,-97
BLE,1668369186529612770,7B:36:49:D8:2E:1A,-100
BLE,1668369186820328280,7B:36:49:D8:2E:1A,-99
BLE,1668369187969386087,7B:36:49:D8:2E:1A,-100
BLE,1668369189119710506,7B:36:49:D8:2E:1A,-99
BLE,1668369189409432943,7B:36:49:D8:2E:1A,-97
BLE,1668369190554465167,7B:36:49:D8:2E:1A,-99
BLE,1668369191704273050,7B:36:49:D8:2E:1A,-98
BLE,1668369194854635734,7B:36:49:D8:2E:1A,-87
BLE,1668369195710915095,7B:36:49:D8:2E:1A,-100
BLE,1668369197439666148,7B:36:49:D8:2E:1A,-99
BLE,1668369198591627216,7B:36:49:D8:2E:1A,-99
BLE,1668369198880741034,7B:36:49:D8:2E:1A,-97
BLE,1668369200591082279,7B:36:49:D8:2E:1A,-99
BLE,1668369201445979446,7B:36:49:D8:2E:1A,-100
BLE,1668369202592362156,7B:36:49:D8:2E:1A,-89
BLE,1668369203739820897,7B:36:49:D8:2E:1A,-90
BLE,1668369205162279561,7B:36:49:D8:2E:1A,-98
BLE,1668369205449649481,7B:36:49:D8:2E:1A,-102
BLE,1668369206017158478,7B:36:49:D8:2E:1A,-101
BLE,1668369207163619313,7B:36:49:D8:2E:1A,-86
BLE,1668369209726077587,7B:36:49:D8:2E:1A,-99
BLE,1668369211166035527,7B:36:49:D8:2E:1A,-100
BLE,1668369212019720915,7B:36:49:D8:2E:1A,-89
BLE,1668369214879199842,7B:36:49:D8:2E:1A,-87
BLE,1668369215738116758,7B:36:49:D8:2E:1A,-101
BLE,1668369216027475199,7B:36:49:D8:2E:1A,-98
BLE,1668369217447824468,7B:36:49:D8:2E:1A,-102
BLE,1668369218301710604,7B:36:49:D8:2E:1A,-97
BLE,1668369218590962587,7B:36:49:D8:2E:1A,-99
BLE,1668369219447212157,7B:36:49:D8:2E:1A,-99
BLE,1668369221449951269,7B:36:49:D8:2E:1A,-88
BLE,1668369222303651781,7B:36:49:D8:2E:1A,-100
BLE,1668369223158639156,7B:36:49:D8:2E:1A,-88
BLE,1668369224012254836,7B:36:49:D8:2E:1A,-87
BLE,1668369225452470732,7B:36:49:D8:2E:1A,-88
BLE,1668369226601500456,7B:36:49:D8:2E:1A,-97
BLE,1668369228607298369,7B:36:49:D8:2E:1A,-100
BLE,1668369229754828193,7B:36:49:D8:2E:1A,-99
BLE,1668369230899847959,7B:36:49:D8:2E:1A,-88
BLE,1668369233464938206,7B:36:49:D8:2E:1A,-88
BLE,1668369234321233483,7B:36:49:D8:2E:1A,-86
BLE,1668369234612265073,7B:36:49:D8:2E:1A,-86
BLE,1668369236613718240,7B:36:49:D8:2E:1A,-99
BLE,1668369237179683045,7B:36:49:D8:2E:1A,-98
BLE,1668369238324957434,7B:36:49:D8:2E:1A,-99
BLE,1668369239177326210,7B:36:49:D8:2E:1A,-98
BLE,1668369240034910308,7B:36:49:D8:2E:1A,-99
BLE,1668369241478653458,7B:36:49:D8:2E:1A,-99
BLE,1668369242623717973,7B:36:49:D8:2E:1A,-98
BLE,1668369243767445170,7B:36:49:D8:2E:1A,-100
BLE,1668369244623024163,7B:36:49:D8:2E:1A,-86
BLE,1668369245477558000,7B:36:49:D8:2E:1A,-99
BLE,1668369246338029859,7B:36:49:D8:2E:1A,-98
BLE,1668369246626613558,7B:36:49:D8:2E:1A,-98
BLE,1668369248630054121,7B:36:49:D8:2E:1A,-86
BLE,1668369251217563259,7B:36:49:D8:2E:1A,-88
BLE,1668369251507576192,7B:36:49:D8:2E:1A,-97
BLE,1668369252076284053,7B:36:49:D8:2E:1A,-100
BLE,1668369252362196654,7B:36:49:D8:2E:1A,-100
BLE,1668369253220968614,7B:36:49:D8:2E:1A,-98
BLE,1668369254371348949,7B:36:49:D8:2E:1A,-98
BLE,1668369254658456996,7B:36:49:D8:2E:1A,-86
BLE,1668369255516014260,7B:36:49:D8:2E:1A,-85
BLE,1668369256955750661,7B:36:49:D8:2E:1A,-98
BLE,1668369258394851943,7B:36:49:D8:2E:1A,-99
BLE,1668369259812266785,7B:36:49:D8:2E:1A,-101
BLE,1668369260963744400,7B:36:49:D8:2E:1A,-99
BLE,1668369261813534537,7B:36:49:D8:2E:1A,-97
BLE,1668369262961274317,7B:36:49:D8:2E:1A,-89
BLE,1668369263528653691,7B:36:49:D8:2E:1A,-88
BLE,1668369263818591708,7B:36:49:D8:2E:1A,-101
BLE,1668369264963564767,7B:36:49:D8:2E:1A,-86
BLE,1668369265531153764,7B:36:49:D8:2E:1A,-97
BLE,1668369266385980348,7B:36:49:D8:2E:1A,-87
BLE,1668369267239826567,7B:36:49:D8:2E:1A,-98
BLE,1668369267528474974,7B:36:49:D8:2E:1A,-100
BLE,1668369268095985846,7B:36:49:D8:2E:1A,-89
BLE,1668369268384661002,7B:36:49:D8:2E:1A,-87
BLE,1668369269240967155,7B:36:49:D8:2E:1A,-87
BLE,1668369270386175835,7B:36:49:D8:2E:1A,-99
BLE,1668369270953515876,7B:36:49:D8:2E:1A,-97
BLE,1668369272680840486,7B:36:49:D8:2E:1A,-87
BLE,1668369275835673873,7B:36:49:D8:2E:1A,-86
BLE,1668369277249978956,7B:36:49:D8:2E:1A,-88
BLE,1668369277816039386,7B:36:49:D8:2E:1A,-98
BLE,1668369278105946070,7B:36:49:D8:2E:1A,-97
BLE,1668369278958694093,7B:36:49:D8:2E:1A,-99
BLE,1668369280109814837,7B:36:49:D8:2E:1A,-98
BLE,1668369280966234571,7B:36:49:D8:2E:1A,-99
BLE,1668369282113660271,7B:36:49:D8:2E:1A,-98
BLE,1668369282404322198,7B:36:49:D8:2E:1A,-98
BLE,1668369282694306881,7B:36:49:D8:2E:1A,-99
BLE,1668369283260739390,7B:36:49:D8:2E:1A,-99
BLE,1668369283549889583,7B:36:49:D8:2E:1A,-100
BLE,1668369284408583544,7B:36:49:D8:2E:1A,-88
BLE,1668369284697290116,7B:36:49:D8:2E:1A,-85
BLE,1668369285556319156,7B:36:49:D8:2E:1A,-87
BLE,1668369286991261774,7B:36:49:D8:2E:1A,-86
BLE,1668369287558764605,7B:36:49:D8:2E:1A,-98
BLE,1668369287846240731,7B:36:49:D8:2E:1A,-99
BLE,1668369288411207964,7B:36:49:D8:2E:1A,-99
BLE,1668369288701283314,7B:36:49:D8:2E:1A,-98
BLE,1668369289561203428,7B:36:49:D8:2E:1A,-98
BLE,1668369290708865958,7B:36:49:D8:2E:1A,-87
BLE,1668369290999499927,7B:36:49:D8:2E:1A,-87
BLE,1668369291854418136,7B:36:49:D8:2E:1A,-86
BLE,1668369293003880230,7B:36:49:D8:2E:1A,-99
BLE,1668369293291947351,7B:36:49:D8:2E:1A,-98
BLE,1668369294150955933,7B:36:49:D8:2E:1A,-98
BLE,1668369295293917513,7B:36:49:D8:2E:1A,-87
BLE,1668369296148830888,7B:36:49:D8:2E:1A,-86
BLE,1668369297005286497,7B:36:49:D8:2E:1A,-99
BLE,1668369297295799425,7B:36:49:D8:2E:1A,-98
BLE,1668369297862447599,7B:36:49:D8:2E:1A,-87
BLE,1668369298713401848,7B:36:49:D8:2E:1A,-100
BLE,1668369299572600554,7B:36:49:D8:2E:1A,-97
BLE,1668369299863045775,7B:36:49:D8:2E:1A,-99
BLE,1668369301011469755,7B:36:49:D8:2E:1A,-98
BLE,1668369302156669144,7B:36:49:D8:2E:1A,-100
BLE,1668369303015048067,7B:36:49:D8:2E:1A,-98
BLE,1668369303869105201,7B:36:49:D8:2E:1A,-100
BLE,1668369305017628597,7B:36:49:D8:2E:1A,-88
BLE,1668369305870263579,7B:36:49:D8:2E:1A,-96
BLE,1668369307288870700,7B:36:49:D8:2E:1A,-87
BLE,1668369307579403753,7B:36:49:D8:2E:1A,-98
BLE,1668369308732107314,7B:36:49:D8:2E:1A,-87
BLE,1668369309022574535,7B:36:49:D8:2E:1A,-97
BLE,1668369309313794664,7B:36:49:D8:2E:1A,-98
BLE,1668369310169095410,7B:36:49:D8:2E:1A,-98
BLE,1668369312170241580,7B:36:49:D8:2E:1A,-98
BLE,1668369313029613242,7B:36:49:D8:2E:1A,-98
BLE,1668369313319304929,7B:36:49:D8:2E:1A,-98
BLE,1668369314738284255,7B:36:49:D8:2E:1A,-98
BLE,1668369315028085107,7B:36:49:D8:2E:1A,-100
BLE,1668369315886252573,7B:36:49:D8:2E:1A,-97
BLE,1668369316176798793,7B:36:49:D8:2E:1A,-88
BLE,1668369316466785560,7B:36:49:D8:2E:1A,-99
BLE,1668369318199536988,7B:36:49:D8:2E:1A,-97
BLE,1668369319058893609,7B:36:49:D8:2E:1A,-85
BLE,1668369319346486443,7B:36:49:D8:2E:1A,-88
BLE,1668369321080692730,7B:36:49:D8:2E:1A,-87
BLE,1668369323376517535,7B:36:49:D8:2E:1A,-98
BLE,1668369327113989846,7B:36:49:D8:2E:1A,-88
BLE,1668369328260330098,7B:36:49:D8:2E:1A,-98
BLE,1668369329404411458,7B:36:49:D8:2E:1A,-96
BLE,1668369330264045367,7B:36:49:D8:2E:1A,-99
BLE,1668369332555369761,7B:36:49:D8:2E:1A,-99
BLE,1668369333413279855,7B:36:49:D8:2E:1A,-101
BLE,1668369334267059075,7B:36:49:D8:2E:1A,-85
BLE,1668369335707877589,7B:36:49:D8:2E:1A,-88
BLE,1668369336561460187,7B:36:49:D8:2E:1A,-99
BLE,1668369337416050982,7B:36:49:D8:2E:1A,-97
BLE,1668369337980892215,7B:36:49:D8:2E:1A,-98
BLE,1668369339421104444,7B:36:49:D8:2E:1A,-87
BLE,1668369340566363458,7B:36:49:D8:2E:1A,-87
BLE,1668369342277361905,7B:36:49:D8:2E:1A,-99
BLE,1668369342567066466,7B:36:49:D8:2E:1A,-98
BLE,1668369343422073466,7B:36:49:D8:2E:1A,-101
BLE,1668369343988543599,7B:36:49:D8:2E:1A,-102
BLE,1668369344279663729,7B:36:49:D8:2E:1A,-97
BLE,1668369346577810510,7B:36:49:D8:2E:1A,-99
BLE,1668369347720238637,7B:36:49:D8:2E:1A,-87
BLE,1668369348580336541,7B:36:49:D8:2E:1A,-98
BLE,1668369348872070165,7B:36:49:D8:2E:1A,-101
BLE,1668369349433801306,7B:36:49:D8:2E:1A,-98
BLE,1668369349723503910,7B:36:49:D8:2E:1A,-98
BLE,1668369350871482895,7B:36:49:D8:2E:1A,-102
BLE,1668369351437279911,7B:36:49:D8:2E:1A,-89
BLE,1668369352000104374,7B:36:49:D8:2E:1A,-98
BLE,1668369353730735324,7B:36:49:D8:2E:1A,-99
BLE,1668369354021340418,7B:36:49:D8:2E:1A,-101
BLE,1668369354875240304,7B:36:49:D8:2E:1A,-100
BLE,1668369355731502665,7B:36:49:D8:2E:1A,-98
BLE,1668369357462759775,7B:36:49:D8:2E:1A,-98
BLE,1668369359759897566,7B:36:49:D8:2E:1A,-100
BLE,1668369360905215371,7B:36:49:D8:2E:1A,-100
BLE,1668369361764037789,7B:36:49:D8:2E:1A,-99
BLE,1668369362053845308,7B:36:49:D8:2E:1A,-97
BLE,1668369363201322173,7B:36:49:D8:2E:1A,-87
BLE,1668369364351532052,7B:36:49:D8:2E:1A,-100
BLE,1668369364640170583,7B:36:49:D8:2E:1A,-86
BLE,1668369365206353678,7B:36:49:D8:2E:1A,-99
BLE,1668369365496292362,7B:36:49:D8:2E:1A,-88
BLE,1668369368062791761,7B:36:49:D8:2E:1A,-97
BLE,1668369370067300230,7B:36:49:D8:2E:1A,-98
BLE,1668369371777397477,7B:36:49:D8:2E:1A,-99
BLE,1668369372067176163,7B:36:49:D8:2E:1A,-85
BLE,1668369372925544627,7B:36:49:D8:2E:1A,-99
BLE,1668369373777951945,7B:36:49:D8:2E:1A,-100
BLE,1668369374069696319,7B:36:49:D8:2E:1A,-101
BLE,1668369375781272718,7B:36:49:D8:2E:1A,-86
BLE,1668369377493742065,7B:36:49:D8:2E:1A,-89
BLE,1668369378634927621,7B:36:49:D8:2E:1A,-99
BLE,1668369379489787247,7B:36:49:D8:2E:1A,-85
BLE,1668369380346217607,7B:36:49:D8:2E:1A,-100
BLE,1668369380912824780,7B:36:49:D8:2E:1A,-86
BLE,1668369381765286723,7B:36:49:D8:2E:1A,-87
BLE,1668369382623784144,7B:36:49:D8:2E:1A,-89
BLE,1668369382911081148,7B:36:49:D8:2E:1A,-98
BLE,1668369386356785085,7B:36:49:D8:2E:1A,-87
BLE,1668369387213792438,7B:36:49:D8:2E:1A,-86
BLE,1668369390358075894,7B:36:49:D8:2E:1A,-99
BLE,1668369393490512723,7B:36:49:D8:2E:1A,-99
BLE,1668369393782183681,7B:36:49:D8:2E:1A,-87
BLE,1668369394072134866,7B:36:49:D8:2E:1A,-89
BLE,1668369395515514812,7B:36:49:D8:2E:1A,-85
BLE,1668369396956125578,7B:36:49:D8:2E:1A,-99
BLE,1668369398100622058,7B:36:49:D8:2E:1A,-99
BLE,1668369398666100910,7B:36:49:D8:2E:1A,-99
BLE,1668369398954657401,7B:36:49:D8:2E:1A,-97
BLE,1668369399812723409,7B:36:49:D8:2E:1A,-99
BLE,1668369400959856028,7B:36:49:D8:2E:1A,-97
BLE,1668369402105517413,7B:36:49:D8:2E:1A,-99
BLE,1668369403815649660,7B:36:49:D8:2E:1A,-99
BLE,1668369404965475584,7B:36:49:D8:2E:1A,-86
BLE,1668369405816769039,7B:36:49:D8:2E:1A,-87
BLE,1668369406381643731,7B:36:49:D8:2E:1A,-88
BLE,1668369407237972425,7B:36:49:D8:2E:1A,-99
BLE,1668369407527162158,7B:36:49:D8:2E:1A,-102
BLE,1668369410114388883,7B:36:49:D8:2E:1A,-97
BLE,1668369410402895749,7B:36:49:D8:2E:1A,-98
BLE,1668369410970302414,7B:36:49:D8:2E:1A,-99
BLE,1668369412676876323,7B:36:49:D8:2E:1A,-97
BLE,1668369413534792417,7B:36:49:D8:2E:1A,-99
BLE,1668369413824269939,7B:36:49:D8:2E:1A,-97
BLE,1668369414680956629,7B:36:49:D8:2E:1A,-99
BLE,1668369416388195615,7B:36:49:D8:2E:1A,-89
BLE,1668369417247252364,7B:36:49:D8:2E:1A,-87
BLE,1668369418099448226,7B:36:49:D8:2E:1A,-87
BLE,1668369418957407986,7B:36:49:D8:2E:1A,-88
BLE,1668369419247231005,7B:36:49:D8:2E:1A,-87
BLE,1668369420956358012,7B:36:49:D8:2E:1A,-88
BLE,1668369421521835114,7B:36:49:D8:2E:1A,-101
BLE,1668369422671929744,7B:36:49:D8:2E:1A,-100
BLE,1668369424966220899,7B:36:49:D8:2E:1A,-99
BLE,1668369425255577881,7B:36:49:D8:2E:1A,-88
BLE,1668369427551828098,7B:36:49:D8:2E:1A,-87
BLE,1668369428698673262,7B:36:49:D8:2E:1A,-100
BLE,1668369429555115371,7B:36:49:D8:2E:1A,-96
BLE,1668369430408729843,7B:36:49:D8:2E:1A,-98
BLE,1668369431265371533,7B:36:49:D8:2E:1A,-99
BLE,1668369432117661728,7B:36:49:D8:2E:1A,-101
BLE,1668369432682918291,7B:36:49:D8:2E:1A,-97
BLE,1668369432971145701,7B:36:49:D8:2E:1A,-99
BLE,1668369434393208578,7B:36:49:D8:2E:1A,-86
BLE,1668369434684269625,7B:36:49:D8:2E:1A,-86
BLE,1668369436978938151,7B:36:49:D8:2E:1A,-87
BLE,1668369438126462474,7B:36:49:D8:2E:1A,-98
BLE,1668369439836456431,7B:36:49:D8:2E:1A,-101
BLE,1668369440986848850,7B:36:49:D8:2E:1A,-98
BLE,1668369442423774113,7B:36:49:D8:2E:1A,-99
BLE,1668369443570573569,7B:36:49:D8:2E:1A,-99
BLE,1668369444426629765,7B:36:49:D8:2E:1A,-98
BLE,1668369445278903626,7B:36:49:D8:2E:1A,-97
BLE,1668369447286875683,7B:36:49:D8:2E:1A,-88
BLE,1668369447577836566,7B:36:49:D8:2E:1A,-87
BLE,1668369448429235227,7B:36:49:D8:2E:1A,-86
BLE,1668369450436891621,7B:36:49:D8:2E:1A,-100
BLE,1668369451583640120,7B:36:49:D8:2E:1A,-102
BLE,1668369451875422243,7B:36:49:D8:2E:1A,-99
BLE,1668369453020554841,7B:36:49:D8:2E:1A,-100
BLE,1668369453878147897,7B:36:49:D8:2E:1A,-98
BLE,1668369455314373000,7B:36:49:D8:2E:1A,-100
BLE,1668369456463887220,7B:36:49:D8:2E:1A,-86
BLE,1668369457320054665,7B:36:49:D8:2E:1A,-99
BLE,1668369458172522024,7B:36:49:D8:2E:1A,-100
BLE,1668369459320237387,7B:36:49:D8:2E:1A,-98
BLE,1668369461055235917,7B:36:49:D8:2E:1A,-98
BLE,1668369462199533648,7B:36:49:D8:2E:1A,-98
BLE,1668369463352815078,7B:36:49:D8:2E:1A,-98
BLE,1668369465079456487,7B:36:49:D8:2E:1A,-99
BLE,1668369466794519974,7B:36:49:D8:2E:1A,-87
BLE,1668369467940829602,7B:36:49:D8:2E:1A,-100
BLE,1668369468793221836,7B:36:49:D8:2E:1A,-98
BLE,1668369469652230961,7B:36:49:D8:2E:1A,-100
BLE,1668369469942011897,7B:36:49:D8:2E:1A,-98
BLE,1668369470798200967,7B:36:49:D8:2E:1A,-98
BLE,1668369471654327663,7B:36:49:D8:2E:1A,-99
BLE,1668369472509616825,7B:36:49:D8:2E:1A,-97
BLE,1668369473657801434,7B:36:49:D8:2E:1A,-101
BLE,1668369474511357906,7B:36:49:D8:2E:1A,-99
BLE,1668369475366926274,7B:36:49:D8:2E:1A,-98
BLE,1668369477077114479,7B:36:49:D8:2E:1A,-88
BLE,1668369477365724802,7B:36:49:D8:2E:1A,-87
BLE,1668369478807698471,7B:36:49:D8:2E:1A,-98
BLE,1668369479665284110,7B:36:49:D8:2E:1A,-97
BLE,1668369479953738227,7B:36:49:D8:2E:1A,-99
BLE,1668369480811927860,7B:36:49:D8:2E:1A,-99
BLE,1668369481662712236,7B:36:49:D8:2E:1A,-99
BLE,1668369482813293903,7B:36:49:D8:2E:1A,-89
BLE,1668369483104513240,7B:36:49:D8:2E:1A,-100
BLE,1668369483957290679,7B:36:49:D8:2E:1A,-97
BLE,1668369484523246235,7B:36:49:D8:2E:1A,-97
BLE,1668369484814577113,7B:36:49:D8:2E:1A,-97
BLE,1668369485106201530,7B:36:49:D8:2E:1A,-99
BLE,1668369486253923726,7B:36:49:D8:2E:1A,-87
BLE,1668369487675284985,7B:36:49:D8:2E:1A,-88
BLE,1668369487963354397,7B:36:49:D8:2E:1A,-88
BLE,1668369489113399569,7B:36:49:D8:2E:1A,-97
BLE,1668369489968466609,7B:36:49:D8:2E:1A,-99
BLE,1668369490257048433,7B:36:49:D8:2E:1A,-100
BLE,1668369491407544767,7B:36:49:D8:2E:1A,-98
BLE,1668369492850287719,7B:36:49:D8:2E:1A,-88
BLE,1668369493705099471,7B:36:49:D8:2E:1A,-101
BLE,1668369494557698745,7B:36:49:D8:2E:1A,-98
BLE,1668369496265181603,7B:36:49:D8:2E:1A,-88
BLE,1668369497415942226,7B:36:49:D8:2E:1A,-99
BLE,1668369498559637047,7B:36:49:D8:2E:1A,-100
BLE,1668369499999695695,7B:36:49:D8:2E:1A,-100
BLE,1668369500860143595,7B:36:49:D8:2E:1A,-99
BLE,1668369502278386220,7B:36:49:D8:2E:1A,-98
BLE,1668369502567044418,7B:36:49:D8:2E:1A,-99
BLE,1668369503423693192,7B:36:49:D8:2E:1A,-100
BLE,1668369503559604149,41:95:3F:C6:F6:D3,-98
BLE,1668369503847094776,41:95:3F:C6:F6:D3,-102
BLE,1668369504995094844,41:95:3F:C6:F6:D3,-96
BLE,1668369507857859236,41:95:3F:C6:F6:D3,-100
BLE,1668369508146609849,41:95:3F:C6:F6:D3,-102
BLE,1668369508710277221,41:95:3F:C6:F6:D3,-100
BLE,1668369511006055110,41:95:3F:C6:F6:D3,-99
BLE,1668369511297169407,41:95:3F:C6:F6:D3,-99
BLE,1668369511863335543,41:95:3F:C6:F6:D3,-97
BLE,1668369512150800545,41:95:3F:C6:F6:D3,-97
BLE,1668369512717156680,41:95:3F:C6:F6:D3,-99
BLE,1668369513572032514,41:95:3F:C6:F6:D3,-86
BLE,1668369515280432904,41:95:3F:C6:F6:D3,-98
BLE,1668369516719625269,41:95:3F:C6:F6:D3,-87
BLE,1668369517869263153,41:95:3F:C6:F6:D3,-98
BLE,1668369519288475601,41:95:3F:C6:F6:D3,-97
BLE,1668369519575726064,41:95:3F:C6:F6:D3,-99
BLE,1668369520435352431,41:95:3F:C6:F6:D3,-98
BLE,1668369520723989004,41:95:3F:C6:F6:D3,-96
BLE,1668369521577878557,41:95:3F:C6:F6:D3,-96
BLE,1668369527049997276,41:95:3F:C6:F6:D3,-89
BLE,1668369527316944866,41:95:3F:C6:F6:D3,-88
BLE,1668369527882060181,41:95:3F:C6:F6:D3,-97
BLE,1668369528171034459,41:95:3F:C6:F6:D3,-89
BLE,1668369529612151595,41:95:3F:C6:F6:D3,-99
BLE,1668369530177121660,41:95:3F:C6:F6:D3,-98
BLE,1668369531031815663,41:95:3F:C6:F6:D3,-88
BLE,1668369531886617873,41:95:3F:C6:F6:D3,-88
BLE,1668369533327150723,41:95:3F:C6:F6:D3,-86
BLE,1668369535058080837,41:95:3F:C6:F6:D3,-87
BLE,1668369535914566154,41:95:3F:C6:F6:D3,-85
BLE,1668369537057952270,41:95:3F:C6:F6:D3,-99
BLE,1668369537915059581,41:95:3F:C6:F6:D3,-89
BLE,1668369538771989352,41:95:3F:C6:F6:D3,-88
BLE,1668369540189691065,41:95:3F:C6:F6:D3,-97
BLE,1668369542484707712,41:95:3F:C6:F6:D3,-99
BLE,1668369543923501081,41:95:3F:C6:F6:D3,-97
BLE,1668369546779922040,41:95:3F:C6:F6:D3,-97
BLE,1668369547634803373,41:95:3F:C6:F6:D3,-87
BLE,1668369547926031127,41:95:3F:C6:F6:D3,-87
BLE,1668369549638661682,41:95:3F:C6:F6:D3,-98
BLE,1668369551081916254,41:95:3F:C6:F6:D3,-98
BLE,1668369552224325921,41:95:3F:C6:F6:D3,-86
BLE,1668369553959415778,41:95:3F:C6:F6:D3,-98
BLE,1668369554814208152,41:95:3F:C6:F6:D3,-98
BLE,1668369555103436052,41:95:3F:C6:F6:D3,-88
BLE,1668369556525582590,41:95:3F:C6:F6:D3,-98
BLE,1668369556813483920,41:95:3F:C6:F6:D3,-98
BLE,1668369557964914367,41:95:3F:C6:F6:D3,-86
BLE,1668369558818492712,41:95:3F:C6:F6:D3,-87
BLE,1668369560526207646,41:95:3F:C6:F6:D3,-86
BLE,1668369561676691978,41:95:3F:C6:F6:D3,-100
BLE,1668369562823897051,41:95:3F:C6:F6:D3,-87
BLE,1668369565705573739,41:95:3F:C6:F6:D3,-84
BLE,1668369566850011758,41:95:3F:C6:F6:D3,-88
BLE,1668369567709356502,41:95:3F:C6:F6:D3,-99
BLE,1668369568854946551,41:95:3F:C6:F6:D3,-87
BLE,1668369569709313554,41:95:3F:C6:F6:D3,-98
BLE,1668369570272873008,41:95:3F:C6:F6:D3,-99
BLE,1668369571126663601,41:95:3F:C6:F6:D3,-98
BLE,1668369573129343709,41:95:3F:C6:F6:D3,-87
BLE,1668369573984107125,41:95:3F:C6:F6:D3,-99
BLE,1668369575129757590,41:95:3F:C6:F6:D3,-99
BLE,1668369576570502185,41:95:3F:C6:F6:D3,-88
BLE,1668369578574282989,41:95:3F:C6:F6:D3,-98
BLE,1668369579427932167,41:95:3F:C6:F6:D3,-99
BLE,1668369579993624224,41:95:3F:C6:F6:D3,-97
BLE,1668369580283618532,41:95:3F:C6:F6:D3,-98
BLE,1668369582283685625,41:95:3F:C6:F6:D3,-100
BLE,1668369583139857318,41:95:3F:C6:F6:D3,-87
BLE,1668369586021309800,41:95:3F:C6:F6:D3,-100
BLE,1668369586878629023,41:95:3F:C6:F6:D3,-90
BLE,1668369588023727577,41:95:3F:C6:F6:D3,-97
BLE,1668369588877700710,41:95:3F:C6:F6:D3,-96
BLE,1668369589169289418,41:95:3F:C6:F6:D3,-98
BLE,1668369590320441242,41:95:3F:C6:F6:D3,-98
BLE,1668369592613186949,41:95:3F:C6:F6:D3,-98
BLE,1668369593760636270,41:95:3F:C6:F6:D3,-88
BLE,1668369594911193850,41:95:3F:C6:F6:D3,-89
BLE,1668369595767617665,41:95:3F:C6:F6:D3,-98
BLE,1668369596056829982,41:95:3F:C6:F6:D3,-97
BLE,1668369596913138132,41:95:3F:C6:F6:D3,-100
BLE,1668369598062583140,41:95:3F:C6:F6:D3,-97
BLE,1668369598348675864,41:95:3F:C6:F6:D3,-98
BLE,1668369598916128819,41:95:3F:C6:F6:D3,-88
BLE,1668369599767395272,41:95:3F:C6:F6:D3,-90
BLE,1668369601211813662,41:95:3F:C6:F6:D3,-98